500
812
-17.9878
-18.9642
-19.9224
-21.1414
-22.4331
-23.3065
-24.1616
-25.0228
-25.417
-25.4715
-25.605
-25.3927
-24.7923
-24.3193
-23.8644
-23.0396
-22.4453
-22.1542
-21.7418
-21.4325
-21.578
-21.7054
-21.6872
-21.9358
-22.1784
-21.9419
-21.6447
-21.2991
-20.5046
-19.4311
-18.4729
-17.2903
-15.9318
-14.9069
-14.0882
-13.1846
-12.6509
-12.566
-12.4568
-12.4811
-12.8753
-13.136
-13.1482
-13.318
-13.3847
-12.9056
-12.378
-11.8928
-10.9649
-9.86112
-9.09091
-8.10238
-7.02893
-6.32543
-5.87665
-5.25199
-4.94269
-5.00334
-4.95482
-5.0094
-5.47638
-5.85239
-6.1253
-6.65899
-7.25939
-7.5323
-7.90224
-8.40561
-8.66639
-8.87259
-9.41841
-9.9339
-10.4251
-11.3591
-12.5781
-13.7971
-15.386
-17.3025
-19.1461
-20.9655
-23.0093
-24.6892
-25.8597
-26.9634
-27.7215
-27.7215
-27.5032
-27.1211
-26.1932
-25.1319
-24.3375
-23.5187
-22.6757
-22.3301
-22.4513
-22.5362
-22.979
-23.7249
-24.2404
-24.58
-24.9075
-24.6589
-23.7674
-22.5787
-20.9352
-18.5457
-15.9622
-13.3422
-10.4069
-7.45952
-5.02153
-2.74729
-0.69137
0.69137
1.56468
2.22573
2.28031
1.65565
0.818728
-0.345685
-2.22573
-4.3059
-6.4346
-9.00601
-11.7048
-14.07
-16.4231
-18.7095
-20.3287
-21.4325
-22.2573
-22.4695
-21.8873
-21.1535
-20.1346
-18.6367
-17.2418
-16.0956
-14.9433
-14.1185
-13.9851
-14.1306
-14.5127
-15.4952
-16.787
-17.8543
-19.0976
-20.3712
-21.2081
-21.578
-21.8873
-21.6508
-20.8867
-20.074
-19.1582
-17.824
-16.6414
-15.7984
-14.9433
-14.2701
-14.1913
-14.2701
-14.4885
-15.1859
-16.1441
-16.8901
-17.8665
-18.9217
-19.607
-20.0861
-20.6016
-20.5895
-20.0619
-19.4433
-18.5214
-17.0053
-15.4467
-13.9002
-12.0505
-10.225
-8.818
-7.48378
-6.24053
-5.51883
-5.1125
-4.68798
-4.58488
-4.82746
-4.88205
-4.88205
-5.19134
-5.28231
-5.12463
-5.13676
-5.19134
-4.86385
-4.68798
-4.69404
-4.49997
-4.27558
-4.37261
-4.34836
-4.19674
-4.3059
-4.45145
-4.34229
-4.35442
-4.40294
-4.10577
-3.68731
-3.39621
-2.82006
-1.89217
-1.1159
-0.363879
0.667112
1.407
1.77088
2.11656
2.18327
1.64352
0.867245
-0.0363879
-1.35242
-2.83219
-4.09364
-5.38541
-6.67112
-7.46559
-7.93257
-8.46019
-8.61787
-8.39954
-8.38741
-8.40561
-8.19335
-8.28432
-8.73916
-9.22434
-9.91571
-11.1165
-12.3961
-13.7
-15.3375
-17.1023
-18.5336
-19.8921
-21.0989
-21.6629
-21.6266
-21.3354
-20.2377
-18.3395
-16.2108
-13.6637
-10.5707
-7.52017
-4.70617
-1.89217
0.570077
2.31063
3.64486
4.57881
4.72436
4.31803
3.77828
2.80793
1.52223
0.418461
-0.557948
-1.63746
-2.32276
-2.57748
-2.78974
-2.78368
-2.30457
-1.86185
-1.58287
-1.03099
-0.539754
-0.454849
-0.254715
0.0849051
0.139487
0.200134
0.673176
1.16441
1.60107
2.44405
3.43866
4.14216
5.0094
5.90697
6.41034
6.62867
6.87732
6.76209
6.28298
5.90091
5.44606
4.65159
4.1179
3.85712
3.4993
3.21427
3.35375
3.48718
3.51143
3.78434
4.1179
4.04512
3.93596
3.81467
3.18394
2.24999
1.36455
0.0363879
-1.72843
-3.32343
-5.07005
-7.18661
-9.07878
-10.7223
-12.4568
-13.9851
-14.8159
-15.4285
-15.8105
-15.4345
-14.5188
-13.4635
-11.8443
-9.69738
-7.57475
-5.39148
-2.90497
-0.661047
1.22506
3.19001
4.91237
6.10711
7.223
8.32677
9.01207
9.54576
10.3099
10.8618
11.1468
11.6563
12.1778
12.2445
12.2991
12.3961
11.9898
11.256
10.5525
9.29105
7.50804
5.628
3.47505
0.727758
-2.07411
-4.79108
-7.74456
-10.5525
-12.7236
-14.5612
-16.041
-16.6171
-16.4898
-16.0713
-14.9009
-13.1846
-11.4743
-9.77622
-7.89618
-6.39821
-5.41573
-4.51817
-3.95415
-4.05119
-4.26952
-4.49391
-5.14889
-5.97368
-6.5377
-7.27758
-8.26612
-8.99388
-9.67919
-10.7284
-11.5714
-12.1536
-12.8753
-13.4999
-13.6151
-13.7122
-13.8031
-13.4211
-12.8267
-12.3901
-11.7654
-10.88
-10.2614
-9.68525
-8.79375
-8.05992
-7.38068
-6.36789
-5.26412
-4.28771
-3.06871
-1.6132
-0.400267
0.667112
1.85578
2.59567
2.82006
2.98987
2.85645
2.02559
1.15835
0.357814
-0.776276
-1.87398
-2.45012
-3.00807
-3.44472
-3.35375
-2.92316
-2.63812
-2.08018
-1.28571
-0.7035
-0.188004
0.600401
1.18261
1.57074
2.18327
2.86858
3.26278
3.76615
4.4272
4.78501
5.06398
5.57948
5.88271
6.05859
6.50737
7.0168
7.28365
7.74456
8.28432
8.41774
8.31464
8.20547
7.50804
6.19201
4.71223
2.85645
0.412396
-2.01346
-4.35442
-6.93796
-9.38202
-11.3288
-13.136
-14.8584
-16.041
-16.8415
-17.5875
-17.8543
-17.5936
-17.1872
-16.417
-14.9615
-13.1906
-11.2196
-8.72097
-5.9191
-3.36588
-0.673176
2.02559
4.16642
5.89484
7.50198
8.51477
8.93323
9.29105
9.37595
9.00601
8.75129
8.60574
8.24793
7.93863
8.05992
8.10844
8.04779
8.26612
8.41774
8.2176
8.02354
7.73243
6.88338
5.66439
4.37868
2.6078
0.382073
-1.77694
-3.99054
-6.49524
-8.67245
-10.4312
-12.1414
-13.5545
-14.3672
-15.0767
-15.7924
-16.1502
-16.5444
-17.351
-18.2122
-19.134
-20.5288
-22.1845
-23.634
-25.2896
-27.0726
-28.4796
-29.6622
-30.8873
-31.6454
-31.9728
-32.2882
-32.3307
-31.7788
-31.0935
-30.2626
-28.9223
-27.2606
-25.6474
-23.64
-21.3233
-19.1461
-16.9871
-14.5794
-12.4932
-10.783
-9.01814
-7.53836
-6.67112
-5.95549
-5.43393
-5.51883
-5.94942
-6.33756
-7.15023
-8.24186
-9.15763
-9.98242
-10.9952
-11.6502
-11.8928
-12.099
-12.0626
-11.4683
-10.8618
-10.3281
-9.5215
-8.77555
-8.45413
-8.13876
-7.88405
-8.12057
-8.59968
-8.90897
-9.40021
-10.0491
-10.3281
-10.3887
-10.51
-10.2007
-9.36382
-8.53903
-7.48378
-5.89484
-4.31803
-2.83826
-1.0977
0.606465
1.91037
3.25672
4.53636
5.32476
5.91304
6.51344
6.70751
6.48311
6.3315
5.90697
4.85172
3.64486
2.23179
0.16981
-2.2136
-4.51817
-7.08351
-9.77016
-11.9352
-13.6576
-15.0646
-15.568
-15.1495
-14.3126
-12.9784
-10.9588
-8.96962
-7.21087
-5.59161
-4.49391
-4.3241
-4.69404
-5.6098
-7.37462
-9.5397
-11.6138
-13.9002
-16.1623
-17.7998
-18.9945
-19.8921
-20.0558
-19.5221
-18.7944
-17.6299
-15.8955
-14.2398
-12.7054
-10.9528
-9.39415
-8.40561
-7.60507
-7.04106
-7.17448
-7.71424
-8.35103
-9.41841
-10.8254
-12.0141
-13.2998
-14.7917
-15.9318
-16.7688
-17.6178
-18.291
-18.5396
-18.7398
-18.9035
-18.7701
-18.5093
-18.4365
-18.2061
-17.8665
-17.8725
-17.8907
-17.7452
-17.8604
-18.2
-18.3456
-18.5336
-19.0794
-19.4311
-19.7041
-20.2984
-20.9776
-21.4385
-22.2148
-23.2155
-24.0645
-24.9075
-26.0234
-26.8846
-27.4244
-27.9823
-28.2977
-28.0611
-27.7761
-27.3031
-26.4237
-25.4412
-24.6953
-23.8887
-23.0396
-22.6333
-22.4392
-22.1239
-22.1178
-22.3725
-22.3604
-22.2937
-22.3907
-22.1784
-21.7357
-21.5053
-21.2991
-20.8078
-20.6259
-20.6501
-20.5592
-20.5288
-20.7654
-20.735
-20.4561
-20.2559
-19.8617
-19.0551
-18.291
-17.6845
-16.9507
-16.4534
-16.5686
-16.8537
-17.4056
-18.4972
-19.8435
-21.0322
-22.3058
-23.543
-24.1616
-24.3617
-24.3981
-23.8705
-22.9001
-22.0935
-21.2627
-20.2438
-19.7404
-19.7283
-19.8739
-20.3772
-21.5053
-22.7
-23.8705
-25.3381
-26.7512
-27.7094
-28.6252
-29.3772
-29.547
-29.3287
-29.0012
-28.0915
-26.5814
-24.9015
-22.8395
-20.0801
-17.163
-14.0518
-10.6071
-7.09564
-3.92989
-0.842987
2.04379
4.28164
6.06465
7.62327
8.5269
8.9393
9.33956
9.6428
9.69131
10.0431
10.7466
11.535
12.7054
14.5491
16.6111
18.8065
21.4689
24.2889
26.7876
29.268
31.5362
33.022
33.9196
34.5079
34.235
33.1797
31.9547
30.4264
28.4493
26.7209
25.3806
24.1252
23.3368
23.2276
23.4763
23.9554
25.0228
26.2539
27.3516
28.6858
30.1595
31.3239
32.4944
33.9439
35.2356
36.3697
37.7161
38.9775
39.7417
40.3906
