500
2058
-3.02922
-2.79678
-2.48603
-2.11211
-1.51082
-0.82615
-0.116217
0.603822
1.36681
1.86452
2.13738
2.31423
2.20054
1.55629
0.732671
-0.275383
-1.70535
-3.24902
-4.74973
-6.3995
-8.05433
-9.40851
-10.6566
-11.8516
-12.8091
-13.4913
-14.1835
-14.7216
-15.0374
-15.3608
-15.568
-15.4038
-15.0627
-14.5271
-13.567
-12.132
-10.3711
-8.21855
-5.67946
-3.01406
-0.290542
2.54161
5.20954
7.51619
9.46156
10.9951
11.8592
12.2861
12.367
11.9678
11.2377
10.505
9.68642
8.88048
8.23876
7.85979
7.51367
7.37724
7.51114
7.49851
7.38482
7.27365
6.92753
6.12412
5.14386
4.03222
2.57193
1.08132
-0.194537
-1.38955
-2.26623
-2.57445
-2.40013
-1.7862
-0.588663
1.051
2.79426
4.62846
6.56119
8.17812
9.29482
10.1968
10.6465
10.5631
10.1715
9.61567
8.70615
7.62988
6.67994
5.6542
4.59056
3.64567
2.75889
1.76599
0.853941
0.00252645
-1.02827
-1.99084
-2.84731
-3.86042
-4.86595
-5.73757
-6.58899
-7.53135
-8.3095
-8.85016
-9.40345
-9.73442
-9.62831
-9.35545
-8.79205
-7.77136
-6.40708
-4.79015
-2.67551
-0.204643
2.40013
5.21712
8.43582
11.609
14.8227
18.1677
21.3485
24.1605
26.7576
28.9456
30.4488
31.3356
31.5554
30.8985
29.3624
27.1897
24.4257
20.9443
17.1925
13.2664
9.26955
5.46219
2.08938
-0.942366
-3.47892
-5.40913
-6.87195
-8.12002
-8.97648
-9.61315
-10.2827
-10.9496
-11.465
-11.9274
-12.2356
-12.1017
-11.5787
-10.6591
-9.03964
-6.79868
-4.32528
-1.45018
1.73062
4.74215
7.49346
10.1816
12.4024
14.1734
15.7448
17.0839
18.1702
19.2692
20.4996
21.6492
22.8214
24.1352
25.3555
26.3711
27.2958
27.988
28.319
28.3847
28.2028
27.7177
26.9673
26.1791
25.1811
23.9684
22.5966
21.1919
19.5674
17.7205
15.8661
13.6732
11.268
8.85521
6.25549
3.33239
0.502764
-2.3875
-5.44703
-8.38782
-10.9572
-13.3902
-15.5225
-17.1799
-18.3446
-19.1353
-19.3501
-19.1935
-18.8473
-18.3092
-17.6599
-17.0839
-16.6114
-16.1188
-15.6943
-15.2876
-14.7191
-13.9132
-12.9001
-11.561
-9.81779
-7.79916
-5.62893
-3.2566
-0.81857
1.47039
3.66588
5.77799
7.50861
9.07501
10.5378
11.7278
12.6904
13.6454
14.3123
14.6812
15.0147
15.1057
14.8252
14.3199
13.7388
12.991
12.0512
11.2149
10.4924
9.70915
9.06743
8.63036
8.02906
7.47072
6.91237
6.0458
5.10343
3.96653
2.72351
1.30618
0.0126323
-1.18491
-2.30665
-3.20859
-3.74167
-4.08527
-4.35055
-4.31265
-4.04485
-3.80989
-3.38292
-2.73867
-2.02874
-1.14701
0.0631613
1.38197
2.85236
4.64109
6.36666
8.02906
9.72684
11.3109
12.655
13.9056
15.088
16.0657
16.9449
17.8544
18.7842
19.4992
20.2242
20.8382
21.1691
21.4092
21.4117
21.3409
20.9746
20.6361
20.1712
19.5851
19.0242
18.342
17.43
16.3007
15.1334
13.5923
11.7783
9.9239
8.08717
6.26055
4.85079
3.86042
3.26923
3.2667
3.97663
5.03269
6.59656
8.57983
10.8637
13.0719
15.4088
17.6245
19.5749
21.3611
22.9503
24.1605
25.0801
25.8481
26.361
26.5833
26.8057
27.0305
27.1897
27.2831
27.6267
27.8617
28.0562
28.2937
28.319
27.9198
27.2933
26.4292
24.9487
23.0766
21.015
18.7437
16.2931
14.0673
11.887
9.94411
8.3575
7.10943
6.0938
5.34092
4.84573
4.34297
3.78968
3.50419
3.13533
2.63256
2.37992
2.14496
1.64725
1.21017
0.788253
0.222328
-0.540661
-1.37692
-2.46834
-3.81242
-5.07564
-6.25044
-7.44293
-8.32466
-8.75668
-8.95627
-8.87795
-8.25392
-7.45303
-6.71531
-5.81589
-4.85584
-4.16359
-3.63304
-2.97616
-2.45066
-1.91252
-1.16217
-0.303174
0.659404
1.77862
2.96858
3.91347
4.78763
5.46977
5.65672
5.54051
5.33081
4.88363
4.20149
3.77957
3.53703
3.29449
3.28691
3.52945
3.75178
3.916
4.1257
4.06001
3.65578
3.07722
2.46329
1.66746
0.927208
0.568452
0.27791
0.285489
0.760462
1.42492
2.15001
3.04437
4.0398
4.6992
5.23986
5.70725
5.93969
6.1317
6.43992
6.76584
7.21049
7.92295
8.87795
9.81526
10.8006
11.8314
12.607
12.9607
13.1224
12.8217
12.0006
10.8966
9.40598
7.52125
5.47229
3.40818
1.18743
-1.03585
-3.01911
-4.91142
-6.82395
-8.4813
-9.89611
-11.3589
-12.612
-13.7414
-14.9086
-16.0228
-16.8969
-17.7003
-18.5492
-19.0267
-19.2617
-19.4259
-19.3172
-18.8751
-18.3698
-17.6877
-16.8363
-15.9268
-15.1739
-14.3856
-13.6277
-13.1653
-12.9329
-12.6575
-12.6676
-12.7409
-12.799
-12.8672
-12.8647
-12.5843
-11.9046
-10.9699
-9.61567
-7.64757
-5.39145
-2.63256
0.616454
3.9539
7.36208
10.8208
14.1203
17.0258
19.5825
21.7932
23.3495
24.4207
25.1811
25.4767
25.2721
24.8754
24.2464
23.0337
21.5026
19.5876
17.1445
14.0243
10.4848
6.40455
1.79378
-3.10248
-7.98864
-12.9405
-17.6169
-21.7452
-25.3327
-28.2078
-30.1431
-31.4291
-32.1264
-32.1112
-31.6059
-30.8556
-29.8071
-28.6045
-27.4246
-26.1185
-24.782
-23.4455
-22.0862
-20.5299
-18.8397
-17.2405
-15.4215
-13.3877
-11.3109
-9.21397
-7.02101
-4.81289
-2.78668
-0.659404
1.3845
3.18586
4.73457
6.24034
7.37219
8.22107
8.90069
9.34787
9.41356
9.39587
9.15839
8.62025
7.91032
7.17765
6.14686
5.11101
4.0499
2.90795
1.76094
0.709933
-0.240013
-1.18238
-2.00095
-2.71341
-3.41576
-4.07011
-4.5274
-4.93669
-5.41419
-5.46724
-5.3586
-5.08575
-4.5274
-3.45619
-2.18791
-0.727618
1.08385
2.79173
4.22928
5.55314
6.55614
6.88963
6.77089
6.19991
5.09838
3.73915
2.40518
1.04342
-0.164219
-0.924681
-1.20512
-1.23543
-0.800885
-0.0454761
0.881732
1.81147
2.72351
3.4385
3.78715
4.01201
3.86547
3.23638
2.28391
1.10911
-0.593716
-2.60477
-4.73962
-7.22818
-9.85063
-12.4554
-14.9718
-17.5437
-19.7341
-21.5279
-23.2711
-24.6708
-25.6132
-26.4166
-27.1114
-27.4575
-27.5459
-27.3842
-26.9017
-25.8153
-24.408
-22.4879
-19.9817
-17.1773
-14.2163
-11.0532
-8.12002
-5.48998
-3.21112
-1.42997
-0.189484
0.611401
1.17733
1.44513
1.59419
1.93274
2.39508
2.865
3.51429
4.32023
5.01248
5.73757
6.45256
6.99322
7.40756
8.02906
8.67078
9.32513
10.3206
11.6848
13.0693
14.6383
16.4523
18.1147
19.4613
20.5653
21.1666
21.0176
20.2192
18.8574
16.7251
14.0799
11.1341
7.86484
4.59562
1.42239
-1.53608
-4.18128
-6.47277
-8.25644
-9.77737
-11.0002
-11.8061
-12.4428
-12.9127
-13.0567
-12.9784
-12.7586
-12.2659
-11.4928
-10.5909
-9.52725
-8.25644
-6.97806
-5.89168
-4.74468
-3.85031
-3.29449
-2.80689
-2.39002
-2.24602
-1.95547
-1.34407
-0.538134
0.641719
2.49361
4.85584
7.60967
10.8511
14.4462
18.0843
21.7199
25.2064
28.324
30.9086
33.1698
34.9737
36.1333
36.9014
37.4066
37.4167
37.1464
36.6133
35.6962
34.2915
32.6291
30.5877
28.084
25.3226
22.5107
19.4865
16.4927
13.8298
11.2478
9.08007
7.2585
5.64409
4.20654
3.00648
1.99842
0.924681
-0.0378968
-0.846361
-1.66241
-2.31423
-2.7033
-2.85742
-2.87005
-2.72351
-2.27381
-1.93021
-1.61693
-1.27081
-1.18743
-1.35923
-1.66241
-2.19043
-3.03679
-3.90842
-4.81289
-5.77547
-6.66731
-7.29892
-7.79158
-8.10233
-8.05938
-7.72589
-7.34692
-6.68752
-5.88663
-5.17923
-4.39603
-3.81494
-3.43597
-3.39808
-3.48145
-3.88568
-4.62593
-5.44703
-6.30602
-7.20291
-7.97095
-8.51919
-8.8249
-8.91332
-8.6152
-8.00885
-7.47577
-6.86184
-6.15444
-5.70978
-5.56325
-5.63651
-5.95737
-6.62941
-7.47072
-8.45856
-9.5803
-10.6566
-11.5711
-12.319
-12.8192
-12.9102
-12.6853
-12.0739
-10.884
-9.23923
-7.1347
-4.67899
-1.81652
1.13438
4.2217
7.32671
10.1134
12.4655
14.4336
15.7979
16.5053
16.6897
16.3664
15.4897
14.2315
12.7586
11.0633
9.15081
7.31155
5.50008
3.6103
1.70283
-0.0934787
-2.006
-4.01201
-5.98264
-8.0518
-10.3281
-12.5691
-14.8505
-17.19
-19.3905
-21.2854
-23.0185
-24.2893
-25.075
-25.4287
-25.3454
-24.7668
-23.8118
-22.7456
-21.4016
-20.0297
-18.7791
-17.5437
-16.2097
-15.0122
-13.8576
-12.4781
-10.9522
-9.32261
-7.49093
-5.32071
-3.16564
-0.949946
1.33649
3.44103
5.31565
7.04375
8.54446
9.6561
10.5959
11.3387
11.7606
12.1522
12.5261
12.6904
12.6979
12.6904
12.5666
11.9703
11.1669
10.025
8.34992
6.30602
3.94379
1.14701
-1.85947
-4.78257
-7.69304
-10.457
-12.8748
-14.8404
-16.5053
-17.7205
-18.3698
-18.7008
-18.8953
-18.6073
-18.0944
-17.5942
-16.8464
-16.0505
-15.2294
-14.4589
-13.706
-13.1375
-12.8015
-12.5312
-12.3973
-12.5312
-12.5969
-12.6626
-12.7889
-12.6272
-12.1851
-11.5156
-10.7804
-9.66873
-8.36255
-7.14986
-5.94474
-4.80278
-3.93116
-3.21365
-2.60982
-2.21822
-1.99337
-1.70788
-1.39713
-1.17227
-0.831203
-0.396653
-0.106111
0.0934787
0.310754
0.23496
-0.0126323
-0.272857
-0.636666
-1.1268
-1.50829
-1.6144
-1.59166
-1.28849
-0.692248
0.103585
0.929734
2.08432
3.18838
4.15349
5.12112
6.00032
6.71026
7.3545
8.02148
8.62025
9.0927
9.74452
10.4368
11.0911
11.8036
12.5792
13.2487
13.9612
14.6863
15.3356
15.8686
16.3866
16.854
17.0485
17.1925
17.3618
17.3163
17.2759
17.286
17.2582
17.2329
17.4426
17.6018
17.67
17.7357
17.6978
17.2936
16.5912
15.6387
14.1608
12.2482
10.1841
7.89769
5.35102
2.90037
0.462341
-1.85189
-3.90842
-5.56577
-6.91995
-7.91032
-8.45603
-8.63794
-8.50909
-7.97601
-7.17007
-6.30602
-5.36871
-4.27476
-3.28944
-2.59467
-1.86199
-1.26828
-0.937314
-0.565925
-0.136428
0.245066
0.780674
1.51334
2.31928
3.23133
4.32781
5.29544
6.14686
6.97553
7.70568
8.12507
8.44087
8.77689
8.94616
9.15081
9.49188
9.886
10.3003
10.7854
11.2806
11.604
11.8314
11.796
11.4322
10.8031
9.99464
8.91837
7.54651
6.25549
5.00743
3.67851
2.53403
1.71546
0.937314
0.303174
-0.0429497
-0.305701
-0.560872
-0.684668
-0.853941
-1.1268
-1.41481
-1.66746
-2.05401
-2.44308
-2.65277
-2.76899
-2.83973
-2.62246
-2.23844
-1.64977
-0.82615
0.146534
1.10659
1.9959
2.87005
3.56735
3.85789
4.03727
3.84021
3.3526
2.7412
2.10706
1.29102
0.535608
0.0631613
-0.257698
-0.404232
-0.0858994
0.497711
1.09648
2.04895
3.20101
4.25454
5.25502
6.23276
6.98816
7.45556
7.74105
7.70062
7.19028
6.44245
5.50514
4.16107
2.53403
0.901943
-0.871626
-2.68562
-4.37581
-5.84621
-7.09933
-7.82189
-8.00127
-7.82442
-7.13217
-5.81084
-4.26212
-2.51129
-0.613928
1.19249
2.5315
3.69115
4.49203
4.65878
4.44908
4.12822
3.42839
2.61488
1.96558
1.41481
0.853941
0.525502
0.439603
0.522975
0.725092
1.27838
1.96811
2.89784
4.26212
5.93211
7.73094
9.85569
12.2179
14.4968
16.6316
18.5947
20.0727
21.0883
21.5658
21.4925
20.8255
19.8882
18.6503
17.1925
15.7171
14.4589
13.3599
12.5059
12.127
11.9425
11.9299
12.3063
12.9885
13.6125
14.2997
15.1259
15.8232
16.3664
16.8262
17.1672
17.2051
17.003
16.6645
15.9394
14.9162
13.8045
12.372
10.6212
8.85269
7.07912
5.23228
3.54209
2.0919
0.891837
0.0454761
-0.497711
-0.70488
-0.755409
-0.570978
-0.384021
-0.35623
-0.353703
-0.454761
-0.805938
-1.22533
-1.56893
-1.88221
-2.05653
-1.86957
-1.29102
-0.639192
0.282963
1.47545
2.60982
3.59514
4.42382
4.85584
4.85584
4.56277
3.92105
2.88268
1.7483
0.634139
-0.578557
-1.73567
-2.57698
-3.21365
-3.77452
-4.16359
-4.32781
-4.57793
-4.75478
-5.02006
-5.38639
-5.85631
-6.22012
-6.73805
-7.24839
-7.53135
-7.67536
-7.76126
-7.45556
-6.90984
-6.26055
-5.48745
-4.46424
-3.44861
-2.74878
-2.05148
-1.53861
-1.47039
-1.64977
-1.97569
-2.58456
-3.16059
-3.58503
-3.81999
-3.72399
-2.961
-1.60682
0.229907
2.61235
5.41924
8.40803
11.3488
14.234
16.6241
18.2486
19.2794
19.5143
18.8802
17.5816
15.6943
13.2209
10.5328
7.79158
4.96953
2.27128
-0.0757935
-2.16264
-4.02969
-5.46471
-6.47277
-7.4025
-8.03664
-8.33224
-8.48888
-8.52172
-8.3095
-8.01896
-7.77894
-7.36461
-6.91237
-6.51319
-6.08117
-5.59609
-5.22723
-4.89374
-4.49203
-4.01706
-3.65072
-3.15049
-2.51635
-1.94789
-1.20764
-0.242539
0.841308
1.94284
3.2566
4.68151
6.12159
7.70568
9.45651
11.1467
12.794
14.6105
16.2501
17.6978
19.0596
20.1004
20.5678
20.6613
20.156
18.9762
17.1319
14.7141
11.7985
8.50909
5.13375
1.67756
-1.59672
-4.54509
-7.04375
-9.02196
-10.4898
-11.4145
-11.9476
-12.2482
-12.1447
-11.8718
-11.652
-11.3337
-11.0052
-10.8208
-10.7273
-10.5454
-10.4822
-10.5858
-10.649
-10.6945
-10.9067
-10.9774
-10.793
-10.6439
-10.3281
-9.742
-8.94616
-8.03917
-6.80121
-5.34092
-3.91347
-2.3016
-0.46992
1.42745
3.3905
5.62893
7.89263
10.3029
12.799
15.3229
17.6422
19.7619
21.7123
23.0842
23.9887
24.5495
24.5394
23.9407
23.0286
21.7831
20.2217
18.4709
16.619
14.4867
12.3215
10.2422
7.95327
5.55061
3.16312
0.762988
-1.74325
-4.05748
-6.24539
-8.30192
-10.1867
-11.6065
-12.7207
-13.4887
-13.7515
-13.5418
-13.1274
-12.2937
-11.1619
-10.0199
-8.79458
-7.51619
-6.45508
-5.62641
-4.84068
-4.18886
-3.83768
-3.38797
-2.90795
-2.46582
-1.88726
-1.01816
-0.0960052
0.803412
1.79378
2.82205
3.61788
4.35308
4.86342
5.1287
5.26765
5.40913
5.36871
5.24491
5.24239
5.16407
5.0049
4.86342
4.6992
4.22928
3.44608
2.50119
1.23038
-0.295595
-1.99084
-3.89579
-5.98011
-7.93811
-9.81274
-11.7253
-13.5115
-15.0021
-16.4194
-17.8039
-18.9534
-20.012
-21.0201
-21.8285
-22.4602
-22.9932
-23.3318
-23.2307
-22.9857
-22.5865
-21.874
-21.0504
-20.1889
-19.244
-18.2738
-17.5184
-16.7883
-16.0379
-15.4518
-14.9465
-14.3022
-13.4559
-12.6373
-11.5383
-10.1386
-8.58994
-6.81384
-4.84321
-2.79426
-0.654351
1.60682
3.63304
5.37124
6.95279
8.20844
8.93353
9.15839
8.95627
8.11244
6.67741
4.88616
2.61993
-0.103585
-2.98121
-5.84116
-8.72384
-11.4751
-13.7818
-15.7676
-17.2961
-18.3294
-18.9913
-19.4916
-19.7038
-19.8175
-20.0802
-20.4289
-20.8584
-21.5127
-22.2884
-22.9958
-23.5187
-23.9786
-24.0948
-23.8371
-23.352
-22.6193
-21.5557
-20.5502
-19.6785
-18.8145
-18.1778
-17.8974
-17.7812
-17.7989
-17.9353
-17.9656
-17.6725
-17.3112
-16.5862
-15.3861
-13.9258
-12.4251
-10.7627
-9.03206
-7.61978
-6.53593
-5.77294
-5.49756
-5.68957
-6.16202
-6.925
-8.07959
-9.19881
-10.3054
-11.5004
-12.5969
-13.5595
-14.5726
-15.5427
-16.3689
-17.2051
-18.1046
-18.7614
-19.2591
-19.6987
-19.8023
-19.4158
-18.7993
-18.0085
-16.859
-15.5503
-14.2745
-12.9203
-11.7076
-10.7349
-9.86579
-9.0927
-8.53435
-8.02401
-7.31913
-6.51824
-5.6921
-4.58804
-3.22123
-1.87463
-0.464867
0.995422
2.21317
3.12017
3.78462
3.96906
3.49661
2.70583
1.39207
-0.490132
-2.67299
-5.10343
-7.77642
-10.6035
-13.2613
-15.7853
-18.2612
-20.3657
-22.1342
-23.7461
-24.9942
-25.7471
-26.2978
-26.6541
-26.5783
-26.2473
-25.7496
-24.8906
-23.8649
-22.7077
-21.3207
-19.6432
-17.8645
-16.0152
-13.9359
-11.6949
-9.4944
-7.16249
-4.81036
-2.59467
-0.295595
1.89484
3.84273
5.61883
7.37219
8.90574
10.1563
11.3842
12.5489
13.5089
14.3679
15.3911
16.3184
17.1394
18.1172
19.0974
19.8503
20.6411
21.4092
21.8513
22.066
22.2126
21.9271
21.1717
20.1661
18.6578
16.6645
14.3831
11.7733
8.68594
5.42682
2.26117
-0.876679
-3.84526
-6.40203
-8.48382
-10.1033
-11.1063
-11.6899
-11.8541
-11.6368
-11.1341
-10.6414
-10.2827
-9.88853
-9.68389
-9.79253
-10.0098
-10.2953
-10.7223
-11.1265
-11.2983
-11.3337
-11.2099
-10.6439
-9.76474
-8.83247
-7.53388
-5.94979
-4.40108
-2.79931
-1.003
0.737724
2.41529
4.21665
5.99022
7.63494
9.40598
11.1139
12.5514
13.8551
14.9844
15.7423
16.1516
16.3007
16.1996
15.7878
15.3153
14.9061
14.4286
14.1709
14.234
14.3629
14.6433
15.088
15.5326
15.9242
16.2375
16.4371
16.4245
16.235
16.096
15.8206
15.4594
15.2219
14.9136
14.474
14.1633
13.8551
13.2866
12.6449
12.0284
11.1694
10.2498
9.33019
8.34487
7.17512
6.07612
5.01753
3.80736
2.66793
1.57903
0.573504
-0.432023
-1.11164
-1.55377
-1.8342
-1.58661
-1.03585
-0.280436
0.793306
2.20054
3.54966
4.92911
6.21254
7.20039
7.76379
7.96843
7.88758
7.28629
6.33887
5.20196
3.80736
2.33444
1.09395
-0.07832
-1.13943
-1.85189
-2.28391
-2.52645
-2.57698
-2.41023
-2.19549
-2.08432
-1.91252
-1.88979
-2.20812
-2.62751
-3.20859
-3.98421
-4.94427
-5.74515
-6.63699
-7.42524
-7.90779
-8.23371
-8.43077
-8.30192
-7.98611
-7.73347
-7.36713
-6.98311
-6.74057
-6.48793
-6.07612
-5.57083
-5.08322
-4.24696
-2.98627
-1.45524
0.411812
2.67299
5.03522
7.4025
9.76726
11.9678
13.7565
15.2749
16.3866
17.0308
17.3946
17.6978
17.8014
17.8165
17.9706
18.1753
18.294
18.5593
18.7336
18.5922
18.2738
17.6877
16.6594
15.3052
13.8727
12.2533
10.5555
9.11544
7.98611
7.18018
6.76836
6.94016
7.36208
7.91032
8.79963
9.65862
10.1664
10.5353
10.6439
10.2726
9.6081
8.88553
7.98106
7.11701
6.5334
6.1317
6.11149
6.63951
7.64504
8.8729
10.4418
12.3897
14.3654
16.3082
18.2435
19.8882
21.2247
22.301
23.0438
23.2509
23.1701
22.7962
21.9776
20.8938
19.7392
18.4204
16.9424
15.5099
14.2012
12.7687
11.4625
10.4999
9.46156
8.29939
7.2686
6.18981
4.81794
3.42839
1.87463
0.050529
-1.7862
-3.53956
-5.24744
-6.72541
-7.79916
-8.51919
-8.86784
-8.6531
-7.95074
-7.0008
-5.81589
-4.32276
-2.72604
-1.11417
0.644245
2.36729
3.97158
5.81589
7.62988
9.32261
11.0204
12.6095
13.8879
14.805
15.3634
15.3962
14.8353
13.9713
12.7131
10.9875
9.21902
7.73094
6.32371
5.11101
4.38339
3.964
3.71641
3.63051
3.66335
3.44861
2.99385
2.34707
1.24301
-0.159166
-1.6902
-3.29197
-5.00743
-6.50814
-7.67789
-8.58994
-9.18365
-9.22155
-8.95627
-8.40803
-7.50609
-6.39192
-5.22975
-3.93621
-2.62246
-1.44513
-0.328439
0.601295
1.23796
1.6523
1.99842
2.06664
1.87715
1.76599
1.63714
1.41229
1.27333
1.35923
1.52598
1.6523
1.88726
2.02369
1.74325
1.27586
0.404232
-1.09648
-3.04943
-5.3485
-8.21602
-11.4196
-14.6231
-17.7584
-20.7876
-23.4379
-25.5172
-27.1467
-28.132
-28.3342
-27.988
-27.2806
-25.9113
-24.1882
-22.4147
-20.4137
-18.3446
-16.475
-14.752
-13.0491
-11.7859
-10.8031
-9.84306
-9.09017
-8.55456
-8.03664
-7.49093
-7.05891
-6.57635
-5.86389
-5.19186
-4.47182
-3.50166
-2.45066
-1.36428
0.0328439
1.59672
3.14796
4.91395
6.94269
8.83247
10.6212
12.4352
14.0496
15.2396
16.1162
16.6619
16.6872
16.336
15.8409
14.8429
13.5418
12.1952
10.5783
8.57983
6.55614
4.36571
1.77104
-0.891837
-3.56988
-6.46519
-9.34787
-12.0259
-14.5423
-16.7883
-18.5593
-19.911
-20.9721
-21.5127
-21.4344
-21.0959
-20.487
-19.4385
-18.193
-16.9601
-15.5427
-14.1001
-12.8748
-11.7455
-10.697
-9.886
-9.26197
-8.58741
-7.94316
-7.41008
-6.61678
-5.6542
-4.64867
-3.48398
-2.04643
-0.699827
0.560872
1.77104
2.69067
3.2187
3.50924
3.36776
2.8271
1.91758
0.86152
-0.429497
-1.84684
-3.23891
-4.57793
-5.93716
-6.97806
-7.77642
-8.55456
-9.1306
-9.41103
-9.74452
-10.0982
-10.3635
-10.7298
-11.3665
-12.1396
-13.0542
-14.229
-15.5326
-16.7857
-18.0869
-19.3299
-20.1788
-20.8079
-21.2146
-21.1287
-20.6588
-19.9564
-18.9282
-17.5058
-15.9672
-14.2694
-12.3114
-10.3104
-8.37519
-6.3995
-4.37581
-2.68309
-1.24554
0.128849
1.13943
1.71041
2.17527
