500
2058
4.27262
3.04346
1.80142
0.93843
0.132484
-0.94763
-1.70205
-2.26695
-3.12442
-4.03893
-4.65903
-5.46681
-6.50829
-7.4228
-8.45323
-9.78175
-11.1176
-12.4241
-14.0525
-15.8484
-17.4695
-19.2433
-21.2288
-23.0247
-24.769
-26.6919
-28.3498
-29.6397
-30.8854
-31.7999
-31.925
-31.5754
-30.6683
-28.7233
-25.989
-22.7174
-18.5018
-13.5907
-8.63907
-3.50347
1.76462
6.55061
10.6999
14.5273
17.6075
19.7107
21.4091
22.7836
23.5196
24.0201
24.6623
25.1021
25.4075
25.9835
26.4398
26.5244
26.5189
26.3441
25.5787
24.3072
22.8738
20.9343
18.4889
15.957
13.2355
10.1847
7.24431
4.47686
1.61005
-1.08563
-3.26242
-5.30673
-7.08791
-8.14594
-8.72188
-8.99053
-8.58387
-7.54792
-6.29852
-4.68663
-2.65704
-0.62194
1.31196
3.44091
5.41897
7.0327
8.58755
10.0522
11.1176
12.0469
13.0681
13.8115
14.3801
15.1106
15.7767
16.1999
16.7225
17.3554
17.6075
17.6314
17.7897
17.545
16.8531
16.0729
15.0296
13.5373
12.0542
10.6098
8.99605
7.4412
6.2746
5.0804
3.93404
3.09314
2.39208
1.43341
0.64034
-0.0846427
-1.01019
-2.00014
-2.64048
-3.34707
-4.04629
-4.30022
-4.28918
-4.29654
-3.85308
-3.02874
-2.24671
-1.34508
-0.117764
0.997312
2.05535
3.2477
4.38302
5.17792
6.17156
7.24247
8.03554
8.86356
10.0614
11.1434
12.1499
13.4122
14.6009
15.4473
16.2937
16.9635
17.0923
16.9267
16.7758
16.2992
15.6387
15.243
15.0462
14.8272
15.0314
15.6755
16.2404
16.8641
17.6296
18.0878
18.0473
17.7878
17.0481
15.5191
13.7084
11.6513
9.01813
6.08139
3.2937
0.292569
-2.80057
-5.49809
-7.98585
-10.4184
-12.3468
-13.7489
-15.0848
-15.9938
-16.2606
-16.3636
-16.3489
-15.8411
-15.3479
-14.9358
-14.2641
-13.5134
-13.0387
-12.6725
-12.1241
-11.7672
-11.6328
-11.4286
-11.2446
-11.4801
-11.5997
-11.6181
-11.7985
-11.9254
-11.6476
-11.3587
-10.9134
-9.96392
-8.76604
-7.70064
-6.32796
-4.81175
-3.73716
-2.80057
-1.87318
-1.41869
-1.32484
-1.18316
-1.12612
-1.33772
-1.24572
-0.914509
-0.776505
-0.491296
0.112244
0.412173
0.588819
0.758104
0.667941
0.206087
-0.156405
-0.369852
-0.664261
-0.710263
-0.176646
0.61642
1.65421
3.17962
4.95896
6.47149
8.07234
9.47262
10.2473
10.6668
10.8876
10.5951
10.0081
9.51862
8.99421
8.43483
8.30234
8.54155
8.68508
8.90036
9.50022
9.88847
10.1645
10.5472
10.8766
10.9539
11.3642
12.0027
12.5694
13.3459
14.3377
15.2026
15.8705
16.3471
16.3158
15.5135
14.2844
12.5952
10.1498
7.36023
4.60567
1.77198
-1.09667
-3.33787
-5.19264
-6.82846
-7.80185
-8.12754
-8.31522
-8.12386
-7.34367
-6.45677
-5.31961
-3.78684
-2.07375
-0.456334
1.46101
3.64516
5.55514
7.47432
9.42662
11.1526
12.5934
14.1059
15.3166
15.9754
16.544
16.8439
16.5182
15.7564
14.7425
13.1435
11.0624
8.96844
6.74565
4.25054
2.09767
0.419533
-1.04883
-2.09215
-2.23935
-2.06823
-1.44445
-0.347771
1.09851
2.33319
3.7574
5.20737
6.12923
6.74749
7.24431
7.19647
6.63893
5.91579
4.95528
3.55499
2.20623
0.839067
-0.690022
-2.19519
-3.39123
-4.69583
-6.11635
-7.27375
-8.43299
-9.74495
-10.9336
-11.9604
-13.092
-13.9016
-14.1777
-14.2384
-14.0212
-12.9687
-11.4507
-9.76519
-7.524
-4.91112
-2.45096
-0.0294409
2.40128
4.53758
6.21388
7.81105
9.24813
10.135
10.9097
11.6586
11.9291
12.0561
12.1904
11.8279
10.9907
10.0688
8.82124
7.08423
5.36561
3.73164
1.90998
0.222647
-1.04147
-2.20439
-3.28266
-4.05549
-4.57807
-5.15952
-5.5257
-5.78146
-6.11267
-6.22308
-5.88083
-5.50177
-4.97552
-3.92852
-2.72329
-1.65973
-0.434254
0.833546
1.66893
2.22463
2.77113
2.89441
2.646
2.52088
2.39944
2.04246
1.8879
1.93942
1.69469
1.50149
1.53277
1.30092
0.811466
0.522577
0.0662421
-0.509696
-0.780185
-0.783865
-0.682662
-0.377212
0.356971
1.19052
1.86766
2.62576
3.08762
3.02874
2.60736
1.71677
0.00920029
-2.19335
-4.51918
-7.29399
-10.3503
-13.0387
-15.4933
-17.7161
-19.2231
-19.9039
-20.0714
-19.4568
-18.0013
-16.0508
-13.7379
-10.8361
-7.79633
-5.07856
-2.25407
0.439774
2.53008
4.2579
5.84587
6.95542
7.71352
8.43483
8.9666
9.24077
9.63823
10.1994
10.481
10.6871
11.1452
11.3936
11.4985
11.7212
11.8739
11.758
11.8021
11.8776
11.6108
11.2096
10.9023
10.1111
8.98869
7.80553
6.22308
4.11069
1.94678
-0.342251
-2.79873
-5.18896
-7.11183
-8.93716
-10.4405
-11.1968
-11.5335
-11.5795
-10.9263
-9.91239
-8.80836
-7.524
-5.81642
-4.27262
-2.93121
-1.34324
0.062562
1.12428
2.37552
3.79604
4.99392
6.28564
7.98401
9.60695
11.3127
13.3294
15.3001
16.9782
18.5257
19.6923
20.0162
19.7457
18.8017
16.8531
14.1556
11.1416
7.63624
3.86596
0.373532
-2.66256
-5.42449
-7.478
-8.60227
-9.22421
-9.47446
-9.11013
-8.64643
-8.36307
-8.02449
-7.81105
-8.29866
-9.02733
-9.72655
-10.9686
-12.3707
-13.4803
-14.4886
-15.4786
-16.0159
-15.9496
-15.7123
-14.9284
-13.5594
-12.0892
-10.3927
-8.29866
-6.09243
-4.02605
-1.67261
0.721303
3.00114
5.38033
8.07786
10.6889
13.3386
16.1704
18.9287
21.1607
23.17
24.7377
25.3744
25.2824
24.7101
23.2105
20.9987
18.6416
15.9754
12.9706
10.2951
7.89017
5.42817
3.35995
1.72045
0.110404
-1.39844
-2.5632
-3.49059
-4.50998
-5.0528
-5.16504
-5.10432
-4.60567
-3.51083
-2.20071
-0.874028
0.684502
2.0351
2.89809
3.39859
3.37467
2.46936
0.986271
-0.741544
-2.90913
-5.32329
-7.35287
-9.05861
-10.446
-11.0422
-10.8103
-10.1847
-8.85068
-6.74565
-4.5063
-2.13999
0.542817
3.15202
5.34537
7.44672
9.25733
10.4313
11.1563
11.6052
11.4194
10.6723
9.82407
8.61883
6.92046
5.24049
3.693
1.8787
0.0220807
-1.54013
-3.23114
-5.0252
-6.60213
-8.1533
-9.80015
-11.0827
-12.0984
-12.9283
-13.311
-13.035
-12.5087
-11.7396
-10.5123
-9.25549
-8.44587
-7.66016
-7.22775
-7.70432
-8.63355
-9.85719
-11.723
-13.9348
-15.968
-17.9185
-19.8045
-21.1496
-21.9372
-22.4524
-22.4542
-21.7072
-20.6602
-19.3243
-17.2395
-14.6818
-12.0045
-8.69612
-4.90376
-1.03779
2.98825
7.16887
10.9925
14.2329
17.0334
19.0188
19.9076
20.0566
19.3427
17.6922
15.5246
13.2889
10.7349
8.25634
6.47517
5.08776
4.10701
4.06837
4.63511
5.41161
6.60949
8.1625
9.52782
10.6227
11.6752
12.3486
12.4406
12.3726
12.0818
11.2428
10.2914
9.4211
8.2453
6.91678
5.81458
4.60935
3.10602
1.72045
0.480255
-0.95499
-2.27983
-3.10602
-3.785
-4.17877
-3.79236
-2.87969
-1.54749
0.526257
3.20354
5.99123
9.14509
12.6173
15.8006
18.7447
21.6501
24.2023
26.276
28.1952
29.8476
30.9571
31.8349
32.6739
32.9738
32.8432
32.4991
31.706
30.3131
28.716
26.8538
24.5261
22.0917
19.8395
17.4235
14.9652
13.0276
11.1103
9.05493
7.34551
5.86611
4.15117
2.61104
1.41685
0.132484
-1.07275
-1.76094
-2.30927
-2.78953
-2.92201
-2.89441
-3.02322
-3.1741
-3.30106
-3.85124
-4.81727
-5.86243
-7.27927
-9.11381
-10.9244
-12.6688
-14.6377
-16.2974
-17.4824
-18.4337
-19.0207
-18.9011
-18.3546
-17.5413
-16.1815
-14.3782
-12.6946
-10.7901
-8.54707
-6.71621
-4.94792
-3.1649
-1.54933
-0.360651
0.94579
2.18783
3.06922
4.02421
5.09144
5.81458
6.45308
7.21855
7.82945
8.15882
8.52683
8.79732
8.79732
8.74764
8.75316
8.42931
8.0337
7.72825
7.17991
6.24148
5.31041
4.17141
2.50616
0.708423
-1.1482
-3.35995
-5.69682
-7.64176
-9.3659
-10.8435
-11.3918
-11.274
-10.63
-9.10645
-6.72541
-3.98557
-1.04515
2.17495
5.17056
7.60496
9.78175
11.3863
12.1113
12.3284
12.1849
11.4323
10.3798
9.4303
8.35387
7.18359
6.30404
5.58274
4.63143
3.74084
2.85577
1.61005
0.0184006
-1.69101
-3.77212
-6.34452
-8.82676
-11.3164
-13.9256
-16.1852
-17.8007
-19.166
-20.0309
-20.11
-19.8248
-19.3206
-18.4043
-17.2892
-16.5513
-15.9165
-15.2762
-15.0774
-15.243
-15.3663
-15.6368
-16.0269
-16.0711
-15.7711
-15.2504
-14.2439
-12.5253
-10.5031
-8.02265
-4.80991
-1.31932
2.27247
6.30956
10.5086
14.3782
18.1246
21.8654
24.9622
27.4114
29.4557
30.6885
31.0602
30.7603
29.7703
27.853
25.4222
22.7174
19.4697
15.9699
12.7332
9.57382
6.3942
3.7574
1.55301
-0.6293
-2.43256
-3.80892
-5.17424
-6.49541
-7.63624
-8.73292
-9.97864
-11.0624
-11.9273
-13.0387
-13.8538
-14.3598
-14.9174
-15.3222
-15.3461
-15.3056
-15.243
-14.8235
-14.1556
-13.7103
-13.1233
-12.2585
-11.5979
-11.0698
-10.6208
-10.4184
-10.5307
-10.7312
-11.0919
-11.8224
-12.505
-12.8933
-13.2668
-13.2926
-12.6357
-11.6402
-10.3558
-8.42747
-6.11267
-3.93404
-1.70941
0.482095
2.20807
3.38387
4.37198
4.90376
4.97
5.02888
5.08776
5.0344
5.29201
5.95627
6.62605
7.4688
8.55811
9.58118
10.262
11.0054
11.5482
11.5427
11.4231
11.3292
10.9796
10.5491
10.2988
10.032
9.60327
9.3751
9.13773
8.52683
7.87545
7.23327
6.24516
5.23865
4.49158
3.65988
2.91097
2.56136
2.59264
2.76009
3.29186
4.29102
5.24969
6.247
7.42832
8.58203
9.40454
10.1792
10.7735
10.7809
10.573
10.2105
9.36774
8.19194
6.99222
5.59562
4.04077
2.73433
1.61557
0.31649
-0.686342
-1.34692
-2.05167
-2.72513
-3.03978
-3.48323
-4.09413
-4.38854
-4.63327
-5.02336
-5.22577
-5.19633
-5.19817
-5.12088
-4.88536
-4.69767
-4.64063
-4.4879
-4.30574
-4.3499
-4.2671
-3.90828
-3.61571
-3.25138
-2.46568
-1.52357
-0.752584
0.382732
1.56773
2.3884
3.15202
3.9046
4.29102
4.43086
4.65351
4.61671
4.32414
4.18061
4.02053
3.57155
3.1833
2.93121
2.29087
1.55669
0.988111
0.172965
-0.829866
-1.65789
-2.33871
-3.1925
-3.86596
-4.20269
-4.45294
-4.57255
-4.27998
-3.92484
-3.61019
-2.95145
-2.20807
-1.81246
-1.39292
-0.980751
-1.02307
-1.36532
-1.66525
-2.27615
-3.11338
-3.70404
-4.04997
-4.4235
-4.21925
-3.39307
-2.34239
-0.93475
0.93843
2.78033
4.37382
5.85507
7.03822
7.42832
7.43384
7.09343
6.19916
4.90744
3.72612
2.41048
0.923709
-0.230007
-1.139
-2.26511
-3.37283
-4.24317
-5.45761
-6.83398
-8.08154
-9.52782
-11.1268
-12.345
-13.2447
-14.0801
-14.3893
-14.0065
-13.3312
-12.3155
-10.7515
-9.01813
-7.41728
-5.63794
-3.98741
-2.81529
-1.73518
-0.712103
-0.0220807
0.531777
1.38924
2.32215
3.25874
4.64615
6.28012
7.77241
9.3107
10.9594
12.0689
12.5566
12.8123
12.4443
11.217
9.79463
8.0981
5.90291
3.80892
1.9891
0.220807
-1.1758
-1.9615
-2.40312
-2.646
-2.27431
-1.51989
-0.829866
0.062562
1.21812
2.23015
3.14834
4.22845
5.14296
5.7557
6.57821
7.24615
7.60312
8.03554
8.63723
8.99605
9.36222
10.0246
10.7294
11.4304
12.5363
13.909
15.0333
16.36
18.0271
19.4605
20.6491
21.9261
22.8977
23.4847
24.0753
24.4378
24.3679
24.2667
24.1287
23.6466
22.8443
22.0365
20.8423
19.1348
17.3242
15.278
12.8289
10.389
8.1901
6.00963
4.21373
3.1649
2.34055
1.9523
2.18047
2.66072
2.88889
3.12074
3.2661
2.86865
1.96518
0.94211
-0.529937
-2.37736
-4.06653
-5.63426
-7.22591
-8.58203
-9.5499
-10.3945
-11.0569
-11.3881
-11.7285
-12.1131
-12.1094
-11.9622
-11.9217
-11.6365
-10.8747
-10.0688
-9.06965
-7.68776
-6.28012
-4.85775
-3.15386
-1.41316
0.0993632
1.70941
3.42987
4.78967
6.11083
7.46328
8.53235
9.22605
9.96392
10.4479
10.3945
10.2105
10.0449
9.5131
8.8562
8.33914
7.79265
7.15047
6.58189
6.09059
5.32697
4.44374
3.47587
2.09215
0.421373
-1.15004
-3.01402
-4.98656
-6.57821
-7.70248
-8.60963
-8.85804
-8.40723
-7.62704
-6.31692
-4.49342
-2.57056
-0.839067
0.94947
2.57608
3.6654
4.56334
5.31225
5.61034
5.72994
6.03171
6.11635
6.06483
6.33532
6.73461
6.93886
7.30687
7.97481
8.56731
9.08253
9.91423
10.6797
11.3348
12.1573
12.9485
13.3073
13.5539
13.6459
13.1417
12.2272
11.1894
9.65111
7.63992
5.67658
3.6654
1.49045
-0.487615
-2.13815
-3.80892
-5.38769
-6.53221
-7.72273
-9.03837
-10.2638
-11.4783
-12.9761
-14.2623
-15.2467
-16.1263
-16.612
-16.4188
-15.6626
-14.5125
-12.5768
-10.0706
-7.56816
-4.84487
-2.0075
0.32937
2.24487
3.8402
4.74367
5.00496
4.99944
4.63143
3.72244
2.83185
2.01486
0.94763
-0.00736023
-0.590659
-1.19604
-1.78854
-2.07559
-2.09583
-2.23935
-2.16207
-1.82902
-1.65237
-1.47941
-1.1482
-1.05067
-1.31748
-1.68365
-2.37184
-3.66356
-5.21841
-6.8579
-8.82124
-10.9355
-12.7884
-14.5843
-16.1833
-17.1714
-17.648
-17.8798
-17.5946
-16.8237
-15.9165
-14.7683
-13.3165
-11.8389
-10.4368
-8.66668
-6.81742
-5.03624
-2.90913
-0.434254
2.10135
4.82095
7.88833
11.0201
14.0948
17.2579
20.2922
22.8903
25.3523
27.4868
28.9552
29.8899
30.5045
30.5118
29.7372
28.6516
26.9642
24.5648
21.9004
19.0446
15.6847
12.1849
8.79916
5.40425
2.05903
-0.765464
-3.25874
-5.49257
-7.31607
-8.67588
-9.92528
-11.0698
-11.9346
-12.9945
-14.3525
-15.6847
-17.1328
-18.9489
-20.6841
-22.1727
-23.5748
-24.5666
-24.861
-24.5795
-23.7349
-22.0807
-19.8542
-17.2855
-14.2531
-10.9042
-7.79265
-4.77495
-1.70389
0.94947
3.17042
5.31041
7.13759
8.40355
9.5223
10.481
10.9612
11.0643
10.9189
10.2602
9.15429
7.96193
6.51933
4.68663
2.88521
1.33956
-0.276009
-1.74622
-2.78401
-3.73532
-4.64615
-5.22209
-5.74098
-6.51565
-7.16335
-7.75769
-8.61147
-9.53702
-10.2767
-11.0551
-11.9549
-12.6026
-13.2006
-13.9642
-14.5089
-14.9578
-15.6147
-16.3213
-16.7924
-17.4658
-18.1945
-18.6711
-18.9728
-19.1992
-19.0428
-18.3656
-17.4769
-16.0987
-14.0488
-11.8371
-9.37878
-6.43652
-3.32499
-0.566738
2.21911
4.90744
7.0327
8.80468
10.3761
11.39
11.8665
12.137
11.9861
11.2538
10.3577
9.30702
7.93433
6.45493
5.19448
3.98189
2.93305
2.47304
2.33503
2.28167
2.57608
3.05082
3.16306
2.99194
2.51904
1.26964
-0.732343
-3.11522
-5.95811
-9.31806
-12.6633
-15.8208
-19.0096
-21.8194
-24.1103
-26.1638
-28.0038
-29.4005
-30.5523
-31.6895
-32.385
-32.6702
-32.7641
-32.3225
-31.1062
-29.3729
-27.1427
-24.1434
-20.7614
-17.337
-13.7048
-10.0265
-6.79534
-4.03709
-1.65237
-0.0404813
0.920029
1.60269
1.80142
1.42789
1.00099
0.605379
-0.00552018
-0.563058
-0.861147
-1.37084
-2.06087
-2.58528
-3.25322
-4.42718
-5.63794
-6.9499
-8.59675
-10.3043
-11.7672
-13.1693
-14.4573
-15.2817
-15.83
-16.3066
-16.4152
-16.2588
-16.3232
-16.4078
-16.3839
-16.7114
-17.3518
-17.9442
-18.6453
-19.6445
-20.4835
-21.0944
-21.7053
-22.112
-21.9777
-21.6409
-20.9987
-19.7641
-18.1982
-16.566
-14.6174
-12.3854
-10.4037
-8.50107
-6.58557
-5.23313
-4.34806
-3.68932
-3.45011
-3.81812
-4.39222
-5.07856
-6.08875
-7.13207
-7.84785
-8.52315
-9.04757
-9.05493
-8.7458
-8.32994
-7.41728
-6.11451
-4.87983
-3.41699
-1.63765
0.0680822
1.71493
3.49795
5.18344
6.60949
8.06314
9.42294
10.3466
11.0312
11.7175
11.8537
11.55
11.1618
10.4644
9.23341
7.89753
6.51933
4.92216
3.42067
2.19703
1.16108
0.421373
0.31465
0.699222
1.33956
2.52456
4.16037
5.86795
7.69328
9.63271
11.2924
12.6283
13.771
14.5273
14.645
14.6101
14.3617
13.6937
12.8289
12.0634
11.217
10.3963
9.91792
9.53518
9.20213
9.24813
9.47998
9.45054
9.50574
9.62167
9.30886
8.59123
7.67488
6.43836
4.67007
2.77849
0.798585
-1.3598
-3.36915
-4.97736
-6.41076
-7.50008
-7.98401
-8.0429
-7.96561
-7.4596
-6.68493
-5.96363
-5.22393
-4.40694
-3.80156
-3.34707
-2.79689
-2.30007
-2.04614
-1.55301
-0.802265
-0.143525
0.62562
1.79774
2.89993
4.04813
5.48889
6.96646
8.31522
9.89951
11.6236
13.2208
14.8033
16.6065
18.1779
19.5709
21.0411
22.2518
23.0339
23.7901
24.3403
24.4967
24.5206
24.5611
24.3605
23.9999
23.803
23.4718
22.8075
22.1874
21.5342
20.4541
19.063
17.5873
15.6184
13.2263
10.7993
7.97113
4.71423
1.49781
-1.60821
-4.84855
-7.84785
-10.273
-12.4259
-14.0672
-14.9082
-15.1253
-14.9247
-14.0231
-12.4995
-10.8545
-8.92796
-6.68861
-4.59831
-2.73249
-0.726823
1.03779
2.37736
3.62124
4.65719
5.32513
5.76674
6.15684
6.17524
5.95627
5.79066
5.56802
5.05464
4.72159
4.54494
4.22477
4.05917
4.06469
3.85492
3.63044
3.46483
3.0545
2.16943
1.1482
-0.0920029
-1.79406
-3.62676
-5.50361
-7.56448
-9.67871
-11.4691
-13.138
-14.7775
-16.0379
-17.0058
-17.9608
-18.7907
-19.2544
-19.8119
-20.3455
-20.4927
-20.4026
-20.2388
-19.6095
-18.5312
-17.1751
-15.3608
-13.0387
-10.6043
-8.05394
-5.26809
-2.63496
-0.32017
1.89526
3.86596
5.34537
6.61501
7.77793
8.61331
9.31806
10.1516
10.9042
11.458
12.1352
12.8068
13.1251
13.2337
13.3018
12.8123
11.9714
10.998
9.71919
8.0705
6.48253
4.97736
3.38019
2.04799
1.09851
0.259448
-0.404813
-0.774665
-1.06539
-1.51621
-1.92102
-2.36816
-3.09498
-3.87884
-4.54494
-5.28281
-5.84219
-5.84403
-5.41529
-4.66271
-3.08762
-0.866668
1.71493
4.73631
8.2361
11.7046
15.0425
18.3822
21.3852
23.8435
26.0479
27.8842
29.0435
29.8237
30.4382
30.4695
30.1107
29.555
28.4878
26.7452
24.6954
22.1543
18.9434
15.221
11.3127
7.20015
3.01586
-0.892428
-4.46766
-7.72457
-10.3025
-12.2217
-13.8115
-14.9689
-15.6902
-16.4446
-17.1622
-17.6278
-18.1117
-18.7189
-18.9066
-18.7336
-18.4171
-17.6204
-16.2551
-14.7352
-12.9963
-11.0256
-9.10277
-7.51112
-5.91947
-4.37198
-3.31579
-2.31847
-1.1482
-0.126964
1.03779
2.6
4.23949
5.85691
7.81841
9.99336
11.9861
13.8998
15.9147
17.7566
19.3464
20.8718
22.0549
22.7597
23.2491
23.3099
22.8443
22.0145
20.9049
19.2636
17.2984
15.3921
13.311
11.0698
9.05125
7.15231
5.22761
3.51635
2.07191
0.579618
-0.820666
-1.91182
-2.90913
-3.89724
-4.4787
-4.75287
-4.92584
-4.69951
-4.03893
-3.40043
-2.60736
-1.54013
-0.570418
0.0552018
0.682662
1.13348
1.07459
0.798585
0.421373
-0.30361
-1.07091
-1.7683
-2.55032
-3.46667
-4.26894
-5.02336
-5.97467
-6.99406
-8.00609
-9.26837
-10.7938
-12.2327
-13.7397
-15.3074
-16.5219
-17.5229
-18.3656
-18.7281
-18.511
-17.9424
-16.9709
-15.5761
-13.8041
-11.9806
-9.89767
-7.78161
-5.88819
-4.11069
-2.42704
-1.15188
-0.266808
0.531777
1.07827
1.23468
1.42973
1.47573
1.26964
1.03043
0.802265
0.30729
-0.333051
-0.916349
-1.64685
-2.59448
-3.38019
-3.96717
-4.5523
-4.90744
-4.81911
-4.63695
-4.30206
-3.60283
-2.83737
-2.19519
-1.44629
-0.774665
-0.379052
-0.0754424
0.292569
0.489456
0.517056
0.706582
0.857467
0.767304
0.745224
0.717623
0.391932
-0.110404
-0.528097
-1.21076
-2.03326
-2.69017
-3.39675
-4.16405
-4.59647
-4.87431
-5.20001
-5.38401
-5.33433
-5.30121
-5.38953
-5.40241
-5.5441
-5.98939
-6.45677
-7.05478
-7.97113
-8.92244
-9.79279
-10.8435
-11.7635
-12.2529
-12.3946
-12.2769
-11.504
-10.1498
-8.55995
-6.58373
-4.29286
-2.11423
-0.200566
1.51253
2.60184
2.88705
2.66808
1.89342
0.32017
-1.54013
-3.57707
-5.78146
-7.77057
-9.3291
-10.5491
-11.4157
-11.5887
-11.0845
-10.2289
-8.98501
-7.19831
-5.30121
-3.35259
-1.23836
0.715783
2.31295
3.78316
4.8964
5.49993
5.78514
5.83667
5.45945
4.84671
4.26158
3.68012
2.97537
2.57424
2.42152
2.23567
2.23383
2.51904
2.6736
2.78401
3.0269
3.1189
2.89441
2.76561
2.54848
2.11055
1.66709
1.28252
0.837227
0.408493
0.143525
-0.0496816
