500
2058
-0.233625
-0.869881
-1.59892
-2.39093
-3.67338
-5.15467
-6.3493
-7.31363
-8.16197
-8.81314
-8.9606
-8.65739
-8.04433
-7.24901
-6.41889
-5.47611
-4.78517
-4.47036
-4.41071
-4.88459
-5.73956
-6.74365
-8.00788
-9.6068
-11.098
-12.634
-14.1782
-15.5104
-16.5625
-17.4755
-18.13
-18.2277
-17.6926
-16.4697
-14.5875
-11.7409
-8.06421
-3.73469
0.898049
5.8224
10.5065
14.6223
18.1681
20.897
22.5407
23.0593
22.8124
22.0453
20.9136
19.5864
18.2012
16.9486
16.0787
15.3165
14.5345
13.8137
12.75
11.4476
9.8454
7.7262
5.01549
2.22027
-0.775437
-4.04288
-7.40642
-10.702
-14.0987
-17.5086
-20.7115
-23.742
-26.7675
-29.6704
-32.0928
-33.9005
-35.0338
-35.1846
-34.502
-32.7738
-30.0001
-26.171
-21.7454
-16.7282
-11.2753
-5.60203
0.0182261
5.54239
10.4618
14.7548
18.4448
21.6542
23.9623
25.6739
26.9166
27.5529
28.0218
28.5951
29.001
29.4583
29.9918
30.4309
30.6894
30.7358
30.141
28.8569
26.9315
24.3799
21.3262
17.8019
14.2644
10.7501
7.13634
3.64853
0.0546782
-3.91198
-8.01948
-12.5909
-17.7787
-23.5199
-29.2959
-35.0653
-40.3973
-44.8908
-48.2014
-50.3388
-51.1126
-50.7514
-49.3065
-47.4325
-45.1659
-42.7816
-40.6292
-38.3692
-36.0595
-33.8077
-31.0075
-27.3988
-22.9284
-17.6561
-11.5752
-4.87299
2.20701
9.30524
15.9727
21.868
26.5057
30.136
32.5385
33.7431
34.1905
33.8856
33.1648
32.6379
32.3082
31.9768
32.1989
32.6181
33.1251
33.6387
34.0132
33.8823
32.8815
31.2892
29.165
26.2224
22.6219
18.7679
14.5925
10.2066
6.01295
1.63372
-2.7538
-6.90768
-11.0052
-15.2436
-19.2633
-23.0444
-26.7128
-30.0581
-33.1218
-35.6684
-37.5689
-38.8083
-39.3087
-39.2275
-38.6426
-37.1812
-35.1747
-32.6031
-29.3125
-25.7518
-21.8431
-17.2999
-12.7682
-8.40885
-4.24668
-0.528556
2.45555
4.79015
6.59618
7.69803
8.17523
8.58448
9.08819
9.69462
10.823
12.4517
14.4351
16.8658
19.4157
21.6443
23.3045
24.3368
24.5257
23.732
22.0652
19.6659
16.8144
13.6165
10.2547
6.88946
3.80097
1.05049
-1.34376
-3.91198
-6.28468
-8.4337
-10.6672
-12.6356
-14.1898
-15.7987
-16.9155
-17.2468
-16.9353
-16.3173
-14.8824
-13.0532
-10.8445
-8.54306
-6.08917
-3.80262
-1.81764
0.0513644
1.65526
2.95428
4.07767
5.22426
6.32611
7.48595
8.49667
9.55047
10.5728
11.4808
12.5793
13.5039
14.3605
15.4391
16.6321
17.9113
19.4771
21.1075
22.5241
24.1728
25.5182
25.939
25.8628
25.0476
23.0825
20.4994
17.2154
13.3995
9.28039
5.49599
1.93528
-1.08859
-3.40165
-4.86471
-5.86051
-6.33439
-6.64589
-6.84141
-7.30369
-8.05758
-9.05173
-10.5198
-12.1137
-13.6778
-14.9388
-15.7788
-15.8352
-15.121
-13.8087
-11.4609
-8.39228
-5.01052
-1.50448
2.09103
5.35018
7.9416
9.82386
10.9771
11.1742
10.8611
9.85534
8.30944
6.67572
4.89453
2.98908
1.44649
0.33304
-0.561695
-0.936158
-0.81686
-0.265107
0.210428
1.02397
1.89883
2.67758
3.17465
3.20282
2.8383
1.74308
0.334697
-1.50282
-3.8921
-6.31285
-8.53312
-10.6374
-12.4004
-13.5436
-14.2362
-14.5809
-14.382
-14.1037
-13.8734
-13.6977
-13.5436
-13.7723
-14.165
-14.392
-14.3588
-13.9231
-12.8345
-11.1113
-8.45027
-5.02046
-1.17475
2.86647
7.09492
11.1461
14.6869
17.4225
19.5284
20.9401
21.4902
21.6178
21.3079
20.6071
19.5748
18.5856
17.4854
16.1649
14.7896
13.2388
11.5205
9.70456
7.77094
5.80086
3.81754
2.07115
0.347952
-1.38684
-2.96257
-4.58966
-6.49346
-8.18517
-9.91333
-12.0226
-14.2412
-16.2196
-17.9278
-19.4737
-20.7247
-21.5267
-21.8829
-21.7752
-21.4339
-20.9749
-20.2906
-19.2186
-18.1383
-17.1441
-15.8915
-14.4665
-12.8527
-11.0284
-8.8148
-6.66743
-4.50847
-2.42241
-0.4192
1.39678
2.92446
3.97826
4.86636
5.35515
5.77601
5.90194
5.91188
6.19024
6.32942
6.37416
6.64589
6.79833
6.48351
5.88205
5.1265
3.64522
1.33879
-1.49785
-4.99229
-9.14287
-13.6182
-18.5144
-23.4006
-27.8379
-31.5477
-34.7571
-36.7637
-37.2756
-36.646
-35.0388
-32.1492
-28.1742
-23.6442
-18.6784
-13.4923
-8.33595
-3.41656
1.20126
5.5457
9.44939
13.0416
16.42
19.1987
21.5747
23.7005
25.2812
26.4593
27.1304
27.0558
26.5885
25.9639
25.2763
24.4611
23.8381
23.5448
23.6193
23.9623
24.7096
25.3442
25.8065
25.9042
25.485
24.191
22.1994
19.4953
15.9694
11.9033
8.01119
4.07933
0.318128
-2.71403
-4.88459
-6.39238
-7.0916
-6.89609
-6.18361
-5.49931
-4.60291
-3.90535
-3.67504
-3.96997
-4.84317
-6.33605
-8.37074
-10.8114
-13.257
-15.29
-16.8707
-17.8632
-18.0471
-17.338
-15.6181
-12.9024
-9.53887
-5.54901
-1.3769
2.76042
6.78342
10.5015
13.4227
15.8186
17.6346
18.7248
19.3428
19.6676
19.4356
19.1407
18.8275
18.4597
18.062
17.8533
17.4904
16.9287
16.3024
15.522
14.2528
12.7168
10.6623
8.39062
5.71802
2.56988
-0.820174
-4.26822
-7.72786
-11.1593
-14.5593
-17.4954
-19.8929
-21.9657
-23.7784
-25.3127
-26.5322
-27.6307
-28.6315
-29.4219
-30.1277
-30.7673
-30.8369
-30.6496
-30.015
-28.4078
-26.0848
-23.4288
-19.8996
-16.0721
-12.1137
-8.10398
-4.18206
-0.444054
3.02222
6.30788
9.23897
11.9762
14.7267
17.2518
19.6245
21.6476
23.3691
24.6599
25.2348
25.2116
24.5671
23.273
21.7437
19.9211
18.0107
16.5244
15.4922
14.8808
14.8907
15.7324
16.9768
18.3653
19.9228
21.6161
22.6318
22.9798
22.94
21.8812
19.762
17.1723
13.8883
9.9183
5.66831
1.3537
-2.94434
-7.01207
-10.5181
-13.4939
-15.7506
-17.1358
-17.6843
-17.6081
-16.7431
-15.0929
-13.1675
-11.0384
-8.55797
-6.2532
-4.26822
-2.27826
-0.526899
1.02563
2.57651
4.12572
5.68819
7.54394
9.56704
11.499
13.3763
15.1061
16.4167
16.9801
17.1657
16.8873
15.7722
14.1584
12.8643
11.6067
10.4783
9.98458
9.99286
10.4154
11.1858
12.0756
12.7019
12.8461
12.3009
10.881
8.4801
5.34853
1.3769
-3.05204
-7.36168
-11.3714
-15.2221
-18.3354
-20.4745
-22.1265
-22.998
-23.1289
-23.0063
-22.5738
-21.7155
-20.8308
-19.7985
-18.5773
-16.9668
-15.0266
-12.8941
-10.3292
-7.65495
-4.99395
-2.21364
0.430798
2.58148
4.29307
5.84892
7.02864
8.0493
8.8761
9.91499
11.0632
12.4832
14.2975
16.4134
18.7397
21.1108
23.4321
25.6292
27.4634
28.8187
29.6538
30.1956
30.3332
29.9339
29.3838
28.6464
27.818
26.9912
26.1611
25.2978
24.4296
23.457
22.4032
20.791
18.9634
17.0281
14.5908
11.9049
9.21743
6.49843
3.79434
1.31062
-0.805261
-2.77036
-4.52173
-6.04609
-7.3534
-8.71704
-10.1122
-11.5653
-13.1791
-14.6538
-15.8799
-16.8823
-17.6362
-17.8019
-17.4109
-16.4134
-14.9321
-13.0416
-10.9605
-8.51986
-5.9649
-3.65019
-1.42992
0.84337
2.94931
4.95418
7.06178
9.1644
11.214
13.2951
15.2453
16.7614
18.1084
18.9452
19.2865
19.0926
18.4945
17.6793
16.6984
15.8517
15.3546
14.8526
14.6935
14.8675
14.9437
14.6604
13.9115
12.3639
9.6068
5.90194
1.34376
-4.1688
-10.0658
-15.9147
-21.3792
-26.0915
-29.5279
-31.6836
-32.6611
-32.2883
-31.0042
-29.1369
-26.8304
-24.3782
-22.0502
-19.825
-17.7853
-15.4938
-13.4774
-10.9903
-8.31275
-5.33361
-2.26666
0.921246
4.07767
6.72045
8.90924
10.6788
11.8022
12.682
13.2404
13.6563
13.933
14.6123
15.3696
16.2411
17.2435
18.2791
19.0181
19.5483
19.7637
19.376
18.4647
17.4009
16.0423
14.2793
12.4816
10.5844
8.75515
6.86792
5.10496
3.34034
1.35536
-0.44074
-2.28986
-4.37095
-5.99638
-7.75271
-9.63994
-11.33
-12.6605
-13.8618
-14.7631
-15.0581
-15.0349
-14.6968
-13.7507
-12.2048
-10.132
-7.61022
-4.67748
-1.64035
1.67017
4.8266
7.66158
9.84871
11.5421
12.4766
12.3871
11.562
10.1337
7.97474
5.36178
2.80019
0.366179
-1.70165
-3.14151
-3.8921
-3.9882
-3.43313
-2.1805
-0.742299
0.748926
2.10263
2.91452
3.1614
2.89463
1.87563
-0.0662767
-2.39756
-4.98566
-7.97805
-10.6971
-13.0399
-15.189
-16.7431
-17.6843
-18.0107
-17.6544
-16.5344
-14.8128
-12.6124
-9.83214
-6.54813
-3.01393
0.790349
4.59463
8.03604
10.9158
13.3415
15.1127
15.691
15.2088
14.1782
12.5611
10.6076
8.66567
7.10154
6.07094
5.85554
6.32611
7.57542
9.32678
11.3532
13.199
14.6206
15.6595
15.9843
15.3414
14.3853
12.9935
11.2339
9.77415
8.64745
7.91509
7.58039
7.88361
8.51655
9.09316
9.57035
10.0045
9.9415
9.47093
8.55797
7.16616
5.47114
3.72806
1.84746
-0.623001
-2.99405
-5.08673
-7.55885
-10.1486
-12.5793
-14.8062
-16.6885
-17.8665
-18.2625
-17.7191
-16.4432
-14.1865
-11.277
-7.90349
-4.30633
-0.977581
1.78781
4.2036
5.91685
7.07835
8.13215
9.1263
10.1536
11.4874
13.4475
15.7606
18.2277
20.6783
22.8423
24.1264
24.6085
24.191
22.6981
20.4033
17.7124
14.7051
11.7393
9.5455
7.93663
6.70057
6.20681
6.0494
5.73293
5.09005
3.9766
2.06286
-0.830115
-4.30136
-7.98468
-11.9281
-15.7854
-18.9502
-21.5233
-23.1736
-23.7287
-23.6624
-23.0742
-21.9343
-20.627
-19.4721
-18.0289
-16.5277
-15.2171
-13.7607
-12.0706
-10.1619
-7.99959
-5.50096
-2.84327
-0.377777
2.16393
4.65759
6.77513
8.40388
9.60846
10.3044
10.4734
10.4203
9.90505
9.03185
8.20339
7.27552
6.41724
5.56558
5.21266
4.91441
4.6957
4.82494
5.06188
4.97075
4.81003
4.52338
3.77114
2.8383
1.8574
0.603118
-0.651168
-1.70165
-2.75545
-3.76948
-4.40574
-4.98069
-5.62523
-6.14385
-6.65252
-7.30866
-8.04433
-8.61099
-9.19257
-9.94316
-10.6374
-11.2356
-12.2131
-13.4691
-14.8957
-16.7315
-18.8888
-21.071
-23.3161
-25.4668
-27.3474
-28.5669
-29.2032
-28.8817
-27.7749
-26.1362
-23.8298
-20.8192
-17.386
-13.7425
-9.93321
-6.22338
-2.62621
0.636256
3.44473
5.67328
7.10486
7.70135
7.4031
6.39901
4.90282
3.06695
1.1267
-0.384405
-1.30234
-1.43986
-0.699219
1.08197
3.53255
6.14385
8.91255
11.3416
12.8047
13.3879
13.0466
11.4791
8.83468
5.86217
2.48869
-0.982551
-4.09755
-6.91431
-9.22405
-10.8661
-12.1966
-13.4475
-14.6372
-16.0621
-17.6561
-19.5002
-21.5697
-23.5763
-25.3144
-26.63
-27.1718
-26.8752
-25.543
-23.1256
-20.0189
-16.1914
-11.663
-6.9839
-2.36442
2.05789
6.1687
9.76421
12.7384
15.4706
17.7025
19.5102
21.2135
22.7362
23.9623
24.9482
25.8081
26.2621
26.3996
26.1246
25.1934
23.8596
22.1795
20.1398
17.6975
15.116
12.5677
10.1088
7.61353
5.31539
3.32377
1.41335
-0.364522
-1.96179
-3.44804
-4.64931
-5.70642
-6.82815
-7.70963
-8.22659
-8.54969
-8.79491
-8.69053
-8.36743
-7.82396
-7.24072
-6.42718
-5.60038
-4.66256
-3.67007
-2.60799
-1.70994
-0.808575
0.147466
0.954384
1.52933
1.75799
1.88391
2.00321
2.08937
2.1192
2.18547
2.85984
4.0727
5.6534
7.74774
10.5463
13.7309
17.048
20.3287
23.1786
25.4022
26.8652
27.3408
26.8851
25.5745
23.8646
21.5946
19.2285
17.1872
15.5502
14.4019
13.5519
13.3183
13.2421
13.1625
12.697
11.6779
10.0906
8.15866
5.49102
2.323
-0.956041
-4.23674
-7.42796
-10.4054
-12.8378
-14.9984
-16.7978
-18.0703
-19.1192
-20.0421
-20.5723
-20.7777
-20.6485
-20.1117
-19.2252
-18.2808
-16.7564
-14.8576
-12.7931
-10.7749
-8.58945
-6.16042
-3.72972
-1.11179
1.82592
4.95418
8.30115
11.7939
15.4209
18.8275
21.9591
24.6632
26.8487
28.1328
28.5719
28.2073
27.3391
26.0335
24.186
22.1116
20.274
18.6387
16.8823
15.4044
14.1037
12.5975
10.982
9.16275
6.83975
4.06773
0.783721
-2.87309
-6.89609
-10.7584
-14.6256
-18.3586
-21.7371
-24.3882
-26.234
-27.4617
-27.7799
-27.5297
-26.6449
-25.0559
-22.8472
-20.1448
-16.9602
-13.3067
-9.34998
-5.21929
-1.1383
3.10672
7.19433
10.9207
14.0507
16.4813
18.7911
20.6783
22.0171
23.0096
24.0419
25.1818
26.3267
27.5197
28.7608
29.7831
30.5055
30.8965
30.638
29.7218
28.1875
26.0683
23.4421
20.5988
17.5501
14.3158
11.2107
8.17191
5.11159
2.21033
-0.705846
-3.77611
-7.16285
-10.6705
-14.2992
-18.014
-21.694
-25.1802
-28.3681
-31.3058
-33.5807
-35.3453
-36.2964
-36.2765
-35.685
-34.3114
-32.0431
-28.9016
-25.1189
-20.9119
-16.314
-11.3333
-6.43878
-1.70165
2.65107
6.53654
10.0078
12.7549
14.8178
16.5178
17.7555
18.5608
19.1738
19.7504
20.1332
20.4248
20.6634
20.8556
21.013
20.9119
20.7098
20.11
19.0595
17.5567
15.4524
12.9587
10.1735
7.14959
4.03293
0.934501
-1.86072
-4.12075
-5.80252
-6.92591
-7.64501
-8.10398
-8.59277
-9.2108
-10.1254
-11.8304
-14.1468
-17.058
-20.2459
-23.7055
-27.0227
-29.687
-31.3803
-32.0249
-31.3654
-29.6671
-26.5952
-22.5059
-17.9179
-12.9869
-7.87201
-2.90126
1.58733
5.77601
9.35826
12.2662
15.0001
17.2203
19.0711
20.2144
21.0594
21.5399
21.6675
21.356
20.6137
19.4787
18.1929
16.7332
15.2536
13.6795
12.4269
10.9108
9.38643
8.11392
6.59618
4.74375
2.71403
0.425828
-2.09766
-4.79346
-7.56051
-10.3524
-12.9654
-15.0481
-16.8177
-18.3851
-19.2799
-19.9112
-20.4397
-20.8357
-21.0975
-21.6526
-22.2888
-23.0808
-24.1529
-25.2514
-26.1809
-26.7062
-26.915
-26.6979
-25.8595
-24.4809
-22.5092
-19.9426
-17.2601
-14.5494
-11.7542
-9.06499
-6.70885
-4.53829
-2.63781
-1.24434
0.0828458
1.38187
2.62787
3.89375
5.27728
6.8762
8.65407
10.5662
12.4517
14.2329
15.7954
17.1955
18.0041
18.1996
17.9146
17.0646
15.6347
13.8203
11.8387
9.75095
7.71626
5.87046
4.2152
2.81179
1.56579
0.563352
-0.637913
-1.91705
-3.25253
-4.92104
-6.66909
-8.5414
-10.3242
-11.9563
-13.3879
-14.3771
-14.9388
-15.0465
-14.8708
-14.4433
-13.8386
-13.0466
-12.0955
-11.0583
-9.77912
-8.38565
-6.70388
-4.79843
-2.57651
-0.253508
2.0844
4.67748
7.09989
9.24891
11.1925
12.8991
14.2379
15.3894
16.3123
16.9353
17.391
17.613
17.6876
17.449
16.9387
16.1185
15.0166
13.6165
12.0126
10.1354
8.05261
5.81246
3.52923
1.0654
-1.38684
-3.83079
-6.42884
-8.91587
-11.3118
-13.6
-15.8037
-17.7207
-19.4539
-20.8771
-21.9028
-22.5887
-23.0643
-23.2714
-23.1819
-23.0543
-22.597
-22.1231
-21.6493
-21.2118
-20.6965
-20.0653
-19.3064
-18.347
-17.1491
-15.4491
-13.3697
-10.7849
-7.84881
-4.72884
-1.72485
0.985865
3.36685
5.26237
6.36753
6.80993
6.65086
6.17036
5.46948
4.78352
4.43888
4.29473
4.45213
4.86139
5.39989
5.69316
5.75944
5.29053
4.22679
2.56159
0.53187
-1.9038
-4.52504
-6.9839
-9.38312
-11.3963
-13.1128
-14.6355
-16.0887
-17.4556
-18.7563
-20.0769
-21.3958
-22.5921
-23.4537
-23.9275
-23.7121
-22.8522
-21.1373
-18.6817
-15.7009
-12.3656
-8.9109
-5.39658
-2.17056
0.613059
2.97417
4.87465
6.26977
7.49589
8.47844
9.29199
10.0293
10.7633
11.4857
12.1435
12.7748
13.2305
13.4939
13.6281
13.8966
14.102
14.1716
14.1815
14.3555
14.6239
14.8012
14.7316
14.4351
13.8154
12.6489
11.0549
9.03848
6.48517
3.49941
0.185575
-3.34034
-6.67406
-9.75758
-12.6588
-14.9487
-16.7547
-18.0471
-18.912
-19.4771
-19.8747
-20.1166
-20.4894
-20.8573
-21.4422
-21.9541
-22.2325
-22.3336
-22.027
-21.2234
-19.7024
-17.4921
-14.6621
-11.4874
-8.00622
-4.12572
-0.187232
3.64025
7.35671
10.9638
14.3936
17.5501
20.1763
22.7196
24.703
26.0666
26.8023
26.842
26.4759
25.659
24.2954
22.66
21.134
19.6278
18.2112
17.0082
15.976
14.8857
13.7375
12.238
10.5695
8.45524
6.09414
3.46958
0.63957
-1.96676
-4.27153
-6.4073
-8.11889
-9.54881
-10.6357
-11.4046
-12.1551
-13.078
-13.8949
-14.725
-15.7308
-16.6354
-17.222
-17.5534
-17.3396
-16.6769
-15.4275
-13.9082
-12.0872
-10.0277
-7.95983
-6.00301
-4.14726
-2.4191
-1.0538
0.183918
1.5575
2.89463
4.24171
5.88371
7.62679
9.56538
11.5056
13.5768
15.5767
17.6362
19.6162
21.2185
22.5987
23.8629
24.7096
25.1437
24.8521
23.9325
22.5291
20.5673
17.9858
14.8891
11.5073
8.10066
4.82163
1.78781
-0.815203
-2.77865
-4.31792
-5.13478
-5.39823
-5.46617
-5.44131
-5.31207
-5.37504
-5.65009
-5.98313
-6.4686
-7.3418
-8.31275
-8.89433
-9.56372
-10.0111
-10.0492
-9.80729
-9.42785
-8.63585
-7.60028
-6.54979
-5.30876
-3.77611
-2.21033
-0.785378
0.669394
2.30477
3.80759
5.08839
6.24989
7.17611
7.73117
8.20174
8.44862
8.31772
8.05096
7.69306
7.21256
6.59618
5.87543
4.95584
4.0727
3.17962
2.06783
0.851655
-0.396003
-1.67017
-2.96588
-4.00974
-4.86471
-5.90028
-6.63761
-7.14297
-7.48761
-7.67484
-7.64336
-7.42133
-7.13468
-6.55476
-5.58547
-4.58469
-3.39834
-1.87563
-0.190545
1.4498
3.34366
5.3419
7.09823
8.78166
10.4701
11.8685
13.0399
13.9893
14.7333
15.2254
15.4193
15.5502
15.5651
15.3464
15.131
14.8609
14.5676
14.329
14.1749
13.9943
13.9993
13.9761
13.6944
13.3133
12.8113
12.0392
10.9207
9.56041
7.98965
6.26977
4.66753
3.28235
2.05458
1.29902
0.999121
1.06871
1.58733
2.37602
3.12163
3.71978
4.34278
4.61948
4.64599
4.53167
4.40077
4.27982
4.46373
4.84317
5.60369
6.65915
7.71626
8.95729
9.94978
10.4783
10.4585
9.86694
8.58448
6.8265
4.42231
1.66189
-0.806918
-3.03878
-5.02377
-6.55973
-7.38819
-7.69141
-7.64004
-7.21587
-6.64589
-6.16539
-5.66831
-5.26734
-4.93098
-4.56812
-4.09258
-3.18128
-1.869
-0.326413
1.56247
3.52592
5.34853
6.7685
7.5224
7.64501
6.81655
5.29219
3.32875
0.936158
-1.36861
-3.45798
-4.984
-5.7843
-5.94005
-5.6186
-4.79677
-3.87056
-2.90789
-2.02807
-1.46306
-1.1151
-0.662767
-0.15575
0.523586
1.34873
2.81013
4.50516
6.2996
8.38731
10.5098
12.3192
13.8054
15.0481
15.7937
16.1003
16.0969
15.8567
15.2867
14.5477
13.542
12.3573
10.9472
9.15446
7.02864
4.82991
2.41413
-0.294931
-2.95594
-5.39989
-7.72123
-9.94647
-11.8486
-13.3282
-14.7963
-15.9959
-16.9469
-17.6942
-18.2692
-18.7762
-19.0661
-19.1589
-18.9965
-18.3255
-17.5749
-16.4316
-14.9769
-13.4972
-11.8287
-9.90173
-7.96645
-6.31119
-4.50847
-3.06364
-1.93528
-0.931187
-0.130896
0.473878
0.942785
1.32222
1.61052
2.04132
2.85818
3.63859
4.35769
5.41149
6.38741
7.07669
7.5224
7.78254
7.63673
6.89774
6.12396
5.1033
3.97329
2.91949
1.94356
1.1499
0.384405
-0.435769
-1.40507
-2.80682
-4.55155
-6.77845
-9.57035
-12.7334
-16.0804
-19.5152
-22.6716
-25.2945
-27.4932
-29.1485
-30.131
-30.638
-30.8534
-30.7607
-30.4624
-30.1907
-29.6737
-28.9728
-28.1626
-26.7758
-24.8272
-22.4827
-19.7521
-16.4068
-12.8527
-9.36655
-5.86051
-2.50857
0.228654
2.58313
4.67416
6.33108
7.65164
8.79491
9.90008
10.8379
11.7823
12.7715
13.5619
13.9993
14.6123
14.8576
14.6206
14.0424
13.1891
11.9745
10.5247
8.96889
7.18605
5.21929
3.34697
1.52271
-0.236939
-1.64863
-2.94931
-4.15058
-5.13975
-5.97981
-6.80164
-7.73283
-8.49501
-9.50076
-10.6589
-11.8238
-13.0698
-14.5295
-15.6777
-16.6918
-17.6031
-18.3122
-18.5144
-18.3338
-17.8168
-16.7928
-15.416
-13.9463
-11.9099
-9.28039
-6.94579
-4.43888
-1.61715
1.2228
3.8921
6.37747
8.65407
10.5844
12.243
13.8038
15.0282
15.918
16.8011
17.5186
18.1184
18.8325
19.4423
19.7372
19.8151
19.6444
18.9932
17.9262
16.4764
14.6687
12.4335
10.1238
7.67484
5.28391
3.08518
1.15487
-0.478849
-1.89883
-2.98411
-3.83079
-4.75204
-5.45126
