500
2058
2.02112
0.486036
-1.32175
-2.74687
-4.1478
-6.05675
-7.48187
-8.38356
-9.49639
-10.5564
-10.7698
-10.7983
-10.8929
-10.5432
-10.0704
-10.0308
-9.98682
-9.87246
-10.4575
-11.6297
-12.6875
-14.0906
-16.0326
-17.8624
-19.5646
-21.6473
-23.3319
-24.3546
-25.3618
-26.1272
-25.872
-25.0671
-23.8773
-21.6099
-18.5595
-15.2079
-10.9369
-5.85442
-0.972071
3.88609
8.98836
13.521
17.1784
20.4839
22.9866
24.1566
24.8692
25.3464
24.944
24.0929
23.5452
22.8789
21.9948
21.5153
21.1327
20.2991
19.5602
18.9488
17.6534
15.7225
13.7563
11.3042
8.07787
4.71081
1.05564
-3.28349
-7.59623
-11.6517
-16.0084
-20.3079
-23.796
-26.9585
-29.6944
-31.236
-31.7639
-31.6429
-30.2354
-27.4863
-24.1566
-20.1562
-15.2079
-9.99342
-4.92633
0.428855
5.59491
9.96923
14.0313
17.8118
20.6378
22.7997
24.845
26.3097
27.1564
27.9789
28.6849
28.8322
29.0632
29.5118
29.3953
28.841
28.5463
27.7986
26.3471
24.8142
22.9954
20.4069
17.8448
15.3992
12.5248
9.41941
6.68354
3.69475
0.26611
-3.16033
-6.75611
-11.1678
-15.6697
-20.1518
-25.0077
-29.9979
-34.1347
-37.8624
-41.1327
-43.189
-44.1831
-44.7131
-44.0313
-42.2697
-40.2464
-37.8536
-34.6713
-31.2822
-27.8976
-24.0885
-19.9978
-16.1689
-11.8232
-7.02662
-2.50055
1.99033
7.02662
11.8188
16.1271
20.4487
24.3106
27.1916
29.701
31.7836
32.8085
33.0504
33.2132
32.9141
32.1025
31.4472
30.9347
30.0176
29.4151
29.2457
28.6035
27.6403
26.7693
25.3662
23.1582
20.6532
17.5809
13.4616
9.12032
4.68442
-0.393667
-5.88081
-10.8973
-15.9512
-21.0535
-25.5026
-29.3909
-33.1428
-36.037
-37.9262
-39.6482
-40.8402
-40.9392
-40.6796
-40.275
-39.2303
-38.0119
-36.9563
-35.5004
-33.6574
-32.0827
-30.6268
-28.5991
-26.512
-24.6471
-22.4434
-20.1012
-18.3154
-16.3251
-14.117
-12.3554
-10.8247
-8.8718
-7.03322
-5.35079
-3.20652
-0.79833
1.22718
3.60458
6.32066
8.40116
10.1232
11.909
13.0702
13.4638
13.6816
13.4704
12.3422
11.1502
9.89445
7.79196
5.29361
3.02618
0.340885
-2.70948
-5.6301
-8.50892
-11.6055
-14.095
-15.7423
-17.0948
-17.9173
-17.4687
-16.3427
-14.79
-12.4786
-9.67233
-7.24215
-4.56566
-1.87377
0.0593799
1.4845
2.9514
3.95206
4.49968
5.28481
6.08974
6.68574
7.83155
9.56456
11.0051
12.4456
14.5019
16.3713
18.0735
19.9868
21.8848
23.3143
25.1309
27.2444
28.9884
30.6092
32.439
33.9697
34.8978
35.4366
35.3354
34.0423
32.2081
30.0045
26.7715
23.0108
19.4788
15.9402
12.2631
9.34904
6.90127
4.46449
2.68969
1.59886
0.261711
-1.03585
-1.79459
-2.6721
-3.58259
-4.02684
-4.16099
-4.37432
-3.80251
-2.34441
-0.749946
1.28656
4.08842
7.16518
10.1606
13.5364
16.688
19.0148
21.1349
22.8393
23.3869
22.9888
22.2147
20.6158
18.1791
15.6983
13.1186
10.0638
7.46428
5.57511
3.77612
2.28063
1.87377
1.7638
1.87816
2.49396
3.44184
3.93887
4.68002
5.6059
5.83463
5.69167
5.64769
5.14186
4.03563
2.92941
1.72202
-0.0351881
-1.55048
-2.83704
-4.33034
-5.81263
-6.66595
-7.50386
-8.49133
-9.01915
-9.39522
-10.0506
-10.4487
-10.4597
-10.706
-10.7478
-10.0154
-9.05434
-7.96571
-5.9094
-3.33187
-0.807127
2.31362
5.95998
9.20389
12.1905
15.298
17.9525
19.8967
21.7089
23.2681
23.9389
24.4733
24.9835
24.7042
24.0467
23.4705
22.2719
20.3409
18.3286
15.9182
12.7601
9.64374
6.69893
3.38026
0.0571807
-2.63251
-5.15945
-7.67101
-9.67013
-11.1788
-12.7689
-13.9169
-14.6053
-15.4058
-15.9754
-15.8258
-15.5817
-15.3244
-14.4227
-13.2329
-12.351
-11.104
-9.50079
-8.31099
-7.34332
-6.01497
-4.92853
-4.20938
-3.16033
-2.0651
-1.37673
-0.404663
0.851112
1.55267
2.13548
3.12294
3.80911
4.08182
4.65143
5.04729
5.08028
5.38158
5.97978
6.30307
6.45702
6.92546
7.20476
6.88807
6.39324
5.35739
3.35826
0.833518
-2.24104
-6.47241
-11.5065
-16.5626
-22.1135
-28.1131
-33.5255
-38.4078
-42.9295
-46.2218
-47.946
-48.6541
-48.023
-45.6434
-42.0212
-37.4555
-31.6077
-25.1045
-18.7443
-11.9354
-5.0187
1.04685
6.47681
11.6934
16.0744
19.5646
22.6677
25.1727
26.754
28.1703
29.5162
30.0198
30.0088
30.2002
29.9803
29.3403
28.8432
28.2934
27.2642
26.5604
26.1096
25.1925
24.0115
23.1098
21.6671
19.6306
17.4907
14.8604
11.335
7.71939
4.05103
0.0263911
-4.02024
-7.32352
-10.3211
-12.8942
-14.3435
-15.0385
-15.3728
-14.6646
-13.3099
-12.0145
-10.695
-8.92458
-7.60063
-6.94305
-6.27008
-6.11613
-6.81549
-7.3829
-7.65781
-8.2868
-8.70466
-8.13505
-7.17397
-5.71587
-3.16253
-0.0131955
3.22411
6.96724
10.8841
14.0752
16.7407
18.9708
20.1166
20.2068
19.8483
18.7509
16.8485
14.9703
13.3561
11.4581
9.80648
8.95097
8.2714
7.50386
7.21136
6.81989
5.83023
4.80977
3.68815
1.53288
-1.02705
-3.43964
-6.47021
-9.81748
-12.7337
-15.5048
-18.4408
-20.7918
-22.3554
-23.9125
-25.0957
-25.4894
-25.8435
-26.1382
-25.9094
-25.4718
-25.2101
-24.3062
-22.9075
-21.3812
-19.4194
-16.4372
-12.9976
-9.19289
-4.68881
0.164944
4.56346
9.04774
13.3275
16.512
18.852
20.8445
21.7902
21.744
21.5307
20.9061
19.5712
18.5133
17.6534
16.3339
15.0473
14.1126
12.903
11.3526
9.98022
8.61009
6.69893
5.18585
4.16979
2.99979
2.13768
2.14208
2.50275
2.90742
3.89268
4.93073
5.56412
6.16012
6.52959
5.94459
4.63383
3.12294
0.967673
-1.88036
-4.60304
-7.34332
-10.3013
-12.6237
-14.1742
-15.5795
-16.3471
-15.9446
-15.1419
-13.9719
-11.9552
-9.54917
-7.28394
-4.58765
-1.70442
0.631187
2.57753
4.55466
5.9226
6.57138
7.20476
7.46428
6.94965
6.52959
6.35585
5.66748
4.74819
4.26436
3.50122
2.38399
1.42072
0.358479
-1.181
-2.45437
-3.49242
-4.63603
-5.54213
-5.69167
-5.63449
-5.50694
-4.80537
-4.07522
-3.97845
-3.8421
-3.98285
-5.35299
-7.42909
-9.7647
-12.9734
-16.8947
-20.6554
-24.4249
-28.3792
-31.6627
-34.1105
-36.3009
-37.836
-38.0933
-37.7194
-36.8749
-34.7988
-31.8694
-28.7553
-24.6405
-19.6723
-14.6932
-9.51178
-3.86189
1.4713
6.14032
10.5762
14.2908
16.7539
18.6673
19.8967
20.011
19.5096
19.1137
18.245
17.2246
16.8155
16.6462
16.4658
17.1542
18.3924
19.3776
20.5081
22.0805
23.2769
23.9301
24.6009
24.8868
24.3458
23.7564
23.09
21.6759
20.0528
18.7487
17.1058
15.1771
13.6244
12.0233
9.92084
8.03608
6.45042
4.39631
2.23884
0.624589
-1.09303
-2.88542
-4.07962
-5.0341
-6.03916
-6.38224
-6.14912
-6.08534
-5.69387
-4.61624
-3.60018
-2.61931
-1.10183
0.56301
2.04311
4.05103
6.36245
8.33298
10.3233
12.7821
14.845
16.4482
18.0383
19.2611
19.6789
20.0198
20.2529
19.8219
19.1951
18.9928
18.6123
18.0361
18.0537
18.0537
17.5677
17.3389
17.2532
16.3559
15.1969
14.194
12.7051
10.8445
9.35344
7.86894
6.17771
4.95712
4.139
3.01738
1.88036
1.06004
-0.263911
-2.22125
-4.29955
-6.94305
-10.4135
-13.9257
-17.3785
-21.3108
-24.9726
-27.7524
-30.044
-31.7507
-32.2191
-31.8144
-30.9787
-29.094
-26.3493
-23.73
-20.8336
-17.295
-14.1566
-11.1656
-8.04928
-5.07148
-2.76886
-0.230922
2.27843
4.07082
5.71807
7.47307
8.64528
9.41721
10.3101
11.0095
11.1568
11.5747
12.1201
12.2784
12.4412
12.9822
13.1999
13.1999
13.3957
13.2769
12.4588
11.6363
10.6202
8.77283
6.63076
4.55466
2.02771
-0.848913
-3.23511
-5.52893
-7.90193
-9.36883
-10.2441
-11.0073
-11.1656
-10.4399
-9.4502
-8.46934
-7.03542
-5.67628
-4.79878
-3.70355
-2.6545
-2.22125
-1.93095
-1.35474
-0.991865
-0.721356
0.127557
1.08423
1.86057
3.15153
4.75259
5.80164
6.72313
7.682
8.01849
7.64461
7.03982
5.82363
3.69475
1.55487
-0.664175
-3.39565
-5.97978
-7.80956
-9.47879
-10.8049
-11.1634
-11.0886
-10.8885
-10.0352
-8.80582
-8.15704
-7.75678
-7.26634
-7.48187
-8.48033
-9.68772
-11.3812
-13.7366
-15.9446
-17.8536
-19.8659
-21.4977
-22.0409
-22.0783
-21.4274
-19.4106
-16.5692
-13.2681
-8.82342
-3.58259
1.55707
6.83969
12.5468
17.6204
21.8496
25.6301
28.388
29.7669
30.2992
29.9385
28.2275
25.7819
23.2505
20.1584
16.8111
14.0532
11.5659
9.04554
7.35431
6.29647
5.0143
3.90588
3.2527
2.3598
1.14801
0.0483836
-1.11282
-2.70509
-3.99825
-4.84056
-6.02376
-6.86168
-7.03102
-7.17617
-7.26414
-6.83749
-6.43282
-6.31626
-5.88521
-5.30021
-5.41897
-5.72466
-5.80604
-6.38004
-7.47747
-8.73984
-10.3673
-12.5512
-14.6932
-16.7957
-19.3095
-21.5505
-22.9316
-23.9411
-24.2996
-23.3759
-21.7418
-19.6723
-16.5428
-12.7645
-9.27426
-5.85662
-2.3752
0.47284
2.50055
4.4205
5.87641
6.68134
7.71719
8.98176
10.0088
11.3372
13.2901
15.0561
16.6528
18.3462
19.6108
20
20.2551
20.1562
19.0917
17.7128
16.567
15.2035
13.6904
12.5907
11.5835
10.2397
9.18849
8.11526
6.25688
4.06423
1.81219
-1.05784
-4.23357
-7.12559
-10.1276
-13.0988
-15.3068
-16.7187
-17.869
-18.3374
-17.7304
-16.8265
-15.6631
-13.8245
-11.689
-9.78009
-7.51706
-5.11107
-3.34947
-1.72862
0.0373874
1.26897
2.00572
2.75567
3.19112
3.15373
3.38026
3.72994
3.49682
3.34287
3.58259
3.60458
3.34947
3.42864
3.29009
2.6501
2.3752
2.15087
1.4823
0.844514
0.558611
0.134155
-0.41346
-0.749946
-1.22938
-2.10469
-2.79086
-3.35606
-4.4469
-5.48494
-6.02376
-6.66155
-7.33232
-7.37411
-7.18937
-7.26634
-6.75831
-6.02156
-5.83243
-5.74886
-5.49814
-5.70487
-6.34705
-6.87927
-7.75458
-9.12471
-10.2595
-11.324
-12.8964
-14.4205
-15.5092
-16.8683
-18.3
-19.1995
-20.132
-21.192
-21.6429
-21.5681
-21.6561
-21.434
-20.4751
-19.3579
-18.1197
-16.2415
-14.3084
-12.6853
-10.6004
-8.46494
-7.1036
-5.99737
-4.92413
-4.63823
-5.0209
-5.35959
-6.10733
-7.26414
-7.89093
-7.95471
-8.01629
-7.25974
-5.40357
-3.13174
-0.492633
2.79745
5.97538
8.5595
10.8951
12.7337
13.2241
12.9008
12.0915
10.4289
8.01849
5.74226
3.22191
0.272708
-2.17067
-4.21377
-6.69893
-9.1731
-11.1722
-13.587
-16.2063
-18.4298
-20.75
-23.2044
-24.8164
-25.6961
-26.3625
-26.1316
-24.6053
-22.4522
-19.7867
-16.1074
-12.0695
-8.22302
-3.99605
0.162745
3.49462
6.4966
9.40622
11.6605
13.3253
15.1463
16.7319
17.869
19.3513
20.9523
22.0124
22.9162
24.0027
24.37
23.9015
23.3231
22.0212
19.6657
17.2268
14.5899
11.1986
7.85794
4.95932
2.01672
-0.699363
-2.64351
-4.27755
-5.86981
-6.60876
-6.76711
-7.14538
-7.27294
-6.77151
-6.35365
-5.99737
-5.20124
-4.41611
-3.92567
-2.91621
-1.80339
-1.11282
-0.299099
0.963274
1.90895
2.73148
3.91688
5.00771
5.83243
7.13219
8.64528
9.59096
10.6928
12.329
13.7036
14.8296
16.3053
17.6864
18.7179
20.1386
21.6429
22.6941
23.8201
25.1969
26.1689
26.6572
27.2136
27.1916
26.2921
25.3442
24.0951
22.0849
19.9253
18.1373
16.2987
14.6778
13.9081
13.2945
12.8876
13.1823
13.7036
13.5452
13.1296
12.6259
11.335
9.20169
6.89247
3.98065
0.435453
-2.82824
-5.94019
-9.26327
-12.3422
-14.768
-16.9937
-19.0346
-20.3849
-21.4999
-22.5204
-22.6325
-22.1311
-21.6055
-20.574
-18.5925
-16.4702
-14.1676
-11.335
-8.5771
-6.04795
-3.16693
-0.222125
2.23444
4.7394
7.60503
10.1254
12.5709
15.298
17.7062
19.5624
21.5527
23.2109
23.8553
24.0511
24.172
23.5716
22.4192
21.335
20.0264
18.3462
16.8375
15.4872
13.6244
11.5571
9.55577
6.96944
3.80911
0.727954
-2.88103
-6.95185
-10.5696
-13.6398
-16.6968
-18.9488
-20.0374
-20.4817
-20.0462
-18.4474
-16.2701
-13.9697
-10.9589
-7.61822
-4.70201
-1.788
1.36794
4.07302
6.47021
9.12251
11.368
13.1428
15.1881
17.1872
18.4408
19.5426
20.9523
21.9596
22.582
23.543
24.3172
24.7966
25.5905
26.4439
26.6176
26.6132
26.567
25.7269
24.194
22.5512
20.1936
17.086
14.084
11.115
7.70399
4.47549
1.83638
-0.890699
-3.61998
-5.76645
-8.06467
-10.7874
-13.3891
-16.0458
-19.3842
-22.6809
-25.5532
-28.4122
-30.9105
-32.3928
-33.0218
-33.013
-31.4846
-28.6761
-25.5312
-21.5571
-16.6902
-11.9332
-7.37631
-2.78866
1.12382
4.16319
6.91446
9.12471
10.2111
10.9699
11.7154
11.8012
11.6275
11.821
11.7946
11.4911
11.6187
12.0365
11.9771
12.0299
12.4192
12.4346
12.1839
12.0959
11.5923
10.4245
9.23468
7.73478
5.331
2.68089
0.184738
-2.6633
-5.69387
-8.19443
-10.5718
-12.8129
-14.1566
-14.9154
-15.7247
-16.1601
-16.1315
-16.3273
-16.699
-16.9739
-17.5501
-18.5683
-19.0895
-19.4348
-19.8835
-19.613
-18.2802
-16.4306
-13.8531
-10.1936
-5.9182
-1.37014
3.82451
9.22588
14.1038
18.8388
23.3759
27.0289
29.8373
32.2279
33.7586
34.1369
34.2028
33.5101
31.6979
29.4568
27.0794
23.9323
20.3475
16.8837
13.1757
9.18189
5.74226
2.54234
-0.725755
-3.73434
-6.15132
-8.53531
-10.9347
-12.8832
-14.9989
-17.4467
-19.5294
-21.5285
-23.9785
-26.2393
-27.9284
-29.5096
-30.7654
-31.1811
-31.0799
-30.662
-29.3425
-27.4687
-25.5993
-23.4133
-20.7654
-18.5045
-16.479
-14.2248
-12.362
-10.9479
-9.25227
-7.62262
-6.54499
-5.39258
-3.92567
-2.77326
-1.91555
-0.919289
-0.2969
-0.145151
0.20673
0.470641
0.136354
-0.200132
-0.120959
-0.270509
-0.453047
-0.125358
0.145151
0.270509
0.877503
1.59666
1.7704
1.99912
2.3774
2.28503
1.79679
1.41192
0.648781
-0.639984
-1.72642
-2.89202
-4.59205
-6.14032
-7.37191
-8.84761
-10.3915
-11.4229
-12.6347
-13.9829
-14.9154
-15.6499
-16.666
-17.4753
-17.6886
-17.9547
-17.9679
-17.2092
-16.3493
-15.3552
-13.5386
-11.302
-9.41502
-7.23995
-4.70421
-2.51375
-0.497032
1.766
3.68595
5.15726
6.82649
8.33078
9.14231
9.85927
10.6114
10.8973
10.8511
10.9941
10.8951
10.596
10.8181
11.2558
11.3636
11.6978
12.3818
12.5556
12.4082
12.1993
11.2448
9.4612
7.55884
5.27821
2.20146
-0.952278
-3.85969
-7.0948
-10.2771
-13.013
-15.7797
-18.6629
-21.0623
-23.2066
-25.5883
-27.5039
-28.7619
-29.8659
-30.4839
-30.1188
-29.2677
-28.0955
-26.004
-23.543
-21.3328
-18.9884
-16.4394
-14.4535
-13.013
-11.6824
-11.0161
-10.9105
-10.5938
-10.3343
-10.5432
-10.3277
-9.51398
-8.66507
-7.56324
-5.81703
-4.21377
-2.88762
-1.22718
0.268309
0.831319
1.15681
1.35254
0.864308
-0.0549814
-0.846714
-1.90676
-3.29009
-4.27315
-5.16825
-6.46141
-7.60943
-8.42755
-9.68552
-11.0865
-12.1685
-13.5386
-15.1903
-16.4021
-17.4489
-18.8762
-19.9868
-20.6554
-21.5021
-22.3598
-22.7073
-23.1142
-23.5628
-23.3187
-22.7315
-22.2345
-21.2074
-19.3952
-17.5787
-15.5114
-12.8744
-10.4795
-8.41215
-6.14692
-4.10381
-2.89202
-1.90676
-0.961075
-0.611393
-0.587201
-0.26611
-0.182538
-0.303497
0.094568
0.712559
1.02485
1.71762
2.88103
3.76293
4.71081
6.10074
7.36751
8.43415
9.87466
11.2844
12.2279
13.2329
14.2908
14.6712
14.5833
14.4469
13.4177
11.5703
9.62394
7.21576
3.88389
0.406862
-2.90742
-6.37784
-9.63494
-12.1751
-14.26
-15.8258
-16.1733
-15.6565
-14.812
-13.1779
-10.7016
-8.16364
-5.50914
-2.54454
0.101166
2.33341
4.61184
6.60217
7.76777
8.8718
10.0352
10.739
11.1656
11.898
12.4808
12.8942
13.8025
14.801
15.485
16.4548
17.6512
18.2736
18.7531
19.2677
19.1071
18.2538
17.3389
16.1469
14.1962
12.1575
10.2727
8.17464
6.13812
4.63383
3.12734
1.69783
0.844514
0.250715
-0.701563
-1.40532
-1.83198
-2.54014
-3.35387
-3.93447
-4.69981
-5.67408
-6.24369
-6.70773
-7.58523
-8.17024
-8.25601
-8.54631
-8.83661
-8.45174
-8.10866
-7.72159
-6.58677
-5.0341
-3.554
-1.45151
1.29096
4.05763
6.86168
10.121
13.0548
15.5795
18.2032
20.4245
21.7638
22.8569
23.774
24.0775
24.0577
24.1698
23.9895
23.5166
23.4397
23.3143
22.6809
22.1223
21.7374
20.8402
19.525
18.3088
16.5648
14.2842
12.2103
9.82188
6.78471
3.86189
1.27117
-1.60986
-4.41391
-6.56038
-8.59909
-10.3761
-11.2756
-11.6275
-11.876
-11.5153
-10.3607
-9.21928
-7.92832
-6.18871
-4.66022
-3.47482
-1.94854
-0.565209
0.191335
0.884101
1.61865
1.98813
2.0783
2.38619
2.362
2.0827
2.14647
2.33121
2.12008
2.19486
2.72268
3.12954
3.67056
4.60744
5.3178
5.94899
6.88587
7.65561
7.71499
7.64681
7.49287
6.71873
5.60151
4.4381
2.81945
0.844514
-0.815924
-2.52695
-4.67342
-6.61976
-8.22742
-10.0594
-11.9354
-13.3605
-14.9813
-16.6858
-17.792
-18.5749
-19.4986
-19.967
-19.7493
-19.4084
-18.6783
-17.2576
-15.7533
-14.1236
-11.8716
-9.42381
-7.19157
-4.68002
-1.84078
0.776337
3.42204
6.33166
8.97736
11.379
14.0093
16.4328
18.1769
19.7647
21.2206
21.9354
22.1487
22.2807
21.6649
20.5652
19.5888
18.3968
16.6968
15.1749
13.9785
12.5863
11.3614
10.5762
9.71851
8.74204
8.07347
7.36311
6.12933
4.90654
3.75633
2.19926
0.558611
-0.741149
-2.09589
-3.30328
-3.69695
-3.59358
-3.39785
-2.42578
-0.730153
1.05784
3.04817
5.51793
7.81616
9.83287
12.1157
14.2776
15.9094
17.605
19.4546
20.8028
21.9926
23.3561
24.1082
24.3612
24.5195
24.0203
22.4104
20.3211
17.7216
14.227
10.0682
5.88741
1.57687
-2.69629
-6.25029
-9.1643
-11.6473
-13.134
-13.5562
-13.609
-13.2307
-12.2982
-11.5725
-11.0843
-10.3717
-9.89445
-10.0198
-9.87686
-9.41282
-9.11152
-8.5661
-7.44008
-6.39104
-5.42556
-4.20938
-3.18892
-2.99979
-2.97779
-3.03717
-3.89708
-4.99891
-5.83463
-6.85288
-7.72599
-7.79856
-7.48847
-7.0926
-5.98638
-4.1324
-2.22785
-0.173741
2.39499
4.97252
7.3785
10.0968
12.6567
14.6624
16.6
18.4078
19.6679
20.563
21.368
21.5615
21.2976
21.2162
20.8467
19.8703
18.9378
18.0097
16.5846
14.9066
13.3121
11.2294
8.74864
6.52739
4.26216
1.61425
-0.683969
-2.47856
-4.21817
-5.57511
-6.25688
-6.89907
-7.34771
-7.24655
-7.07061
-7.36751
-7.50166
-7.54345
-8.11965
-8.89599
-9.4612
-10.3145
-11.1458
-11.5131
-11.6363
-11.909
-11.7726
-11.1898
-10.728
-10.3079
-9.72951
-9.54037
-9.86366
-10.0814
-10.5322
-11.4955
-12.2411
-12.6831
-13.1538
-13.2681
-12.56
-11.5065
-10.1364
-8.09766
-5.6301
-3.41764
-1.06004
1.35914
3.2439
4.69761
5.94459
6.55598
6.5142
6.501
6.2107
5.27821
4.4293
3.65077
2.48736
1.21399
0.0681769
-1.41412
-3.21091
-4.7394
-6.38664
-8.44514
-10.2463
-11.6253
-13.0548
-14.2908
-14.9527
-15.6389
-16.3119
-16.4878
-16.5978
-17.0882
-17.4159
-17.4929
-17.792
-18.0009
-17.6116
-17.0926
-16.424
-14.9461
-13.0064
-11.1634
-8.89379
-6.1953
-3.75193
-1.50429
0.961075
2.97339
4.54146
6.22389
7.61822
8.37917
9.14011
9.88126
10.0968
10.0264
10.0022
9.64374
8.84101
8.18123
7.32792
5.94239
4.64483
3.46823
1.95734
0.426656
-0.809326
-2.25424
-3.67056
-4.49528
-5.00331
-5.58831
-5.59491
-4.99231
-4.40731
-3.63977
-2.52914
-1.73081
-1.40093
-1.12602
-1.4647
-2.84144
-4.65363
-6.72533
-9.61075
-12.7161
-15.6345
-18.5551
-21.1151
-22.7535
-23.7014
-24.2512
-23.7872
-22.1861
-20.1034
-17.6006
-14.2644
-10.8203
-7.33892
-3.51881
0.167143
3.23291
6.18651
8.90039
10.9347
12.4742
13.7783
14.4535
14.6097
14.779
14.7702
14.172
13.6706
13.3363
12.6171
11.7858
11.2052
10.2507
9.05434
8.10646
7.01563
5.39258
3.97626
2.74247
1.26017
-0.222125
-1.42072
-2.71168
-4.07082
-5.07148
-5.97098
