500
2058
6.22617
5.34947
4.56841
3.84473
3.20075
2.6301
2.10727
1.57806
1.0632
0.425598
-0.3188
-1.09667
-2.018
-3.19438
-4.49986
-5.75753
-7.2001
-8.69209
-10.0677
-11.4784
-12.9114
-14.1563
-15.3694
-16.6493
-17.9373
-19.1232
-20.4
-21.6577
-22.7719
-23.7538
-24.4791
-24.715
-24.4344
-23.588
-22.0737
-19.7895
-16.8597
-13.396
-9.54966
-5.46423
-1.44416
2.45954
6.04604
9.13203
11.6266
13.6144
15.0107
15.9639
16.6015
16.992
17.1754
17.3714
17.5691
17.7364
17.8512
18.0106
17.9692
17.7922
17.5324
16.9825
16.1536
15.2275
14.1404
12.7934
11.3636
9.98801
8.52153
7.06939
5.79897
4.65767
3.69171
3.01904
2.65561
2.54721
2.75922
3.31393
4.01529
4.79635
5.7129
6.59279
7.18894
7.72771
8.0768
8.16288
8.0497
7.94769
7.67511
7.30212
7.05505
6.84145
6.58641
6.41745
6.32818
6.17038
6.0046
5.92331
5.74797
5.58378
5.45626
5.19963
4.92068
4.64332
4.25917
3.67417
3.01266
2.38144
1.60994
0.82091
0.24707
-0.20722
-0.4782
-0.401688
0.009564
0.655134
1.66892
2.99832
4.45364
5.97431
7.70859
9.33606
10.887
12.3647
13.6861
14.7094
15.5415
16.1759
16.4756
16.5043
16.2987
15.7455
14.8274
13.6845
12.387
10.7244
8.93756
7.08852
5.25064
3.47173
1.92236
0.602532
-0.379372
-0.967558
-1.20347
-1.24651
-1.05842
-0.706142
-0.38256
-0.205626
-0.098828
-0.109986
-0.237506
-0.309236
-0.261416
-0.10361
0.404876
1.33258
2.51214
4.04717
5.88983
7.83611
9.69949
11.6011
13.2477
14.5532
15.5941
16.3624
16.7912
16.9889
17.0399
16.8597
16.5186
16.1488
15.6993
15.1207
14.4958
13.9013
13.2302
12.5352
11.8195
11.1197
10.3738
9.71065
9.02045
8.32228
7.45673
6.71074
5.94881
5.1008
4.32771
3.46217
2.50577
1.62269
0.663104
-0.569058
-1.8331
-3.28683
-4.97009
-6.77769
-8.50559
-10.2319
-11.8482
-13.1856
-14.1356
-14.7668
-14.9597
-14.7764
-14.3524
-13.7817
-13.1505
-12.5336
-12.0937
-11.7318
-11.4513
-11.2648
-10.9922
-10.5204
-9.81904
-8.83236
-7.52528
-5.90577
-4.15397
-2.35274
-0.449508
1.22419
2.6572
3.96269
4.9685
5.82129
6.72668
7.62092
8.51196
9.66761
10.9253
12.1798
13.5028
14.7126
15.6132
16.1026
16.2476
16.0101
15.2689
14.3077
13.2509
12.0379
10.828
9.92425
9.12884
8.51037
8.0513
7.50137
6.93868
6.27717
5.50887
4.44886
3.32668
2.20928
1.13812
0.17534
-0.46226
-0.782654
-1.00103
-0.913362
-0.59775
-0.42241
-0.34271
-0.329958
-0.6376
-1.24491
-1.98772
-2.91383
-3.99935
-4.92387
-5.82448
-6.56728
-7.05983
-7.25589
-7.26386
-7.01679
-6.50671
-5.83564
-5.0211
-4.00254
-2.72415
-1.47286
-0.106798
1.36446
2.7369
4.13324
5.44192
6.67249
7.56831
8.45299
9.17826
9.69471
10.0438
10.259
10.2622
10.0199
9.65327
9.00451
7.99391
6.82073
5.49133
3.95631
2.44838
1.06957
-0.189686
-1.13493
-1.594
-1.74702
-1.39316
-0.588186
0.691796
2.04032
3.67895
5.34468
6.90521
8.29996
9.44445
10.2367
10.6384
10.7739
10.5714
9.95772
9.24042
8.49762
7.65917
6.77928
6.15603
5.57741
5.06573
4.68955
4.28149
3.68852
2.97441
2.17103
0.943648
-0.554712
-2.15031
-3.78097
-5.47061
-6.9084
-8.11028
-8.93278
-9.29781
-9.18941
-8.7144
-7.92378
-6.85101
-5.69855
-4.65767
-3.43667
-2.35115
-1.47923
-0.535584
0.3188
0.927708
1.49517
1.98453
2.34318
2.49461
2.48983
2.25392
1.75021
1.14768
0.529208
-0.181716
-0.768308
-1.1158
-1.34215
-1.47445
-1.33896
-1.13333
-1.11421
-1.01219
-0.881482
-0.942054
-1.13971
-1.1429
-1.01538
-0.704548
-0.030286
0.953212
2.18856
3.62635
5.1805
6.51946
7.65758
8.51196
8.85786
8.75903
8.38285
7.70062
6.81276
6.04445
5.38613
4.75172
4.2783
3.92124
3.61041
3.21032
2.75922
2.11843
1.29433
0.349086
-0.435162
-1.19072
-1.70399
-1.66573
-1.31983
-0.640788
0.57384
1.98294
3.36653
4.71984
6.04445
6.85261
7.2527
7.27183
6.84304
6.12734
5.25064
4.2512
3.27248
2.51852
2.11205
1.95265
2.13755
2.74487
3.64548
4.58116
5.72087
6.81276
7.65439
8.26011
8.46255
8.21548
7.51412
6.49715
5.13428
3.52593
1.96381
0.492546
-0.950024
-2.05945
-2.73212
-3.17684
-3.2677
-3.04454
-2.72255
-2.30971
-1.75181
-1.1684
-0.819316
-0.431974
-0.058978
0.170558
0.3188
0.43038
0.38256
0.219972
-0.043038
-0.377778
-0.929302
-1.63066
-2.35115
-3.22945
-4.26236
-5.06414
-5.85636
-6.52424
-6.97056
-7.19691
-7.20966
-6.95303
-6.31224
-5.43076
-4.37713
-2.91862
-1.3007
0.610502
2.82935
5.14862
7.59063
10.1012
12.6771
15.151
17.5452
19.815
21.7996
23.5051
24.9828
26.1942
26.9482
27.3754
27.5045
27.0072
25.9137
24.275
22.0068
18.908
15.253
11.1293
6.5354
1.69602
-2.96006
-7.49818
-11.6266
-15.0808
-17.8369
-19.8533
-20.9834
-21.5094
-21.5812
-21.2305
-20.5228
-19.7608
-18.9527
-18.2322
-17.5914
-16.9793
-16.4708
-15.9225
-15.3343
-14.5963
-13.6112
-12.5543
-11.1819
-9.50503
-7.55237
-5.50887
-3.29958
-0.950024
1.26404
3.50521
5.69218
7.67511
9.38866
11.0847
12.5703
13.9061
15.2466
16.5888
17.7572
18.9176
19.9218
20.6056
20.9404
20.9468
20.3729
19.3225
17.848
15.9544
13.7722
11.4401
9.13362
6.89724
4.81388
3.0015
1.45851
0.105204
-0.994656
-1.87773
-2.68749
-3.13859
-3.37928
-3.35697
-3.01744
-2.1248
-0.895828
0.60572
2.4962
4.37394
6.01895
7.35153
8.26489
8.35894
7.67511
6.2979
4.21454
1.68326
-0.942054
-3.53709
-5.80854
-7.43442
-8.23142
-8.32865
-7.57469
-6.08589
-4.01369
-1.63226
0.899016
3.37131
5.54075
7.40254
8.81801
9.62458
9.87483
9.73137
9.03639
7.89668
6.47642
4.76766
2.8437
0.848008
-1.15565
-3.28683
-5.21079
-6.95781
-8.716
-10.3291
-11.7047
-12.9752
-14.1962
-15.194
-15.897
-16.3752
-16.6015
-16.2875
-15.6005
-14.5277
-12.9481
-11.1038
-9.13841
-7.07736
-5.1821
-3.54028
-2.27942
-1.49836
-1.15246
-1.25607
-1.64341
-2.24116
-2.98716
-3.66142
-4.16831
-4.6497
-4.95575
-5.02429
-5.02748
-4.90474
-4.56203
-4.15397
-3.58331
-2.62691
-1.42822
0.020722
1.85542
4.0918
6.44136
8.80526
11.1947
13.2461
14.7174
15.6467
15.9113
15.312
13.922
12.065
9.65646
6.99926
4.34843
1.88092
-0.19128
-1.77731
-2.72574
-3.02541
-2.81979
-2.04829
-0.954806
0.306048
1.7263
3.07164
4.17947
5.13906
5.90896
6.36484
6.62148
6.74581
6.71393
6.55294
6.37919
6.11777
5.70333
5.27136
4.69274
3.84951
2.92977
1.98453
0.89264
-0.081294
-0.744398
-1.12696
-1.07117
-0.325176
1.15087
3.19438
5.91055
9.21492
12.8891
16.686
20.5036
24.1188
27.2877
30.0581
32.3821
34.0287
35.1079
35.7757
35.9208
35.661
35.0808
34.1228
32.6754
30.9906
29.0092
26.6421
23.9881
21.2799
18.39
15.4969
12.7727
10.1171
7.75481
5.61566
3.70286
1.95424
0.44632
-0.849602
-1.99888
-2.98397
-3.70605
-4.26236
-4.58275
-4.61782
-4.32134
-3.91965
-3.41754
-2.70343
-2.06901
-1.60835
-1.25767
-1.22897
-1.57009
-2.19334
-3.0828
-4.36597
-5.82926
-7.38341
-8.99495
-10.6272
-11.9901
-13.1585
-14.0623
-14.5771
-14.6058
-14.4241
-13.8025
-12.8971
-11.8115
-10.5029
-9.22448
-7.87277
-6.72987
-5.62204
-4.66564
-3.89893
-3.25336
-2.63488
-2.03235
-1.49358
-0.913362
-0.245476
0.388936
1.11421
1.90164
2.53287
3.02223
3.54825
3.86705
3.91646
3.81285
3.61041
3.14178
2.52171
1.81078
0.895828
-0.162588
-1.21622
-2.31608
-3.46855
-4.49189
-5.37497
-6.05242
-6.29471
-6.07792
-5.32237
-4.12049
-2.30971
-0.043038
2.53446
5.39888
8.2362
10.8137
13.0899
14.8832
16.0404
16.5011
16.4102
15.7232
14.4958
12.964
11.2138
9.25955
7.2798
5.40047
3.46058
1.51749
-0.371402
-2.34318
-4.52377
-6.73784
-9.0874
-11.6776
-14.287
-16.8534
-19.3719
-21.7007
-23.6056
-25.1246
-26.1034
-26.5146
-26.36
-25.7766
-24.7963
-23.4302
-22.0291
-20.5833
-19.2093
-18.0281
-17.0064
-16.0516
-15.2578
-14.5198
-13.6144
-12.4157
-11.0193
-9.32331
-7.12199
-4.70071
-2.03873
0.86873
3.86067
6.78088
9.60704
12.2882
14.6935
16.847
18.771
20.3506
21.7071
22.8516
23.6693
24.0742
24.165
23.969
23.1433
21.8442
20.1147
17.8831
15.2179
12.3168
9.19898
6.01416
2.99353
0.197656
-2.34159
-4.53334
-6.34253
-7.85045
-9.10653
-10.0374
-10.8105
-11.6776
-12.328
-12.8572
-13.5155
-14.0256
-14.4847
-14.8115
-15.0936
-15.1892
-15.1621
-15.1271
-14.9422
-14.5963
-14.2312
-13.7307
-13.1696
-12.5926
-11.9136
-11.1134
-10.251
-9.59907
-8.8738
-8.07043
-7.45514
-6.92274
-6.37441
-5.93606
-5.4993
-4.97966
-4.31974
-3.62795
-2.81819
-1.84426
-0.865542
0.11955
1.08551
1.84585
2.32883
2.68589
2.68908
2.35115
1.90642
1.38359
0.755556
0.173746
-0.141866
-0.251852
-0.148242
0.264604
0.954806
1.67051
2.59344
3.56419
4.49508
5.37656
6.18313
6.88768
7.46789
8.06883
8.59485
8.91206
9.26274
9.56082
9.71225
9.78079
9.81107
9.74253
9.5927
9.49546
9.51937
9.54647
9.63095
9.91787
10.1315
10.4487
10.9301
11.3365
11.7318
12.1941
12.6293
12.9497
13.404
13.8391
14.1356
14.3492
14.4273
14.2233
13.6415
12.8126
11.5645
9.83977
7.87755
5.74478
3.41754
1.12696
-1.08073
-3.09874
-4.87924
-6.23732
-7.28299
-7.99551
-8.41632
-8.51993
-8.40357
-8.14216
-7.67033
-7.15706
-6.71074
-6.11299
-5.5535
-5.24107
-4.88721
-4.54131
-4.38828
-4.20338
-3.88139
-3.53231
-3.05729
-2.36709
-1.55734
-0.647164
0.443132
1.46489
2.44201
3.30596
4.04398
4.52377
4.79475
5.04342
5.16775
5.27136
5.44989
5.75594
6.11937
6.60554
7.21763
7.80423
8.34459
8.716
8.91684
8.8483
8.51037
7.96522
7.08852
6.07155
4.97169
3.69649
2.41172
1.36925
0.352274
-0.583404
-1.28636
-1.79803
-2.18059
-2.38941
-2.51533
-2.6046
-2.69705
-2.77675
-2.94571
-3.1896
-3.44304
-3.64548
-3.88458
-3.98341
-3.95153
-3.69489
-3.22148
-2.51533
-1.64182
-0.739616
0.221566
1.16203
1.79484
2.28898
2.47708
2.40535
2.08336
1.70399
1.13812
0.556306
0.125926
-0.19925
-0.395312
-0.325176
-0.149836
-0.109986
0.014346
0.054196
-0.145054
-0.6376
-1.37084
-2.32086
-3.48289
-4.73259
-6.02054
-7.32124
-8.46733
-9.3791
-10.1618
-10.8408
-11.2489
-11.5517
-11.8195
-12.0634
-12.2132
-12.3073
-12.2818
-11.9933
-11.5278
-10.7994
-9.6437
-8.19954
-6.53221
-4.71505
-2.81022
-1.13812
0.40647
1.67529
2.37187
2.64445
2.61416
2.10408
1.36128
0.543554
-0.291702
-1.10305
-1.73746
-2.08176
-2.10567
-1.9399
-1.42344
-0.690202
0.235912
1.35649
2.57909
3.75865
4.94618
6.15922
7.2272
8.10071
8.89293
9.47633
9.87643
10.0103
10.0039
9.79673
9.49865
9.12087
8.71121
8.30474
8.07361
8.04652
8.19635
8.68093
9.31534
10.098
11.1484
12.3551
13.4422
14.4337
15.3343
16.0548
16.5298
16.7577
16.8406
16.7051
16.3608
15.9273
15.2163
14.2536
13.1266
11.7079
9.89715
7.85364
5.66986
3.32349
0.989874
-1.10305
-2.82935
-4.08383
-4.89836
-5.06095
-4.81229
-4.22729
-3.47811
-2.79907
-2.27942
-2.01003
-2.16625
-2.70024
-3.50202
-4.50146
-5.59175
-6.55134
-7.22242
-7.77872
-8.09593
-8.03376
-7.78032
-7.51093
-7.19691
-6.88608
-6.65655
-6.47961
-6.34093
-6.29471
-6.16081
-5.8994
-5.58538
-5.29368
-4.85692
-4.31177
-3.81444
-3.38247
-2.88355
-2.47708
-2.09292
-1.77253
-1.41547
-1.13333
-0.801782
-0.506892
-0.251852
-0.017534
0.189686
0.291702
0.433568
0.600938
0.738022
0.798594
0.993062
1.2226
1.19231
1.14768
1.0361
0.580216
-0.154618
-1.02813
-2.14393
-3.32668
-4.48711
-5.46902
-6.24051
-6.48918
-6.20704
-5.46902
-4.29743
-2.69386
-0.779466
1.13971
3.06845
4.7549
5.99663
6.8558
7.2543
7.13793
6.5896
5.72884
4.60188
3.36812
2.06423
0.792218
-0.401688
-1.38837
-2.19813
-2.86442
-3.28205
-3.38725
-3.43348
-3.32827
-2.99353
-2.48505
-1.93352
-1.28476
-0.623254
-0.049414
0.455884
0.841632
1.03291
1.03929
0.855978
0.471824
-0.08767
-0.7173
-1.28317
-1.92396
-2.49142
-2.89789
-3.29002
-3.55622
-3.73474
-3.85429
-4.13006
-4.3851
-4.64651
-4.93821
-5.15978
-5.12471
-4.86011
-4.37075
-3.3474
-1.99888
-0.355462
1.6195
3.69808
5.63001
7.39457
8.80367
9.70746
9.97685
9.6979
8.93916
7.68946
6.10502
4.32452
2.44679
0.559494
-1.23694
-2.82935
-4.24482
-5.44511
-6.39354
-7.23517
-7.75003
-8.0497
-8.22823
-8.23939
-8.06724
-7.81379
-7.55397
-7.22401
-6.97535
-6.93868
-7.06939
-7.36109
-7.97
-8.71759
-9.44924
-10.318
-11.1947
-11.9279
-12.4029
-12.6771
-12.5639
-12.0459
-11.2983
-10.2239
-8.74788
-7.01201
-5.12152
-2.93615
-0.604126
1.84426
4.35322
6.95144
9.50184
11.9646
14.4082
16.6302
18.5605
20.3458
21.8761
22.9552
23.6964
24.1714
24.2782
23.9817
23.384
22.4483
21.2161
19.8453
18.1716
16.254
14.1021
11.837
9.4046
6.93231
4.40901
1.91918
-0.556306
-2.7624
-4.69274
-6.31224
-7.54122
-8.24258
-8.68093
-8.74309
-8.45777
-8.09593
-7.68786
-7.32921
-7.14431
-7.26864
-7.54759
-7.99232
-8.64427
-9.25158
-9.69631
-9.90034
-9.81107
-9.16391
-8.02579
-6.57685
-4.77881
-2.61576
-0.376184
1.85542
3.98022
5.89461
7.546
8.99335
10.1506
11.0289
11.7127
12.1702
12.3902
12.4061
12.2419
11.7414
10.7627
9.47793
7.89509
5.98069
3.83198
1.54299
-0.840038
-3.07323
-5.09921
-6.94825
-8.56775
-9.79513
-10.7691
-11.5884
-12.2021
-12.6707
-13.0405
-13.3163
-13.4597
-13.5426
-13.5522
-13.2892
-12.9592
-12.6117
-12.1782
-11.7334
-11.3732
-11.1325
-10.9603
-11.0098
-11.1883
-11.4625
-11.7653
-12.108
-12.2897
-12.1798
-11.9008
-11.2505
-10.1665
-8.69209
-6.8542
-4.71187
-2.2842
0.301266
2.99832
5.54234
7.83292
9.85889
11.523
12.7026
13.3721
13.5936
13.3561
12.599
11.4672
10.0071
8.23301
6.27877
4.34525
2.391
0.51805
-1.02335
-2.23957
-3.05092
-3.48449
-3.59447
-3.57056
-3.46058
-3.41594
-3.64707
-4.35481
-5.55031
-7.25748
-9.47315
-12.0108
-14.6839
-17.4272
-19.9951
-22.2522
-24.0774
-25.5455
-26.4604
-27.0024
-27.318
-27.3228
-27.0789
-26.6899
-26.1432
-25.351
-24.2814
-22.9409
-21.1556
-19.0515
-16.6031
-13.863
-10.9125
-7.9716
-5.04023
-2.18059
0.315612
2.35115
3.90849
4.98285
5.51205
5.5535
5.15659
4.28627
3.15453
1.87136
0.395312
-1.20825
-2.90427
-4.67839
-6.52424
-8.38285
-10.318
-12.3041
-14.2472
-16.0165
-17.6552
-19.0037
-19.8294
-20.204
-20.204
-19.7114
-18.7725
-17.585
-16.2269
-14.8656
-13.6319
-12.642
-11.9598
-11.6346
-11.6569
-11.8737
-12.2579
-12.7839
-13.227
-13.4263
-13.4597
-13.1824
-12.5241
-11.5358
-10.3084
-8.86424
-7.29733
-5.8723
-4.52218
-3.43985
-2.71618
-2.43404
-2.62851
-3.24857
-4.35162
-5.76231
-7.37703
-9.2197
-11.064
-12.7584
-14.3364
-15.6626
-16.5378
-17.067
-17.2439
-16.9873
-16.3098
-15.3168
-13.9874
-12.4189
-10.6049
-8.66658
-6.56728
-4.39944
-2.30652
-0.237506
1.82354
3.70127
5.41482
6.97853
8.34141
9.59429
10.6463
11.5119
12.1766
12.7074
13.0804
13.2286
13.2063
13.1282
12.9369
12.583
12.3519
12.2116
12.0873
12.1782
12.4651
12.7807
13.1888
13.7212
14.1053
14.2775
14.3317
14.1324
13.49
12.6085
11.437
10.0119
8.41314
6.82073
5.1008
3.40797
1.94946
0.73324
-0.301266
-1.06957
-1.45054
-1.54299
-1.4075
-1.14768
-0.7173
-0.290108
0.078106
0.277356
0.102016
-0.258228
-0.855978
-1.77731
-2.90108
-4.00413
-5.1024
-6.12415
-6.8287
-7.18257
-7.27502
-6.94347
-6.2437
-5.38772
-4.31177
-3.01107
-1.76137
-0.642382
0.516456
1.57328
2.45795
3.29002
4.08224
4.78041
5.59016
6.46845
7.31646
8.22664
9.20057
10.2064
11.1724
12.1096
13.031
13.8455
14.5676
15.2881
15.8444
16.321
16.7593
17.0845
17.2837
17.3905
17.4304
17.4208
17.2901
17.204
17.11
16.9745
16.9841
17.067
17.1722
17.3204
17.4495
17.4894
17.5005
17.4368
17.0494
16.4453
15.6212
14.5038
13.1075
11.3796
9.41576
7.16981
4.80751
2.43244
0.02391
-2.24276
-4.26714
-5.88824
-7.17938
-7.93972
-8.16128
-8.00188
-7.32443
-6.30268
-5.03385
-3.61041
-2.01482
-0.503704
0.978716
2.32405
3.55303
4.52856
5.24586
5.86752
6.21182
6.25326
6.10343
5.77347
5.21238
4.61144
3.91646
3.14975
2.48505
1.92396
1.51749
1.16681
0.945242
0.867136
0.68542
0.427192
0.006376
-0.792218
-1.87136
-3.20713
-4.79157
-6.69321
-8.55181
-10.4264
-12.1973
-13.6686
-14.7955
-15.6467
-16.1409
-16.2811
-16.3114
-16.1504
-15.8651
-15.5303
-15.1223
-14.5293
-13.7052
-12.744
-11.5023
-9.79354
-7.74206
-5.48177
-2.9489
-0.301266
2.21247
4.55247
6.63582
8.25852
9.42214
10.1633
10.479
10.412
10.1809
9.85571
9.41257
9.03639
8.76382
8.49443
8.26489
8.02739
7.60816
7.03592
6.22298
5.17094
3.81126
2.29536
0.704548
-0.959588
-2.47867
-3.75547
-4.72462
-5.40366
-5.61248
-5.47858
-5.21557
-4.70071
-4.0663
-3.62954
-3.28045
-3.02382
-2.97281
-3.09236
-3.1609
-3.15612
-2.96803
-2.43723
-1.54299
-0.165776
1.66573
3.94356
6.49236
9.23723
12.1303
14.9278
17.4942
19.7879
21.739
23.2883
24.3882
25.0959
25.3653
25.3095
24.9365
24.275
23.3091
22.0434
20.4813
18.586
16.3688
13.9284
11.0767
7.98435
4.98444
1.92396
-1.22579
-4.14759
-6.81913
-9.34403
-11.6027
-13.6144
-15.4985
-17.2822
-18.9415
-20.4654
-21.8697
-23.062
-23.9738
-24.4982
-24.5731
-24.1236
-23.1943
-21.8394
-20.0286
-17.8385
-15.5096
-12.9911
-10.3483
-7.71656
-4.94778
-2.24435
0.444726
3.14496
5.7655
8.3685
10.7818
12.9497
14.8003
16.2604
17.44
18.2736
18.6562
18.7646
18.8538
18.8012
18.594
18.3597
18.0967
17.6727
17.0016
16.2524
15.1781
13.7132
11.9773
9.95135
7.71656
5.36222
3.06845
0.785842
-1.33258
-3.1083
-4.5955
-5.83404
-6.69321
-7.22879
-7.546
-7.60816
-7.40254
-7.03114
-6.52743
-5.81173
-4.96053
-4.04717
-3.13381
-2.19016
-1.33577
-0.52602
0.097234
0.492546
0.753962
0.848008
0.771496
0.516456
0.25504
0.05579
-0.27098
-0.607314
-0.90858
-1.42822
-2.09452
-2.88355
-3.99775
-5.42757
-7.05505
-8.99016
-11.1787
-13.3816
-15.457
-17.4288
-19.2077
-20.5435
-21.4489
-21.9032
-21.7246
-21.0169
-20.043
-18.5239
-16.6318
-14.66
-12.599
-10.4981
-8.54703
-6.86217
-5.33512
-4.20497
-3.42232
-2.78472
-2.32086
-2.02119
-1.82035
-1.53024
-1.24491
-1.00103
-0.618472
-0.229536
0.057384
0.337928
0.618472
0.760338
0.973934
1.26564
1.56212
1.9925
2.68589
3.49883
4.37553
5.42598
6.5896
7.64323
8.56935
9.42692
10.0087
10.3403
10.5746
10.4742
10.0326
9.39982
8.52631
7.25748
5.79419
4.13165
2.13437
0.028692
-2.06104
-4.16991
-6.20544
-8.00667
-9.48749
-10.6336
-11.4178
-11.8402
-12.0363
-12.0044
-11.6266
-11.2441
-10.9619
-10.6415
-10.412
-10.4072
-10.5395
-10.734
-11.107
-11.5836
-12.006
-12.2977
-12.4794
-12.3089
-11.7526
-10.9157
-9.60864
-7.9445
-6.06836
-4.10774
-2.01482
-0.086076
1.49198
2.66836
3.38088
3.52752
3.22466
2.46592
1.38997
-0.02391
-1.43301
-2.73849
-3.9866
-5.03545
-5.79579
-6.30587
-6.42701
-6.20544
-5.84839
-5.27136
-4.43292
-3.54984
-2.72096
-1.90642
-1.20347
-0.809752
-0.691796
-0.787436
-1.20188
-1.94149
-2.78472
-3.69489
-4.68158
-5.41641
-5.92809
-6.2182
-6.14487
-5.74
-5.10718
-4.28467
-3.2677
-2.2045
-1.20506
-0.227942
0.651946
1.33896
1.8873
2.39897
2.72096
2.8437
3.01426
3.11946
3.03817
2.99194
