330
2283
17.9474
23.3946
28.4341
32.998
37.0335
40.5035
43.387
45.6787
47.3878
48.5371
49.1604
49.3012
49.0095
48.3401
47.3496
46.0945
44.6288
43.0023
41.2592
39.4375
37.5677
35.6733
33.7711
31.8716
29.9802
28.0983
26.2252
24.3586
22.497
20.6403
18.7912
16.9558
15.1444
13.3712
11.6544
10.0157
8.47938
7.07098
5.81642
4.74038
3.86498
3.20841
2.78376
2.59801
2.65136
2.93681
3.44017
4.14035
5.01006
6.01677
7.12396
8.29261
9.48273
10.655
11.7724
12.8016
13.7142
14.4878
15.1067
15.5621
15.8522
15.9817
15.9613
15.8065
15.5363
15.172
14.736
14.2496
13.7323
13.2004
12.6662
12.1369
11.6148
11.097
10.5761
10.0404
9.47541
8.86476
8.19176
7.44079
6.59883
5.65682
4.6109
3.46335
2.22329
0.90697
-0.462333
-1.85475
-3.2347
-4.56209
-5.7938
-6.88544
-7.79321
-8.47587
-8.89661
-9.0249
-8.83801
-8.32231
-7.47423
-6.30073
-4.81944
-3.05831
-1.05477
1.14536
3.48949
5.92001
8.37633
10.797
13.122
15.2945
17.2632
18.9838
20.4204
21.5467
22.3464
22.814
22.9537
22.7798
22.3154
21.5911
20.6435
19.5142
18.2471
16.8876
15.4803
14.0675
12.6882
11.3766
10.161
9.06374
8.10047
7.28024
6.60572
6.07373
5.6759
5.39954
5.22858
5.14466
5.12816
5.15921
5.21863
5.28881
5.3544
5.40285
5.4248
5.41433
5.36896
5.28962
5.18036
5.04806
4.90193
4.75306
4.6138
4.49728
4.41677
4.38515
4.4144
4.51516
4.69629
4.96458
5.32445
5.77778
6.32381
6.95907
7.67747
8.47036
9.32674
10.2335
11.1757
12.137
13.0999
14.0465
14.9587
15.8188
16.61
17.317
17.9264
18.4271
18.8109
19.0726
19.2103
19.2256
19.1233
18.9119
18.6029
18.2105
17.7513
17.2437
16.7072
16.1619
15.6276
15.1231
14.6657
14.2707
13.9503
13.7139
13.5673
13.513
13.5498
13.6734
13.8765
14.1492
14.4797
14.8549
15.2612
15.685
16.1132
16.5344
16.939
17.3193
17.6706
17.9904
18.279
18.5389
18.7747
18.9925
19.1994
19.403
19.6107
19.829
20.0632
20.3169
20.5914
20.886
21.1975
21.5207
21.8483
22.1715
22.4806
22.7653
23.0157
23.2223
23.3774
23.4747
23.5105
23.4831
23.3938
23.2459
23.0449
22.7983
22.5144
22.202
21.87
21.5257
21.1753
20.8222
20.4673
20.1081
19.7388
19.3505
18.9312
18.4666
17.9404
17.336
16.6364
15.8265
14.8931
13.8267
12.6223
11.2798
9.80511
8.2102
6.51301
4.73734
2.91216
1.07076
-0.750382
-2.51292
-4.17811
-5.70837
-7.06876
-8.22849
-9.16215
-9.85084
-10.2829
-10.4543
-10.3691
-10.0387
-9.48152
-8.72227
-7.79045
-6.71915
-5.54351
-4.29917
-3.02074
-1.74041
-0.48671
0.716443
1.85038
2.90199
3.86369
4.73304
5.51199
6.20596
6.82264
7.37066
7.85827
8.29207
8.67581
9.00952
9.28885
9.50481
9.64391
9.68864
9.61836
9.41063
9.04263
8.49303
7.74377
6.78197
5.6017
4.20548
2.60556
0.824645
-1.10374
-3.13555
-5.21698
-7.28589
-9.27367
-11.1077
-12.7138
-14.0197
-14.9577
-15.4681
-15.5016
-15.0226
-14.0108
-12.4628
-10.3934
-7.83514
-4.83831
-1.46916
2.19194
6.05326
10.015
13.9727
17.8214
21.4595
24.7923
27.7358
30.2199
32.1908
33.6128
34.4695
34.764
34.5184
33.7727
32.5822
31.0151
29.1498
27.0705
24.8642
22.6169
20.41
18.3172
16.4019
14.7148
13.293
12.1587
11.3197
10.7696
10.4899
10.4509
10.615
10.9387
11.3757
11.8792
12.4052
12.914
13.3728
13.7566
14.0492
14.2435
14.3409
14.3507
14.2885
14.1745
14.0315
13.883
13.7506
13.6521
13.6002
13.6006
13.6513
13.7425
13.8564
13.9679
14.0464
14.0569
13.9623
13.7256
13.3124
12.6933
11.846
10.757
9.4237
7.85464
6.07047
4.10344
1.9967
-0.19721
-2.41829
-4.60147
-6.67939
-8.5853
-10.2561
-11.635
-12.6748
-13.3392
-13.6057
-13.4658
-12.9264
-12.0089
-10.7493
-9.19597
-7.40819
-5.45347
-3.40478
-1.3375
0.673699
2.55789
4.25076
5.6971
6.85284
7.68661
8.18063
8.33103
8.1475
7.65244
6.87948
5.87163
4.67905
3.35668
1.96164
0.550847
-0.821415
-2.10551
-3.25821
-4.24399
-5.03594
-5.61612
-5.97554
-6.11363
-6.03745
-5.76051
-5.30143
-4.68248
-3.92808
-3.06343
-2.11321
-1.10057
-0.0463331
1.03145
2.11767
3.20006
4.2688
5.31591
6.33454
7.31816
8.25977
9.15118
9.98246
10.7416
11.4143
11.9844
12.4342
12.7452
12.899
12.8788
12.6703
12.2631
11.6522
10.8388
9.8316
8.64682
7.30893
5.85031
4.31063
2.73589
1.17699
-0.312016
-1.67594
-2.86067
-3.8155
-4.49536
-4.86298
-4.89079
-4.56239
-3.87373
-2.83366
-1.46404
0.200844
2.11527
4.22367
6.46268
8.76347
11.0545
13.2641
15.3235
17.1696
18.7471
20.0109
20.9277
21.4772
21.6526
21.4609
20.9221
20.068
18.9411
17.5919
16.0772
14.4575
12.794
11.1464
9.57078
8.11682
6.82665
5.73325
4.85967
4.21867
3.81283
3.63524
3.67043
3.89581
4.28328
4.80101
5.41536
6.09265
6.80092
7.51138
8.19964
8.8466
9.43891
9.96914
10.4356
10.8415
11.1946
11.5057
11.7874
12.0533
12.316
12.5865
12.8729
13.1798
13.5072
13.851
14.2028
14.5499
14.8765
15.1641
15.3932
15.5436
15.5966
15.5353
15.3466
15.0214
14.556
13.9521
13.2175
12.3656
11.4152
10.3903
9.31826
8.2298
7.15709
6.13271
5.18831
4.35336
3.65396
3.11185
2.74362
2.56014
2.56623
2.76061
3.1361
3.68002
4.37484
5.19896
6.12761
7.13383
8.18948
9.26622
10.3364
11.3739
12.3548
13.2578
14.0648
14.7611
15.3352
15.7792
16.088
16.2598
16.2952
16.1972
15.9706
15.6221
15.1595
14.592
13.9296
13.1832
12.3644
11.4856
10.5598
9.60057
8.62214
7.63916
6.66659
5.7195
4.8128
3.96094
3.1775
2.47481
1.86355
1.35228
0.947129
0.651456
0.465625
0.386896
0.409433
0.524452
0.720506
0.983907
1.29926
1.65011
2.01963
2.3914
2.75011
3.08224
3.37674
3.62545
3.82348
3.96936
4.06502
4.11559
4.12898
4.11533
4.08627
4.05416
4.03117
4.02844
4.05523
4.11818
4.22074
4.36273
4.54016
4.74526
4.96676
5.19042
5.39974
5.57692
5.70387
5.76339
5.7403
5.62259
5.40241
5.07695
4.649
4.12734
3.5268
2.86791
2.1764
1.48222
0.818391
0.219616
-0.27929
-0.645059
-0.847627
-0.861734
-0.668367
-0.255973
0.378613
1.2296
2.28204
3.51209
4.88759
6.36911
7.91134
9.46474
10.9775
12.3974
13.6744
14.7619
15.6197
16.2148
16.5233
16.5317
16.2369
15.6469
14.7807
13.667
12.3439
10.8568
9.25693
7.59951
5.9414
4.33904
2.84632
1.51262
0.380995
-0.513267
-1.14385
-1.49415
-1.55771
-1.33812
-0.84871
-0.111711
0.842779
1.97814
3.25273
4.62156
6.03795
7.45524
8.82833
10.1151
11.2779
12.2841
13.1075
13.7281
14.1332
14.3166
14.2792
14.028
13.5757
12.9401
12.1435
11.2116
10.1729
9.05768
7.89753
6.72442
5.57011
4.46552
3.44021
2.52185
1.73575
1.10445
0.64728
0.379945
0.314156
0.45724
0.81179
1.37535
2.14017
3.093
4.21504
5.482
6.86428
8.32736
9.83239
11.3369
12.7958
14.1624
15.39
16.4328
17.2479
17.7964
18.0454
17.9687
17.5487
16.7772
15.6561
14.198
12.426
10.374
8.08523
5.61202
3.01377
0.355487
-2.29425
-4.86551
-7.2893
-9.49992
-11.4372
-13.0488
-14.2917
-15.1343
-15.5571
-15.5541
-15.1322
-14.3119
-13.1261
-11.619
-9.84496
-7.86609
-5.75042
-3.56946
-1.3957
0.699799
2.64978
4.39302
5.8762
7.05554
7.89798
8.38198
8.49786
8.2477
7.64484
6.71292
5.48468
4.00045
2.30638
0.452604
-1.50863
-3.52484
-5.54511
-7.52161
-9.41104
-11.1757
-12.7842
-14.2123
-15.4427
-16.465
-17.2757
-17.8772
-18.2771
-18.4876
-18.5237
-18.4033
-18.1449
-17.7678
-17.2901
-16.729
-16.0995
-15.4141
-14.6828
-13.9129
-13.1088
-12.2725
-11.404
-10.5013
-9.56153
-8.58068
-7.55475
-6.47999
-5.35339
-4.17311
-2.93883
-1.652
-0.316003
1.0637
2.47959
3.92215
5.37999
6.84001
8.2877
9.70737
11.0825
12.3962
13.6313
14.771
15.7991
16.7008
17.4623
18.0721
18.5207
18.8012
18.9097
18.8455
18.611
18.2125
17.6596
16.9656
16.1473
15.2246
14.2202
13.1595
12.0695
10.9787
9.91604
8.91024
7.98901
7.17819
6.50097
5.97716
5.62245
5.44794
5.45963
5.65814
6.03866
6.59096
7.29964
8.14457
9.10146
10.1426
11.2377
12.3548
13.4611
14.5244
15.5135
16.3994
17.1562
17.7615
18.1972
18.4496
18.51
18.3744
18.0436
17.5227
16.8211
15.9518
14.9308
13.7767
12.5102
11.1531
9.72866
8.26022
6.77156
5.28633
3.82795
2.41952
1.08375
-0.15699
-1.28072
-2.2658
-3.09099
-3.73557
-4.17948
-4.40365
-4.39033
-4.12361
-3.59001
-2.77906
-1.68408
-0.302808
1.36186
3.30129
5.50062
7.93841
10.5865
13.4099
16.3677
19.4127
22.4932
25.5535
28.5354
31.3796
34.0274
36.4225
38.5124
40.2504
41.597
42.5209
43.0009
43.0257
42.5952
41.72
40.4214
38.7305
36.6876
34.3403
31.7423
28.9515
26.0284
23.0334
20.0258
17.0613
14.1909
11.4591
8.90327
6.55258
4.42786
2.54151
0.89782
-0.506302
-1.68046
-2.63961
-3.40275
-3.99156
-4.42903
-4.73816
-4.94072
-5.05633
-5.10164
-5.08982
-5.03038
-4.92915
-4.78862
-4.60843
-4.38612
-4.11792
-3.79965
-3.42766
-2.99966
-2.51542
-1.97736
-1.39088
-0.764464
-0.109574
0.559775
1.22761
1.87682
2.49009
3.051
3.54504
3.9607
4.29039
4.53119
4.6854
4.76076
4.7705
4.73289
4.67061
4.60978
4.57872
4.60652
4.72147
4.94938
5.312
5.82548
6.49899
7.33369
8.3219
9.44681
10.6824
11.994
13.3392
14.6688
15.9291
17.0633
18.0137
18.7244
19.1432
19.2243
18.9298
18.2322
17.1156
15.5768
13.6261
11.2872
8.5971
5.60506
2.37136
-1.03448
-4.53583
-8.0513
-11.4974
-14.7909
-17.852
-20.6063
-22.9874
-24.9388
-26.4157
-27.3863
-27.832
-27.7487
-27.1457
-26.0459
-24.4842
-22.5065
-20.1678
-17.5308
-14.6629
-11.6353
-8.51988
-5.38766
-2.3068
0.659157
3.45271
6.02367
8.33004
10.3387
12.0256
13.3762
14.3849
15.0548
15.3971
15.4304
15.1799
14.6764
13.955
13.0548
12.0172
10.8854
9.70311
8.51384
7.35999
6.28198
5.31757
4.5011
3.86287
3.42852
3.21851
3.24764
3.52468
4.05208
4.82575
5.83504
7.06276
8.48542
10.0736
11.7925
13.6027
15.4608
17.3208
19.1349
20.8553
22.4348
23.8287
24.996
25.901
26.514
26.8128
26.7833
26.4205
25.7284
24.7206
23.4198
21.8573
20.0722
18.1105
16.0236
13.8667
11.6972
9.573
7.5505
5.6829
4.01849
2.59905
1.45854
0.621994
0.104726
-0.0881435
0.0381859
0.468404
1.17764
2.13232
3.29131
4.60733
6.02846
7.49993
8.96584
10.371
11.6626
12.7919
13.716
14.3984
14.8108
14.9336
14.7563
14.2778
13.5062
12.4588
11.161
9.64586
7.95278
6.12643
4.2154
2.27082
0.34491
-1.51041
-3.2449
-4.81131
-6.1665
-7.27254
-8.09753
-8.6163
-8.81097
-8.67122
-8.19446
-7.38572
-6.2575
-4.82929
-3.12708
-1.18263
0.967281
3.28177
5.7168
8.22621
10.7627
13.2789
15.7283
18.0665
20.2515
22.2454
24.0141
25.5287
26.7657
27.7071
28.3408
28.6607
28.6665
28.3632
27.7613
26.8757
25.7256
24.3336
22.7249
20.927
18.9686
16.8789
14.687
12.4217
10.1102
7.77831
5.44999
3.14704
0.889091
-1.30637
-3.42394
-5.4501
-7.37295
-9.18201
-10.8678
-12.4218
-13.8359
-15.1025
-16.2139
-17.163
-17.9426
-18.5459
-18.9667
-19.1995
-19.24
-19.0855
-18.7351
-18.1904
-17.4555
-16.5379
-15.448
-14.2
-12.8112
-11.3025
-9.6977
-8.02349
-6.30868
-4.58368
-2.87979
-1.22839
0.339884
1.79598
3.11324
4.26813
5.24096
6.01637
6.58378
6.93761
7.07736
7.00753
6.7373
6.28017
5.65334
4.87702
3.97369
2.96725
1.88219
0.74272
-0.427953
-1.60836
-2.77934
-3.92451
-5.03054
-6.08736
-7.0881
-8.029
-8.90908
-9.72976
-10.4944
-11.2077
-11.8751
-12.5024
-13.0948
-13.657
-14.1923
-14.7022
-15.187
-15.6447
-16.0718
-16.463
-16.8119
-17.111
-17.352
-17.5269
-17.6276
-17.647
-17.5793
-17.42
-17.1665
-16.8184
-16.3771
-15.8465
-15.2322
-14.5418
-13.7842
-12.9699
-12.11
-11.2162
-10.3003
-9.37397
-8.44821
-7.53329
-6.63851
-5.77203
-4.94089
-4.15097
-3.40708
-2.71307
-2.072
-1.48624
-0.957696
-0.487858
-0.0779413
0.271095
0.558563
0.784127
0.947939
1.05083
1.09452
1.08188
1.01717
0.906248
0.756756
0.5782
0.381968
0.181216
-0.00936094
-0.17389
-0.29581
-0.358479
-0.345889
-0.243448
-0.0388229
0.277228
0.710039
1.26031
1.9235
2.68937
3.54176
4.45855
5.41193
6.36889
7.29202
8.1405
8.87141
9.44119
9.80721
9.92948
9.77244
9.30655
8.50995
7.36978
5.88338
4.0591
1.91675
-0.512278
-3.18537
-6.04945
-9.04216
-12.0934
-15.1273
-18.0642
-20.8234
-23.3255
-25.4948
-27.2623
-28.5675
-29.3612
-29.6068
-29.2822
-28.3803
-26.9103
-24.8969
-22.3805
-19.4158
-16.0703
-12.4228
-8.56082
-4.57818
-0.572207
3.35906
7.11972
10.6188
13.7728
16.5081
18.763
20.4888
21.652
22.2339
22.2314
21.6568
20.5365
18.9107
16.831
14.3593
11.5652
8.52424
5.31504
2.01733
-1.29047
-4.53341
-7.64201
-10.554
-13.2157
-15.5832
-17.6234
-19.3141
-20.6443
-21.6141
-22.2338
-22.5237
-22.5127
-22.2368
-21.7385
-21.0644
-20.2641
-19.3887
-18.489
-17.6139
-16.8093
-16.1167
-15.572
-15.205
-15.0381
-15.0865
-15.3574
-15.8506
-16.5583
-17.4658
-18.5521
-19.791
-21.1518
-22.6008
-24.1021
-25.6196
-27.1176
-28.5625
-29.924
-31.1757
-32.2967
-33.2717
-34.0915
-34.7537
-35.262
-35.6263
-35.8615
-35.9875
-36.0271
-36.0057
-35.949
-35.8822
-35.828
-35.8058
-35.8296
-35.9076
-36.041
-36.2233
-36.4407
-36.6715
-36.8871
-37.0529
-37.1296
-37.0744
-36.8434
-36.393
-35.6826
-34.6763
-33.3452
-31.6688
-29.637
-27.251
-24.5242
-21.4822
-18.1626
-14.6144
-10.8962
-7.0747
-3.22224
0.585715
4.2735
7.76823
11.0027
13.9184
16.4678
18.6169
20.3463
21.6531
22.5507
23.0684
23.2511
23.157
22.8552
22.4235
21.9442
21.5011
21.1754
21.0419
21.1654
21.5974
22.3734
23.5102
25.0048
26.8337
28.9528
31.2987
33.7899
36.3305
38.8124
41.1196
43.1329
44.7333
45.8076
46.2524
45.9778
44.9118
43.0026
40.2216
36.5639
32.0499
26.7241
20.6544
13.9298
6.65769
-1.03938
-9.0278
-17.1669
-25.3134
-33.3255
-41.067
-48.4111
-55.2437
-61.4657
-66.9954
-71.7696
-75.7441
-78.8934
-81.2103
-82.7041
-83.3988
-83.331
-82.547
-81.1009
-79.0514
-76.4596
-73.3866
-69.8922
-66.0326
-61.8602
-57.4223
-52.7612
-47.9146
-42.9159
-37.7949
-32.5791
-27.2945
-21.9668
-16.6221
-11.2881
-5.99415
-0.771785
4.34537
9.32199
14.1217
18.7081
23.0457
27.1013
30.8454
34.2533
37.3064
39.9932
42.3102
44.2621
45.8621
47.1313
48.0987
48.7995
49.2743
49.5674
49.7249
49.7932
49.8169
49.8369
49.8892
50.003
50.2
50.4934
50.8877
51.3784
51.9527
52.5904
53.2645
53.9429
54.5898
55.1675
55.6379
55.9644
56.1133
56.0551
55.7656
55.2271
54.4283
53.3653
52.0406
50.4636
48.6494
46.6183
44.3946
42.0058
39.4812
36.8511
34.1457
31.3946
28.6254
25.8637
23.133
20.4537
17.8439
15.3191
12.8926
10.5758
8.37834
6.30876
4.37442
2.58187
0.936904
-0.555419
-1.89091
-3.06644
-4.08018
-4.93195
-5.62351
-6.15886
-6.54445
-6.78933
-6.90511
-6.90584
-6.80765
-6.62832
-6.3866
-6.10147
-5.7913
-5.47292
-5.16075
-4.86591
-4.59553
-4.35214
-4.13332
-3.93157
-3.73448
-3.52515
-3.28291
-2.98426
-2.60411
-2.11708
-1.49901
-0.728421
0.211994
1.33407
2.64299
4.13647
5.80412
7.62733
9.57943
11.6262
13.7271
15.8362
17.9039
19.879
21.7104
23.3489
24.7496
25.8735
26.6889
27.1729
27.3119
27.1028
26.5522
25.6764
24.5006
23.0576
21.3861
19.5292
17.5325
15.4418
13.3016
11.1532
9.03312
6.97199
4.99373
3.11512
1.34581
-0.31126
-1.85908
-3.30544
-4.66157
-5.94062
-7.15607
-8.32016
-9.44248
-10.5288
-11.5799
-12.5917
-13.5543
-14.4527
-15.2676
-15.976
-16.553
-16.9734
-17.2131
-17.2512
-17.0719
-16.6658
-16.0314
-15.1759
-14.1161
-12.8782
-11.4974
-10.0172
-8.48775
-6.9643
-5.50502
-4.16866
-3.01209
-2.08788
-1.44194
-1.11144
-1.12304
-1.49164
-2.21953
-3.29615
-4.69842
-6.39161
-8.33071
-10.4623
-12.7267
-15.0604
-17.3989
-19.6788
-21.8409
-23.8317
-25.6061
-27.1282
-28.373
-29.3259
-29.9837
-30.3533
-30.4507
-30.3001
-29.9316
-29.3792
-28.6794
-27.8683
-26.9806
-26.0472
-25.0944
-24.1427
-23.2063
-22.2933
-21.4058
-20.541
-19.6918
-18.8487
-18.0013
-17.1395
-16.2553
-15.3443
-14.4066
-13.4477
-12.479
-11.5176
-10.5859
-9.71095
-8.92272
-8.25297
-7.73325
-7.393
-7.25764
-7.34677
-7.67251
-8.23829
-9.03792
-10.0552
-11.2642
-12.6297
-14.1083
-15.6504
-17.2021
-18.7073
-20.1105
-21.3593
-22.4071
-23.2149
-23.7541
-24.0072
-23.9694
-23.649
-23.0669
-22.256
-21.2599
-20.1306
-18.9266
-17.7097
-16.5423
-15.4844
-14.5907
-13.9077
-13.4717
-13.3066
-13.423
-13.8173
-14.4716
-15.3547
-16.4236
-17.6247
-18.897
-20.1746
-21.3894
-22.4748
-23.3686
-24.0155
-24.3703
-24.3993
-24.0826
-23.4144
-22.4037
-21.0737
-19.461
-17.6139
-15.5903
-13.4551
-11.2779
-9.12961
-7.07963
-5.19327
-3.52901
-2.13639
-1.05425
-0.309516
0.083505
0.1232
-0.179784
-0.803504
-1.71613
-2.87775
-4.24239
-5.7603
-7.38018
-9.05148
-10.7265
-12.3621
-13.9216
-15.3756
-16.7029
-17.8911
-18.936
-19.8419
-20.6202
-21.2887
-21.8703
-22.3912
-22.8799
-23.3654
-23.8756
-24.4364
-25.0699
-25.794
-26.6213
-27.5586
-28.607
-29.7613
-31.0106
-32.3386
-33.7238
-35.1405
-36.5592
-37.9476
-39.2713
-40.4944
-41.5807
-42.4939
-43.1989
-43.6621
-43.8523
-43.7413
-43.3044
-42.5214
-41.3768
-39.8607
-37.969
-35.7044
-33.0765
-30.102
-26.8055
-23.2189
-19.3818
-15.3408
-11.1493
-6.86677
-2.55733
1.71099
5.86789
9.84235
13.5643
16.9667
19.9868
22.5686
24.6642
26.2354
27.2547
27.7069
27.5893
26.912
25.6979
23.9822
21.8114
19.2422
16.3396
13.1754
9.82594
6.36998
2.88652
-0.547364
-3.85859
-6.9799
-9.85142
-12.422
-14.6501
-16.5045
-17.9642
-19.0188
-19.6674
-19.9184
-19.7883
-19.3003
-18.4837
-17.3717
-16.0009
-14.4096
-12.6368
-10.7215
-8.70145
-6.61317
-4.49111
-2.36769
-0.273198
1.76408
3.71769
5.56279
7.27592
8.83481
10.2182
11.406
12.379
13.1197
13.6119
13.8417
13.7979
13.4724
12.8609
11.9635
10.785
9.33545
7.63041
5.69076
3.54272
1.21744
-1.24952
-3.81895
-6.44891
-9.09575
-11.7152
-14.2637
-16.6991
-18.9823
-21.078
-22.9554
-24.589
-25.9589
-27.0514
-27.8585
-28.3782
-28.6136
-28.5729
-28.2686
-27.7165
-26.9354
-25.946
-24.7708
-23.4329
-21.9561
-20.3642
-18.6813
-16.9314
-15.1387
-13.3278
-11.524
-9.75306
-8.04223
-6.41977
-4.91515
-3.55895
-2.38246
-1.41723
-0.694268
-0.243222
-0.0912802
-0.262026
-0.774201
-1.64048
-2.86632
-4.44891
-6.37635
-8.62714
-11.1698
-13.9633
-16.9571
-20.0924
-23.3033
-26.5184
-29.6627
-32.6599
-35.4344
-37.9142
-40.0327
-41.7313
-42.9613
-43.6859
-43.8808
-43.5361
-42.6559
-41.2588
-39.377
-37.0551
-34.3492
-31.3246
-28.0535
-24.6131
-21.0826
-17.5412
-14.0653
-10.7264
-7.58929
-4.71005
-2.13512
0.09972
1.96972
3.46121
4.57115
5.30647
5.68298
5.72415
5.45966
4.92395
4.15471
3.1914
2.07402
0.841916
-0.467162
-1.81774
-3.17714
-4.51571
-5.80695
-7.02738
-8.15637
-9.17585
-10.07
-10.8251
-11.429
-11.8715
-12.1439
-12.2394
-12.1533
-11.8834
-11.4302
-10.7978
-9.9944
-9.03235
-7.9289
-6.70635
-5.39205
-4.01826
-2.62176
-1.24316
0.0740245
1.28448
2.34247
3.20332
3.82502
4.16982
4.20584
3.90851
3.2619
2.25966
0.905858
-0.784744
-2.78664
-5.06398
-7.57139
-10.2551
-13.0544
-15.9034
-18.7331
-21.4733
-24.0551
-26.4125
-28.485
-30.219
-31.5698
-32.5025
-32.9932
-33.0296
-32.6109
-31.7481
-30.463
-28.7876
-26.763
-24.4378
-21.8666
-19.1087
-16.226
-13.2817
-10.3382
-7.45635
-4.69338
-2.1022
0.269716
2.38109
4.19741
5.69131
6.84277
7.63922
8.07543
8.15337
7.88194
7.2766
6.35901
5.15656
3.70186
2.0322
0.18892
-1.78324
-3.83692
-5.92292
-7.99111
-9.99143
-11.8749
-13.5947
-15.1073
-16.3738
-17.3606
-18.041
-18.3957
-18.4139
-18.0935
-17.4422
-16.4769
-15.2236
-13.7174
-12.0014
-10.1254
-8.14488
-6.11933
-4.11033
-2.17975
-0.387741
1.20923
2.56021
3.6215
4.3581
4.74485
4.76731
4.42212
3.71705
2.67062
1.31127
-0.323739
-2.18986
-4.23695
-6.41123
-8.65725
-10.92
-13.1468
-15.2893
-17.3048
-19.1577
-20.8207
-22.2751
-23.5109
-24.5271
-25.3308
-25.9364
-26.3643
-26.6398
-26.7916
-26.8497
-26.8444
-26.8044
-26.7556
-26.72
-26.7148
-26.7515
-26.8362
-26.969
-27.145
-27.3545
-27.5836
-27.8162
-28.0339
-28.2185
-28.352
-28.4188
-28.406
-28.3048
-28.1106
-27.8238
-27.4498
-26.9988
-26.4857
-25.929
-25.3503
-24.7733
-24.2228
-23.7231
-23.2975
-22.9665
-22.7475
-22.6531
-22.6912
-22.8638
-23.1671
-23.5915
-24.1214
-24.7359
-25.4094
-26.1121
-26.8112
-27.4722
-28.0596
-28.5381
-28.8743
-29.0376
-29.0014
-28.7439
-28.2495
-27.5093
-26.5217
-25.293
-23.8374
-22.1771
-20.3421
-18.3697
-16.3039
-14.1945
-12.0956
-10.065
-8.16221
-6.44695
-4.97754
-3.80904
-2.99146
-2.56803
-2.57351
-3.03263
-3.95881
-5.35304
-7.2031
-9.48317
-12.1538
-15.1622
-18.4432
-21.9204
-25.5076
-29.1114
-32.633
-35.9709
-39.024
-41.6943
-43.8901
-45.5284
-46.5379
-46.8614
-46.4576
-45.3027
-43.3913
-40.7371
-37.3725
-33.3478
-28.73
-23.6006
-18.0536
-12.1922
-6.12632
0.0312215
6.16774
12.174
