330
1319
 7.11199999990640E-0001
 1.34960000001593E+0000
 1.91270000001532E+0000
 2.39860000001499E+0000
 2.80540000001201E+0000
 3.13200000001234E+0000
 3.37739999999758E+0000
 3.54110000000219E+0000
 3.62280000001192E+0000
 3.62270000000717E+0000
 3.54149999999208E+0000
 3.38020000001416E+0000
 3.14009999998962E+0000
 2.82300000000396E+0000
 2.43100000001141E+0000
 1.96650000000955E+0000
 1.43230000001495E+0000
 8.31700000009732E-0001
 1.68100000009872E-0001
-5.54700000007870E-0001
-1.33259999999427E+0000
-2.16139999999723E+0000
-3.03650000000198E+0000
-3.95289999998931E+0000
-4.90589999999793E+0000
-5.89009999998962E+0000
-6.90028999999049E+0000
-7.93102999999246E+0000
-8.97677999999723E+0000
-1.00319500000041E+0001
-1.10909200000023E+0001
-1.21480400000145E+0001
-1.31976900000154E+0001
-1.42343000000109E+0001
-1.52523800000053E+0001
-1.62465340000053E+0001
-1.72115070000000E+0001
-1.81422000000020E+0001
-1.90336799999932E+0001
-1.98812500000058E+0001
-2.06804300000076E+0001
-2.14269900000072E+0001
-2.21169800000207E+0001
-2.27467400000314E+0001
-2.33129400000325E+0001
-2.38125600000494E+0001
-2.42429200000479E+0001
-2.46017100000463E+0001
-2.48869900000573E+0001
-2.50971700000518E+0001
-2.52310700000671E+0001
-2.52878800000763E+0001
-2.52671900000714E+0001
-2.51689700000861E+0001
-2.49935800000967E+0001
-2.47417700001097E+0001
-2.44146700001147E+0001
-2.40137800001248E+0001
-2.35409600001294E+0001
-2.29984100001166E+0001
-2.23887000001268E+0001
-2.17146900001389E+0001
-2.09795600001526E+0001
-2.01867800001637E+0001
-1.93400600001623E+0001
-1.84434100001527E+0001
-1.75010030001577E+0001
-1.65172590001603E+0001
-1.54967500001657E+0001
-1.44442100001615E+0001
-1.33645000001561E+0001
-1.22625500001595E+0001
-1.11434100001642E+0001
-1.00121400001662E+0001
-8.87383000017144E+0000
-7.73355000016454E+0000
-6.59630000016477E+0000
-5.46720000017376E+0000
-4.35100000016973E+0000
-3.25250000017695E+0000
-2.17640000017127E+0000
-1.12710000017250E+0000
-1.09000000171363E-0001
 8.73899999831337E-0001
 1.81779999981518E+0000
 2.71889999983250E+0000
 3.57399999981862E+0000
 4.37999999983003E+0000
 5.13399999981630E+0000
 5.83369999984279E+0000
 6.47669999982463E+0000
 7.06129999982659E+0000
 7.58589999983087E+0000
 8.04919999983395E+0000
 8.45059999983641E+0000
 8.78929999982938E+0000
 9.06529999984195E+0000
 9.27849999984028E+0000
 9.42959999982850E+0000
 9.51919999983511E+0000
 9.54839999982505E+0000
 9.51859999983571E+0000
 9.43149999983143E+0000
 9.28889999983949E+0000
 9.09299999981886E+0000
 8.84639999983483E+0000
 8.55159999983152E+0000
 8.21139999982552E+0000
 7.82899999982328E+0000
 7.40739999982179E+0000
 6.95009999984177E+0000
 6.46039999983623E+0000
 5.94199999983539E+0000
 5.39839999983087E+0000
 4.83329999982379E+0000
 4.25039999981527E+0000
 3.65339999983553E+0000
 3.04589999982272E+0000
 2.43169999984093E+0000
 1.81419999981881E+0000
 1.19689999983530E+0000
 5.83199999819044E-0001
-2.36000001605134E-0002
-6.20500000164611E-0001
-1.20460000017192E+0000
-1.77300000017567E+0000
-2.32330000017828E+0000
-2.85320000017236E+0000
-3.36040000016510E+0000
-3.84310000017285E+0000
-4.29970000017784E+0000
-4.72880000017176E+0000
-5.12920000017039E+0000
-5.50010000016482E+0000
-5.84090000017022E+0000
-6.15120000016759E+0000
-6.43090000016673E+0000
-6.68020000017714E+0000
-6.89956000016537E+0000
-7.08960000016668E+0000
-7.25125000017579E+0000
-7.38565000017115E+0000
-7.49416000017663E+0000
-7.57836000017414E+0000
-7.64001000017743E+0000
-7.68104000017047E+0000
-7.70356000016909E+0000
-7.70982000017830E+0000
-7.70218000016757E+0000
-7.68314000016835E+0000
-7.65526000017417E+0000
-7.62119000016537E+0000
-7.58360000017274E+0000
-7.54522000017460E+0000
-7.50876000017161E+0000
-7.47693000016443E+0000
-7.45241000017268E+0000
-7.43780000017432E+0000
-7.43564000017068E+0000
-7.44839000016509E+0000
-7.47836000016832E+0000
-7.52775000016845E+0000
-7.59862000016437E+0000
-7.69283000017458E+0000
-7.81210000017018E+0000
-7.95791000017198E+0000
-8.13157000017236E+0000
-8.33416000017314E+0000
-8.56652000016766E+0000
-8.82926000017324E+0000
-9.12275000016962E+0000
-9.44710000017949E+0000
-9.80218000018795E+0000
-1.01876100001827E+0001
-1.06027300001878E+0001
-1.10466500001930E+0001
-1.15182200002018E+0001
-1.20160600001981E+0001
-1.25385300002089E+0001
-1.30837800002045E+0001
-1.36497200002049E+0001
-1.42340800001984E+0001
-1.48343600001971E+0001
-1.54479000002029E+0001
-1.60718700002180E+0001
-1.67032882002241E+0001
-1.73390370002307E+0001
-1.79758900002344E+0001
-1.86105100002314E+0001
-1.92395100002177E+0001
-1.98594300002151E+0001
-2.04667800002208E+0001
-2.10580600002140E+0001
-2.16297800002212E+0001
-2.21784800002351E+0001
-2.27007500002510E+0001
-2.31932500002440E+0001
-2.36527700002480E+0001
-2.40761600002588E+0001
-2.44604500002752E+0001
-2.48028100002848E+0001
-2.51005800002895E+0001
-2.53513100002892E+0001
-2.55527400003048E+0001
-2.57028400003037E+0001
-2.57998300003237E+0001
-2.58421500003315E+0001
-2.58285400003369E+0001
-2.57579900003329E+0001
-2.56297800003376E+0001
-2.54434700003476E+0001
-2.51989200003445E+0001
-2.48962800003646E+0001
-2.45360000003711E+0001
-2.41188300003705E+0001
-2.36458100003656E+0001
-2.31182900003623E+0001
-2.25378900003561E+0001
-2.19065100003500E+0001
-2.12263200003654E+0001
-2.04997700003732E+0001
-1.97295500003675E+0001
-1.89185800003761E+0001
-1.80700100003742E+0001
-1.71871950003842E+0001
-1.62736800003913E+0001
-1.53331800003943E+0001
-1.43695700003881E+0001
-1.33868500003882E+0001
-1.23891300003888E+0001
-1.13806200003891E+0001
-1.03655800003907E+0001
-9.34834000038973E+0000
-8.33324000038556E+0000
-7.32462000039231E+0000
-6.32680000038818E+0000
-5.34400000039022E+0000
-4.38060000038240E+0000
-3.44050000038987E+0000
-2.52780000038911E+0000
-1.64640000039071E+0000
-8.00000000395812E-0001
 7.89999960397836E-0003
 7.73899999607238E-0001
 1.49479999962205E+0000
 2.16769999959797E+0000
 2.78999999961525E+0000
 3.35909999960859E+0000
 3.87289999962377E+0000
 4.32959999960440E+0000
 4.72739999961050E+0000
 5.06499999960943E+0000
 5.34149999961664E+0000
 5.55599999961851E+0000
 5.70819999960077E+0000
 5.79779999960738E+0000
 5.82509999962349E+0000
 5.79049999960989E+0000
 5.69489999960933E+0000
 5.53909999960160E+0000
 5.32459999959974E+0000
 5.05289999961678E+0000
 4.72589999959746E+0000
 4.34579999961716E+0000
 3.91469999960100E+0000
 3.43539999962377E+0000
 2.91049999960524E+0000
 2.34299999960058E+0000
 1.73609999961627E+0000
 1.09289999962493E+0000
 4.16999999622931E-0001
-2.88300000378513E-0001
-1.01920000038808E+0000
-1.77220000038506E+0000
-2.54340000038792E+0000
-3.32920000038575E+0000
-4.12570000038249E+0000
-4.92930000039632E+0000
-5.73610000038752E+0000
-6.54260000039358E+0000
-7.34520000038901E+0000
-8.14033000038762E+0000
-8.92464000039035E+0000
-9.69489000039175E+0000
-1.04479600003978E+0001
-1.11809100004029E+0001
-1.18909800004039E+0001
-1.25755700004083E+0001
-1.32323100004141E+0001
-1.38590400004177E+0001
-1.44538000004249E+0001
-1.50148800004244E+0001
-1.55408100004278E+0001
-1.60303320004314E+0001
-1.64824600004358E+0001
-1.68964390004403E+0001
-1.72717680004425E+0001
-1.76081850004557E+0001
-1.79056800004619E+0001
-1.81644600004656E+0001
-1.83850000004750E+0001
-1.85679700004694E+0001
-1.87142700004624E+0001
-1.88250100004661E+0001
-1.89014900004549E+0001
-1.89452100004710E+0001
-1.89578300004650E+0001
-1.89411700004712E+0001
-1.88972000004724E+0001
-1.88280200004810E+0001
-1.87358500004921E+0001
-1.86229800004803E+0001
-1.84918100004725E+0001
-1.83447800004797E+0001
-1.81843900004751E+0001
-1.80131600004679E+0001
-1.78336300004739E+0001
-1.76483110004629E+0001
-1.74597070004675E+0001
-1.72702710004814E+0001
-1.70824020004948E+0001
-1.68984220004932E+0001
-1.67205642004847E+0001
-1.65509570004942E+0001
-1.63916120005015E+0001
-1.62444100005087E+0001
-1.61110880004999E+0001
-1.59932320005027E+0001
-1.58922650004969E+0001
-1.58094390004989E+0001
-1.57458280004939E+0001
-1.57023240004928E+0001
-1.56796300004934E+0001
-1.56782500004919E+0001
-1.56985160004987E+0001
-1.57405410005012E+0001
-1.58042590005061E+0001
-1.58894110005057E+0001
-1.59955490005086E+0001
-1.61220450005203E+0001
-1.62680900005216E+0001
-1.64327100005175E+0001
-1.66147650005296E+0001
-1.68129660005216E+0001
-1.70258820005110E+0001
-1.72519500005001E+0001
-1.74894880004867E+0001
-1.77367100004922E+0001
-1.79917400004924E+0001
-1.82526200004795E+0001
-1.85173200004792E+0001
-1.87837900004815E+0001
-1.90499100004963E+0001
-1.93135800005111E+0001
-1.95726600005000E+0001
-1.98250600004976E+0001
-2.00686800004914E+0001
-2.03015000004962E+0001
-2.05215400005109E+0001
-2.07269000005035E+0001
-2.09157600004983E+0001
-2.10864000004949E+0001
-2.12372300004936E+0001
-2.13667600004992E+0001
-2.14736500004947E+0001
-2.15567100004992E+0001
-2.16148900004919E+0001
-2.16473100004951E+0001
-2.16532600005157E+0001
-2.16322100005054E+0001
-2.15838000005169E+0001
-2.15078500005184E+0001
-2.14043800005165E+0001
-2.12735700005142E+0001
-2.11158300005191E+0001
-2.09317000005103E+0001
-2.07219300005236E+0001
-2.04874400005210E+0001
-2.02293300005258E+0001
-1.99488500005391E+0001
-1.96474200005468E+0001
-1.93265800005465E+0001
-1.89880500005384E+0001
-1.86336500005273E+0001
-1.82653300005186E+0001
-1.78851200005156E+0001
-1.74951730005268E+0001
-1.70976980005216E+0001
-1.66949755405076E+0001
-1.62893330005172E+0001
-1.58831330005195E+0001
-1.54787500005186E+0001
-1.50785800005251E+0001
-1.46849900005327E+0001
-1.43003100005298E+0001
-1.39268600005307E+0001
-1.35668700005335E+0001
-1.32225200005341E+0001
-1.28959000005415E+0001
-1.25889800005388E+0001
-1.23036400005512E+0001
-1.20416300005599E+0001
-1.18045500005537E+0001
-1.15938800005533E+0001
-1.14109000005555E+0001
-1.12567600005568E+0001
-1.11324200005619E+0001
-1.10386700005619E+0001
-1.09760900005640E+0001
-1.09450900005613E+0001
-1.09458900005702E+0001
-1.09784900005761E+0001
-1.10427200005797E+0001
-1.11381800005765E+0001
-1.12643100005807E+0001
-1.14203400005790E+0001
-1.16053100005810E+0001
-1.18180800005793E+0001
-1.20573400005814E+0001
-1.23216000005777E+0001
-1.26092200005805E+0001
-1.29184100005804E+0001
-1.32472200005868E+0001
-1.35936000005895E+0001
-1.39553500005859E+0001
-1.43302100005821E+0001
-1.47157800005807E+0001
-1.51096200005849E+0001
-1.55092200005892E+0001
-1.59120050005876E+0001
-1.63153930005792E+0001
-1.67167732005764E+0001
-1.71135360005719E+0001
-1.75030880005797E+0001
-1.78828600005654E+0001
-1.82503500005696E+0001
-1.86030800005828E+0001
-1.89386700005853E+0001
-1.92548400005908E+0001
-1.95493800005934E+0001
-1.98202400005830E+0001
-2.00654500005767E+0001
-2.02832000005874E+0001
-2.04718500005838E+0001
-2.06299000005820E+0001
-2.07560000005760E+0001
-2.08490100005874E+0001
-2.09079500005755E+0001
-2.09320400005963E+0001
-2.09206900006102E+0001
-2.08734900006093E+0001
-2.07902500006021E+0001
-2.06709700005886E+0001
-2.05158400005894E+0001
-2.03252600005944E+0001
-2.00998000006075E+0001
-1.98402400006016E+0001
-1.95475500005996E+0001
-1.92228600005910E+0001
-1.88674700005795E+0001
-1.84828700005892E+0001
-1.80706800005864E+0001
-1.76326580005989E+0001
-1.71707230005995E+0001
-1.66868967316113E+0001
-1.61833150006132E+0001
-1.56622100006206E+0001
-1.51259100006282E+0001
-1.45767800006287E+0001
-1.40172900006291E+0001
-1.34499100006360E+0001
-1.28771500006405E+0001
-1.23015600006474E+0001
-1.17256400006444E+0001
-1.11519100006407E+0001
-1.05828600006498E+0001
-1.00209200006502E+0001
-9.46847000066191E+0000
-8.92782000066654E+0000
-8.40120000066236E+0000
-7.89075000066077E+0000
-7.39848000067286E+0000
-6.92633000067144E+0000
-6.47610000066925E+0000
-6.04930000066815E+0000
-5.64770000067074E+0000
-5.27240000067104E+0000
-4.92480000066280E+0000
-4.60580000065966E+0000
-4.31640000066545E+0000
-4.05730000066978E+0000
-3.82900000066729E+0000
-3.63190000066243E+0000
-3.46610000065994E+0000
-3.33190000065952E+0000
-3.22890000067127E+0000
-3.15700000066136E+0000
-3.11570000066422E+0000
-3.10450000067067E+0000
-3.12250000066706E+0000
-3.16890000065905E+0000
-3.24270000067190E+0000
-3.34290000067267E+0000
-3.46800000066287E+0000
-3.61690000066301E+0000
-3.78810000066005E+0000
-3.98000000066531E+0000
-4.19120000067051E+0000
-4.41990000066289E+0000
-4.66460000067309E+0000
-4.92350000065926E+0000
-5.19480000066687E+0000
-5.47690000066359E+0000
-5.76800000066578E+0000
-6.06640000066545E+0000
-6.37040000066918E+0000
-6.67830000066897E+0000
-6.98869000066770E+0000
-7.29989000066416E+0000
-7.61046000066563E+0000
-7.91903000065940E+0000
-8.22430000067106E+0000
-8.52506000066933E+0000
-8.82024000067031E+0000
-9.10883000068134E+0000
-9.38999000067997E+0000
-9.66294000067865E+0000
-9.92708000067796E+0000
-1.01819100006832E+0001
-1.04270500006823E+0001
-1.06622700006846E+0001
-1.08874500006932E+0001
-1.11026200007036E+0001
-1.13079100007016E+0001
-1.15036100007128E+0001
-1.16900900007167E+0001
-1.18678700007149E+0001
-1.20375400007178E+0001
-1.21998400007141E+0001
-1.23555700007273E+0001
-1.25056300007272E+0001
-1.26510200007323E+0001
-1.27927800007310E+0001
-1.29320300007384E+0001
-1.30699500007467E+0001
-1.32077500007435E+0001
-1.33466700007411E+0001
-1.34879800007474E+0001
-1.36329700007481E+0001
-1.37829000007477E+0001
-1.39390600007463E+0001
-1.41026800007530E+0001
-1.42749800007586E+0001
-1.44571300007664E+0001
-1.46502600007661E+0001
-1.48554200007638E+0001
-1.50735900007712E+0001
-1.53056900007650E+0001
-1.55525300007720E+0001
-1.58148320007749E+0001
-1.60932160007651E+0001
-1.63881910007622E+0001
-1.67001531007700E+0001
-1.70293780007632E+0001
-1.73760190007742E+0001
-1.77401000007812E+0001
-1.81215300007898E+0001
-1.85200700007845E+0001
-1.89353600007889E+0001
-1.93669100007974E+0001
-1.98141100007924E+0001
-2.02762200007855E+0001
-2.07523600007989E+0001
-2.12415700007987E+0001
-2.17427500007907E+0001
-2.22546900007874E+0001
-2.27760900007852E+0001
-2.33055500007758E+0001
-2.38415900007822E+0001
-2.43826500007999E+0001
-2.49271000008157E+0001
-2.54732500008249E+0001
-2.60193500008318E+0001
-2.65636300008337E+0001
-2.71043000008503E+0001
-2.76394000008586E+0001
-2.81673000008741E+0001
-2.86861000008648E+0001
-2.91938000008813E+0001
-2.96889000008814E+0001
-3.01694000008865E+0001
-3.06336000009032E+0001
-3.10800000009185E+0001
-3.15068000009342E+0001
-3.19126000009419E+0001
-3.22960000009625E+0001
-3.26555000009830E+0001
-3.29900000009802E+0001
-3.32982000010088E+0001
-3.35791000010213E+0001
-3.38319000010379E+0001
-3.40558000010788E+0001
-3.42499000011012E+0001
-3.44140000010957E+0001
-3.45474000011454E+0001
-3.46500000011292E+0001
-3.47216000011540E+0001
-3.47622000011615E+0001
-3.47719000011566E+0001
-3.47511000011582E+0001
-3.47001000011805E+0001
-3.46194000011892E+0001
-3.45097000012174E+0001
-3.43718000012450E+0001
-3.42064000012469E+0001
-3.40147000012803E+0001
-3.37976000012713E+0001
-3.35564000012819E+0001
-3.32922000013059E+0001
-3.30065000012983E+0001
-3.27006000013207E+0001
-3.23760000013281E+0001
-3.20341000013286E+0001
-3.16766000013449E+0001
-3.13049000013561E+0001
-3.09206000013510E+0001
-3.05254000013520E+0001
-3.01209000013478E+0001
-2.97086000013514E+0001
-2.92901000013517E+0001
-2.88669000013615E+0001
-2.84405000013649E+0001
-2.80124000013748E+0001
-2.75840000013995E+0001
-2.71566000014136E+0001
-2.67315000014205E+0001
-2.63099500014214E+0001
-2.58929900014191E+0001
-2.54817000014300E+0001
-2.50770200014522E+0001
-2.46798300014634E+0001
-2.42908800014702E+0001
-2.39108600014879E+0001
-2.35403500014800E+0001
-2.31798200014746E+0001
-2.28296700014907E+0001
-2.24901900014956E+0001
-2.21615800014988E+0001
-2.18439600015117E+0001
-2.15373500015121E+0001
-2.12417000015266E+0001
-2.09568800015259E+0001
-2.06826900015294E+0001
-2.04188700015366E+0001
-2.01650800015486E+0001
-1.99209500015422E+0001
-1.96860700015386E+0001
-1.94599700015387E+0001
-1.92421800015436E+0001
-1.90321900015406E+0001
-1.88294800015283E+0001
-1.86335300015344E+0001
-1.84438300015463E+0001
-1.82598700015515E+0001
-1.80811700015620E+0001
-1.79072900015744E+0001
-1.77378000015742E+0001
-1.75723380015697E+0001
-1.74105760015664E+0001
-1.72522520015773E+0001
-1.70971630015702E+0001
-1.69451780015661E+0001
-1.67962320015649E+0001
-1.66503432015597E+0001
-1.65076040015556E+0001
-1.63681910015584E+0001
-1.62323630015599E+0001
-1.61004640015599E+0001
-1.59729220015578E+0001
-1.58502450015657E+0001
-1.57330270015663E+0001
-1.56219400015688E+0001
-1.55177200015750E+0001
-1.54211900015798E+0001
-1.53332200015866E+0001
-1.52547700015857E+0001
-1.51868100015854E+0001
-1.51303900015918E+0001
-1.50865900015924E+0001
-1.50565000015922E+0001
-1.50412400015920E+0001
-1.50419500015996E+0001
-1.50597500016010E+0001
-1.50957700016006E+0001
-1.51510800015967E+0001
-1.52267700015945E+0001
-1.53238300015946E+0001
-1.54432300015905E+0001
-1.55858500015892E+0001
-1.57525030015967E+0001
-1.59439110015955E+0001
-1.61606890015828E+0001
-1.64033420015767E+0001
-1.66722545015800E+0001
-1.69676800015732E+0001
-1.72897300015611E+0001
-1.76383710015507E+0001
-1.80134100015566E+0001
-1.84145000015560E+0001
-1.88411200015689E+0001
-1.92925800015801E+0001
-1.97680100015714E+0001
-2.02663700015692E+0001
-2.07864300015790E+0001
-2.13267900015926E+0001
-2.18858700015990E+0001
-2.24619100016134E+0001
-2.30529800016084E+0001
-2.36569800016296E+0001
-2.42716500016395E+0001
-2.48945600016450E+0001
-2.55231600016414E+0001
-2.61547400016570E+0001
-2.67865000016754E+0001
-2.74154000016861E+0001
-2.80385000016831E+0001
-2.86526000016893E+0001
-2.92546000017028E+0001
-2.98410000017029E+0001
-3.04087000017171E+0001
-3.09543000017293E+0001
-3.14743000017479E+0001
-3.19656000017421E+0001
-3.24248000017251E+0001
-3.28486000017147E+0001
-3.32338000017335E+0001
-3.35773000017507E+0001
-3.38761000017403E+0001
-3.41273000017391E+0001
-3.43281000017305E+0001
-3.44761000017752E+0001
-3.45687000018079E+0001
-3.46038000017870E+0001
-3.45793000017875E+0001
-3.44935000017867E+0001
-3.43448000018252E+0001
-3.41320000018459E+0001
-3.38541000018595E+0001
-3.35102000018815E+0001
-3.31000000018976E+0001
-3.26234000019031E+0001
-3.20804000018979E+0001
-3.14715000019060E+0001
-3.07976000019116E+0001
-3.00597000019334E+0001
-2.92592000019504E+0001
-2.83978000019561E+0001
-2.74777000019676E+0001
-2.65011200019799E+0001
-2.54707400019688E+0001
-2.43895300019649E+0001
-2.32607000019634E+0001
-2.20877800019516E+0001
-2.08745300019509E+0001
-1.96249800019432E+0001
-1.83433600019489E+0001
-1.70341540019435E+0001
-1.57020050019491E+0001
-1.43517500019515E+0001
-1.29883800019451E+0001
-1.16170000019483E+0001
-1.02428500019450E+0001
-8.87123000195425E+0000
-7.50751000195305E+0000
-6.15710000195395E+0000
-4.82540000195877E+0000
-3.51780000195868E+0000
-2.23960000195802E+0000
-9.96100001946616E-0001
 2.07399998056644E-0001
 1.36609999805660E+0000
 2.47489999804384E+0000
 3.52909999805706E+0000
 4.52429999803280E+0000
 5.45609999805311E+0000
 6.32049999804440E+0000
 7.11369999805902E+0000
 7.83209999804239E+0000
 8.47279999806779E+0000
 9.03259999805596E+0000
 9.50929999805521E+0000
 9.90059999804362E+0000
 1.02045999980473E+0001
 1.04201999980432E+0001
 1.05460999980568E+0001
 1.05817999980645E+0001
 1.05271999980614E+0001
 1.03822999980475E+0001
 1.01478999980608E+0001
 9.82479999805219E+0000
 9.41459999803919E+0000
 8.91899999804446E+0000
 8.34029999806080E+0000
 7.68099999806145E+0000
 6.94409999804338E+0000
 6.13279999804217E+0000
 5.25089999806369E+0000
 4.30229999806033E+0000
 3.29129999806173E+0000
 2.22249999805354E+0000
 1.10049999805051E+0000
-6.93000019527972E-0002
-1.28190000195173E+0000
-2.53180000194698E+0000
-3.81330000194430E+0000
-5.12070000194944E+0000
-6.44810000194411E+0000
-7.78968000195164E+0000
-9.13939000194659E+0000
-1.04913000019441E+0001
-1.18394300019572E+0001
-1.31778700019494E+0001
-1.45008100019476E+0001
-1.58025130019523E+0001
-1.70773980019439E+0001
-1.83200500019593E+0001
-1.95252400019672E+0001
-2.06879600019602E+0001
-2.18034700019634E+0001
-2.28672600019781E+0001
-2.38751600019750E+0001
-2.48232800019905E+0001
-2.57080800019903E+0001
-2.65263600019971E+0001
-2.72753000019875E+0001
-2.79525000019930E+0001
-2.85558000020101E+0001
-2.90837000020256E+0001
-2.95348000020313E+0001
-2.99085000020277E+0001
-3.02042000020447E+0001
-3.04220000020578E+0001
-3.05625000020664E+0001
-3.06263000020699E+0001
-3.06149000020814E+0001
-3.05298000020848E+0001
-3.03732000020973E+0001
-3.01475000020873E+0001
-2.98555000021006E+0001
-2.95004000021145E+0001
-2.90856000021158E+0001
-2.86151000021200E+0001
-2.80928000021377E+0001
-2.75232000021497E+0001
-2.69108000021661E+0001
-2.62604900021688E+0001
-2.55772500021849E+0001
-2.48662600021926E+0001
-2.41328000022040E+0001
-2.33822900021914E+0001
-2.26201900021988E+0001
-2.18520100022142E+0001
-2.10832800022326E+0001
-2.03194900022354E+0001
-1.95661100022262E+0001
-1.88285000022152E+0001
-1.81119200022076E+0001
-1.74214990022010E+0001
-1.67621775022126E+0001
-1.61387180022139E+0001
-1.55556600022100E+0001
-1.50172800022119E+0001
-1.45276200022199E+0001
-1.40904000022274E+0001
-1.37090400022279E+0001
-1.33866200022312E+0001
-1.31258900022367E+0001
-1.29292400022386E+0001
-1.27986700022447E+0001
-1.27358000022504E+0001
-1.27418600022501E+0001
-1.28177000022551E+0001
-1.29637400022620E+0001
-1.31800000022631E+0001
-1.34661200022674E+0001
-1.38213200022728E+0001
-1.42444100022694E+0001
-1.47338500022742E+0001
-1.52876900022674E+0001
-1.59036310022638E+0001
-1.65790010022756E+0001
-1.73108040022780E+0001
-1.80957200022822E+0001
-1.89301200022746E+0001
-1.98101100022614E+0001
-2.07315100022533E+0001
-2.16899200022453E+0001
-2.26807300022629E+0001
-2.36991400022525E+0001
-2.47401900022523E+0001
-2.57987900022708E+0001
-2.68697000022803E+0001
-2.79478000022937E+0001
-2.90276000023005E+0001
-3.01039000023156E+0001
-3.11713000023155E+0001
-3.22245000023395E+0001
-3.32584000023198E+0001
-3.42678000023589E+0001
-3.52478000023402E+0001
-3.61936000023852E+0001
-3.71004000023822E+0001
-3.79639000024181E+0001
-3.87798000024050E+0001
-3.95442000024486E+0001
-4.02533000024268E+0001
-4.09038000024739E+0001
-4.14925000024959E+0001
-4.20168000024860E+0001
-4.24741000024951E+0001
-4.28623000025400E+0001
-4.31797000025399E+0001
-4.34250000025495E+0001
-4.35971000025747E+0001
-4.36954000025871E+0001
-4.37197000025772E+0001
-4.36700000026030E+0001
-4.35470000026398E+0001
-4.33515000026673E+0001
-4.30846000026795E+0001
-4.27481000027037E+0001
-4.23438000027090E+0001
-4.18740000027465E+0001
-4.13413000027649E+0001
-4.07486000027857E+0001
-4.00990000027814E+0001
-3.93961000028066E+0001
-3.86434000028530E+0001
-3.78449000028777E+0001
-3.70046000028960E+0001
-3.61270000029472E+0001
-3.52164000029443E+0001
-3.42775000029360E+0001
-3.33148000029614E+0001
-3.23331000029575E+0001
-3.13374000029580E+0001
-3.03323000029777E+0001
-2.93227000029874E+0001
-2.83135000029870E+0001
-2.73094000029960E+0001
-2.63150100029889E+0001
-2.53350300030143E+0001
-2.43738600030192E+0001
-2.34358200030110E+0001
-2.25250500030234E+0001
-2.16454800030333E+0001
-2.08008700030332E+0001
-1.99947200030438E+0001
-1.92303000030515E+0001
-1.85106100030534E+0001
-1.78384000030637E+0001
-1.72161060030630E+0001
-1.66458868030750E+0001
-1.61295920030680E+0001
-1.56687600030709E+0001
-1.52646200030722E+0001
-1.49180700030701E+0001
-1.46297100030788E+0001
-1.43998000030842E+0001
-1.42283000030875E+0001
-1.41148300030909E+0001
-1.40587500030960E+0001
-1.40590800030913E+0001
-1.41145700030901E+0001
-1.42236900030839E+0001
-1.43846300030854E+0001
-1.45953500030882E+0001
-1.48535500030848E+0001
-1.51567200030840E+0001
-1.55021400030818E+0001
-1.58869080030854E+0001
-1.63079480030865E+0001
-1.67620386030758E+0001
-1.72458310030634E+0001
-1.77558700030786E+0001
-1.82886100030737E+0001
-1.88404400030850E+0001
-1.94077100030845E+0001
-1.99867500030959E+0001
-2.05738900030847E+0001
-2.11654800030810E+0001
-2.17578900030931E+0001
-2.23475900031044E+0001
-2.29310900031123E+0001
-2.35050400031032E+0001
-2.40661700031196E+0001
-2.46113700031128E+0001
-2.51376700031105E+0001
-2.56422700031253E+0001
-2.61225300031365E+0001
-2.65760400031577E+0001
-2.70005000031670E+0001
-2.73940000031726E+0001
-2.77547000031627E+0001
-2.80810000031779E+0001
-2.83716000031854E+0001
-2.86253000031866E+0001
-2.88413000032015E+0001
-2.90190000032017E+0001
-2.91580000031972E+0001
-2.92581000032078E+0001
-2.93194000032090E+0001
-2.93423000032199E+0001
-2.93272000032302E+0001
-2.92749000032200E+0001
-2.91864000032365E+0001
-2.90628000032448E+0001
-2.89054000032484E+0001
-2.87158000032359E+0001
-2.84956000032544E+0001
-2.82467000032775E+0001
-2.79710000032792E+0001
-2.76706000033009E+0001
-2.73477000033017E+0001
-2.70044000032940E+0001
-2.66432600033004E+0001
-2.62665300033113E+0001
-2.58766800033336E+0001
-2.54761500033492E+0001
-2.50674100033648E+0001
-2.46528900033736E+0001
-2.42350300033868E+0001
-2.38162000033772E+0001
-2.33987200033735E+0001
-2.29848500033841E+0001
-2.25767600034014E+0001
-2.21765200034133E+0001
-2.17860900034138E+0001
-2.14073300034215E+0001
-2.10419400034298E+0001
-2.06915100034385E+0001
-2.03574600034335E+0001
-2.00410700034408E+0001
-1.97434500034433E+0001
-1.94655700034346E+0001
-1.92082000034279E+0001
-1.89719600034296E+0001
-1.87573000034317E+0001
-1.85644800034352E+0001
-1.83936100034334E+0001
-1.82446300034353E+0001
-1.81173100034357E+0001
-1.80112600034336E+0001
-1.79259400034498E+0001
-1.78606600034400E+0001
-1.78145800034399E+0001
-1.77867600034515E+0001
-1.77761000034516E+0001
-1.77814100034593E+0001
-1.78013800034532E+0001
-1.78346400034497E+0001
-1.78797000034538E+0001
-1.79350200034678E+0001
-1.79990200034808E+0001
-1.80700500034727E+0001
-1.81464500034635E+0001
-1.82265200034599E+0001
-1.83085800034751E+0001
-1.83909400034754E+0001
-1.84719400034810E+0001
-1.85499400034896E+0001
-1.86233500035014E+0001
-1.86906300034898E+0001
-1.87503200034844E+0001
-1.88010100034880E+0001
-1.88414100034861E+0001
-1.88702900034841E+0001
-1.88865400034992E+0001
-1.88891600035131E+0001
-1.88772500035120E+0001
-1.88500600035186E+0001
-1.88069500035199E+0001
-1.87473900035257E+0001
-1.86710300035193E+0001
-1.85776100035291E+0001
-1.84670200035325E+0001
-1.83393100035319E+0001
-1.81946300035343E+0001
-1.80332800035249E+0001
-1.78556900035182E+0001
-1.76624130035052E+0001
-1.74541180035158E+0001
-1.72316000035207E+0001
-1.69957600035123E+0001
-1.67476017035078E+0001
-1.64882250035007E+0001
-1.62188190034940E+0001
-1.59406480034958E+0001
-1.56550500034936E+0001
-1.53634200035012E+0001
-1.50672000034974E+0001
-1.47678800034918E+0001
-1.44669800034898E+0001
-1.41660300034855E+0001
-1.38665700034907E+0001
-1.35701500034920E+0001
-1.32782900034944E+0001
-1.29925100035034E+0001
-1.27142600035003E+0001
-1.24449900034960E+0001
-1.21860700035031E+0001
-1.19388200035027E+0001
-1.17044800035073E+0001
-1.14842400035122E+0001
-1.12791700035159E+0001
-1.10902800035255E+0001
-1.09184500035335E+0001
-1.07644900035375E+0001
-1.06290800035494E+0001
-1.05128000035474E+0001
-1.04161300035484E+0001
-1.03393900035443E+0001
-1.02828300035471E+0001
-1.02465600035502E+0001
-1.02305700035503E+0001
-1.02347500035539E+0001
-1.02588600035524E+0001
-1.03025500035582E+0001
-1.03653600035613E+0001
-1.04467400035646E+0001
-1.05460200035595E+0001
-1.06624500035686E+0001
-1.07951900035695E+0001
-1.09433200035709E+0001
-1.11058200035768E+0001
-1.12816400035808E+0001
-1.14696500035934E+0001
-1.16686700035934E+0001
-1.18774800035898E+0001
-1.20948200035927E+0001
-1.23194200035941E+0001
-1.25499700036016E+0001
-1.27851600035937E+0001
-1.30237000035995E+0001
-1.32642900036007E+0001
-1.35056400035973E+0001
-1.37465100036060E+0001
-1.39856700036034E+0001
-1.42219600036041E+0001
-1.44542300036118E+0001
-1.46814200036169E+0001
-1.49025100036233E+0001
-1.51165700036217E+0001
-1.53227100036165E+0001
-1.55201400036166E+0001
-1.57081440036126E+0001
-1.58860920036095E+0001
-1.60534340036102E+0001
-1.62097130035982E+0001
-1.63545580036007E+0001
-1.64876900035888E+0001
-1.66089156036032E+0001
-1.67181316036149E+0001
-1.68153200036031E+0001
-1.69005480036139E+0001
-1.69739620036271E+0001
-1.70357870036387E+0001
-1.70863220036263E+0001
-1.71259310036257E+0001
-1.71550470036163E+0001
-1.71741560036025E+0001
-1.71837980035925E+0001
-1.71845590035955E+0001
-1.71770630035899E+0001
-1.71619650035864E+0001
-1.71399470035976E+0001
-1.71117070035834E+0001
-1.70779550035950E+0001
-1.70394020036038E+0001
-1.69967580036027E+0001
-1.69507180036162E+0001
-1.69019610036048E+0001
-1.68511430036160E+0001
-1.67988850036054E+0001
-1.67457721036044E+0001
-1.66923475335934E+0001
-1.66391047035868E+0001
-1.65864841035800E+0001
-1.65348690035753E+0001
-1.64845800035691E+0001
-1.64358750035753E+0001
-1.63889450035640E+0001
-1.63439090035681E+0001
-1.63008180035686E+0001
-1.62596520035586E+0001
-1.62203200035729E+0001
-1.61826600035711E+0001
-1.61464400035620E+0001
-1.61113630035543E+0001
-1.60770680035639E+0001
-1.60431310035638E+0001
-1.60090720035660E+0001
-1.59743580035719E+0001
-1.59384080035670E+0001
-1.59006000035733E+0001
-1.58602750035788E+0001
-1.58167430035828E+0001
-1.57692920035769E+0001
-1.57171950035844E+0001
-1.56597100035869E+0001
-1.55961100035929E+0001
-1.55256500035902E+0001
-1.54476200035860E+0001
-1.53613300035795E+0001
-1.52661000035877E+0001
-1.51613000035868E+0001
-1.50463600035873E+0001
-1.49207300035923E+0001
-1.47839500035916E+0001
-1.46356100035918E+0001
-1.44753700035944E+0001
-1.43029600035952E+0001
-1.41182200035982E+0001
-1.39210500035987E+0001
-1.37114400035934E+0001
-1.34895000035903E+0001
-1.32554200035956E+0001
-1.30094800036022E+0001
-1.27520800035999E+0001
-1.24837000036059E+0001
-1.22049500036082E+0001
-1.19165000036155E+0001
-1.16191400036186E+0001
-1.13137600036279E+0001
-1.10013400036259E+0001
-1.06829200036299E+0001
-1.03596500036364E+0001
-1.00327600036398E+0001
-9.70352000364801E+0000
-9.37329000365571E+0000
-9.04347000365669E+0000
-8.71551000366162E+0000
-8.39091000366898E+0000
-8.07117000366270E+0000
-7.75785000366159E+0000
-7.45247000365634E+0000
-7.15660000366915E+0000
-6.87175000365824E+0000
-6.59940000365896E+0000
-6.34120000366238E+0000
-6.09830000366492E+0000
-5.87230000366981E+0000
-5.66440000366129E+0000
-5.47600000366219E+0000
-5.30800000365707E+0000
-5.16170000366401E+0000
-5.03790000366280E+0000
-4.93750000366708E+0000
-4.86120000366645E+0000
-4.80970000366506E+0000
-4.78330000366259E+0000
-4.78250000366825E+0000
-4.80740000365768E+0000
-4.85800000365998E+0000
-4.93430000366061E+0000
-5.03590000366967E+0000
-5.16240000366815E+0000
-5.31340000366617E+0000
-5.48790000365989E+0000
-5.68530000366445E+0000
-5.90440000366652E+0000
-6.14400000366732E+0000
-6.40300000365824E+0000
-6.67970000366040E+0000
-6.97279000366689E+0000
-7.28042000366258E+0000
-7.60085000366962E+0000
-7.93221000366611E+0000
-8.27250000365893E+0000
-8.61969000365934E+0000
-8.97165000367386E+0000
-9.32622000366973E+0000
-9.68120000367344E+0000
-1.00343500036688E+0001
-1.03834400036721E+0001
-1.07262300036673E+0001
-1.10604900036705E+0001
-1.13840500036749E+0001
-1.16947600036801E+0001
-1.19905400036805E+0001
-1.22694000036863E+0001
-1.25294200036878E+0001
-1.27687900036835E+0001
-1.29858200036833E+0001
-1.31789500036829E+0001
-1.33467600036819E+0001
-1.34879800036869E+0001
-1.36015100036893E+0001
-1.36864200036943E+0001
-1.37419400036888E+0001
-1.37675300036935E+0001
-1.37628200036997E+0001
-1.37276300037046E+0001
-1.36619900037039E+0001
-1.35661600036983E+0001
-1.34405800037056E+0001
-1.32859100037021E+0001
-1.31030100037023E+0001
-1.28929400037013E+0001
-1.26569800037104E+0001
-1.23965800037112E+0001
-1.21133900037239E+0001
-1.18092300037242E+0001
-1.14861100037233E+0001
-1.11461700037325E+0001
-1.07917200037336E+0001
-1.04251900037343E+0001
-1.00491400037426E+0001
-9.66624000374577E+0000
