 1.00000000000000E+0002
363
-9.97650000000431E+0000
-2.05879700000223E+0001
-2.23111900000076E+0001
-1.36951000000117E+0001
 1.26979999998002E+0000
 1.25161000000080E+0001
 2.25832999999984E+0001
 2.34903000000049E+0001
 2.31275000000023E+0001
 2.11321999999927E+0001
 1.55997000000206E+0001
 1.59624999999650E+0001
 1.72322999999742E+0001
 2.53949000000139E+0001
 3.17435999999871E+0001
 3.50994000000064E+0001
 3.01110999999801E+0001
 2.37624000000069E+0001
 2.00437999999849E+0001
 2.08600999999908E+0001
 2.83878999999724E+0001
 2.58484000000171E+0001
 2.70274000000209E+0001
 1.91368999999831E+0001
 2.07693999999901E+0001
 3.12900999999838E+0001
 4.22642999999807E+0001
 4.63457000000053E+0001
 4.84317000000156E+0001
 4.00876000000280E+0001
 3.41923999999999E+0001
 3.42831000000006E+0001
 3.71854000000167E+0001
 4.26270999999833E+0001
 4.77967999999528E+0001
 4.83409999999567E+0001
 5.02455999999656E+0001
 4.37154999999912E+0001
 4.96107000000193E+0001
 4.80689000000129E+0001
 4.96107000000193E+0001
 4.91571999999578E+0001
 5.19687999999733E+0001
 4.93385999999591E+0001
 4.99735000000219E+0001
 5.02455999999656E+0001
 5.82268000000040E+0001
 6.22174999999697E+0001
 6.82033999999985E+0001
 6.79313000000548E+0001
 6.54825000000419E+0001
 7.31917000000831E+0001
 7.58215000000782E+0001
 7.39172000000253E+0001
 6.76591999999946E+0001
 6.81127000000561E+0001
 7.18312000000151E+0001
 7.53684000000358E+0001
 7.22847000000766E+0001
 6.95638000000035E+0001
 7.01987000000663E+0001
 6.55732000001008E+0001
 6.26709000000264E+0001
 5.72292000000598E+0001
 4.95200000000186E+0001
 3.63691000000690E+0001
 3.68226000000723E+0001
 3.31040000000503E+0001
 2.34903000000631E+0001
 7.07430000006570E+0000
 6.62080000006245E+0000
 9.06960000004619E+0000
 3.62790000005043E+0000
 3.35580000004848E+0000
 2.44880000004196E+0000
 7.25600000063423E-0001
 5.53250000005937E+0000
-2.81159999995725E+0000
-7.07429999994929E+0000
-6.34869999994407E+0000
-6.34899999946356E-0001
-9.06899999943562E-0001
-5.07899999993970E+0000
-6.25799999994342E+0000
-2.14042299999564E+0001
-1.94996099999698E+0001
-2.43064999999769E+0001
-3.05645199999854E+0001
-4.00875999999698E+0001
-4.98827999999630E+0001
-4.57106999999960E+0001
-4.67084000000032E+0001
-3.99969000000274E+0001
-3.17435700000206E+0001
-2.51227640000288E+0001
-3.51900000000605E+0001
-3.74574000000721E+0001
-4.19922000000952E+0001
-4.43503000001074E+0001
-3.88179000000819E+0001
-3.29226200000849E+0001
-3.25598300001002E+0001
-3.11087000000989E+0001
-4.19015000000945E+0001
-4.94293000001344E+0001
-5.07897000001394E+0001
-3.81830000001355E+0001
-2.85692100001324E+0001
-2.94761700001254E+0001
-3.06552200001315E+0001
-3.46458000001148E+0001
-3.65505000001285E+0001
-3.38295800001360E+0001
-2.84785100001318E+0001
-3.11993900001398E+0001
-3.39202700001188E+0001
-3.42830600001034E+0001
-4.17201000000932E+0001
-4.90665000001318E+0001
-4.53480000001146E+0001
-4.11760000001523E+0001
-4.15387000001501E+0001
-4.49852000001702E+0001
-4.62549000001745E+0001
-4.54387000001734E+0001
-4.85223000001861E+0001
-4.68898000001791E+0001
-4.36247000002186E+0001
-4.92479000002495E+0001
-5.06083000002545E+0001
-5.82268000002950E+0001
-6.44848000003258E+0001
-6.31244000003207E+0001
-6.14012000003131E+0001
-6.06756000003079E+0001
-5.16060000003199E+0001
-4.80688000003574E+0001
-4.32620000003953E+0001
-4.11760000003851E+0001
-3.66412000004202E+0001
-3.62784000004176E+0001
-3.36481800004258E+0001
-2.92040800004324E+0001
-2.39437160004454E+0001
-2.77529500004603E+0001
-2.56669400004612E+0001
-2.66646000004548E+0001
-1.84112600004592E+0001
-2.04065700004576E+0001
-1.96810100004659E+0001
-2.04972700004582E+0001
-1.43299400004616E+0001
-1.44206400004623E+0001
-1.43299400004616E+0001
-1.20625000004511E+0001
-1.45113400004629E+0001
-1.73229100004537E+0001
-1.91368300004688E+0001
-1.75043000004662E+0001
-1.55089900004677E+0001
-1.73229100004828E+0001
-1.61438600005058E+0001
-1.61438600005058E+0001
-1.44206400005059E+0001
-1.29695000005012E+0001
-1.20625000004947E+0001
-8.61610000049404E+0000
-1.10649000005069E+0001
-1.24253000004973E+0001
-1.32416000005032E+0001
-1.75950000004959E+0001
-2.71180800005095E+0001
-3.17435700005153E+0001
-3.27412300005089E+0001
-2.90226900005073E+0001
-2.93854700005031E+0001
-2.66646000005130E+0001
-2.43971960005001E+0001
-2.33995400005078E+0001
-2.40344120005029E+0001
-2.12228400004969E+0001
-2.12228400004969E+0001
-1.82298700005049E+0001
-9.79510000049777E+0000
-1.20625000004947E+0001
-2.37623240005050E+0001
-1.89554400005145E+0001
-1.56903800005093E+0001
-1.66880400005321E+0001
-1.26974000005284E+0001
-1.67787300005439E+0001
-1.72322100005404E+0001
-2.00437900005491E+0001
-2.09507500005420E+0001
-2.24925800005440E+0001
-1.60531700005522E+0001
-1.75043000005535E+0001
-1.83205700005637E+0001
-2.27646700005571E+0001
-2.08600500005705E+0001
-2.03158800005622E+0001
-2.46692840005562E+0001
-2.67552900005539E+0001
-3.27412300005672E+0001
-2.31274500005820E+0001
-2.00437900005782E+0001
-2.08600500005705E+0001
-2.03158800005622E+0001
-2.76622500005760E+0001
-1.61438600005931E+0001
-1.62345600005938E+0001
-1.78670900005964E+0001
-2.14042300005967E+0001
-2.72087700006086E+0001
-2.04972700006037E+0001
-2.28553600005980E+0001
-2.66646000006003E+0001
-2.90226900005946E+0001
-2.18577100005932E+0001
-2.56669400006067E+0001
-2.77529500006058E+0001
-3.04738300006138E+0001
-3.33761000006343E+0001
-3.27412300006254E+0001
-3.40109700006433E+0001
-2.74808600006509E+0001
-2.47599800006428E+0001
-2.18577100006514E+0001
-1.91368300006434E+0001
-1.67787300006603E+0001
-1.67787300006603E+0001
-4.80690000065078E+0000
-2.44880000066769E+0000
 6.34899999349727E-0001
-2.72100000656792E-0001
 3.62799999347772E-0001
-5.89520000065386E+0000
-7.25570000066364E+0000
-1.62345600006811E+0001
-1.77763900006830E+0001
-1.38765000006969E+0001
-1.61438600007095E+0001
-1.90461300007009E+0001
-2.45785880007024E+0001
-2.46692840007017E+0001
-1.93182200007141E+0001
-2.74808600007091E+0001
-3.27412300006836E+0001
-2.98389500007033E+0001
-2.71180800007132E+0001
-3.21063500007149E+0001
-3.35574900007341E+0001
-3.58249000007636E+0001
-2.67552900007577E+0001
-3.20156600007904E+0001
-2.82064300008060E+0001
-3.02017400008044E+0001
-1.62345600008266E+0001
-1.34230000008246E+0001
-1.48741200008225E+0001
-1.24253000008175E+0001
-8.25330000082613E+0000
-4.62550000080955E+0000
-3.53710000083083E+0000
-8.61610000081419E+0000
-1.32416000008233E+0001
-1.31509000008227E+0001
-1.42392000008258E+0001
-1.46020300008240E+0001
-1.71415200008196E+0001
-2.17670100008254E+0001
-1.78670900008292E+0001
-2.61204200008360E+0001
-2.43065000008501E+0001
-2.50320680008444E+0001
-2.40344120008522E+0001
-2.53948500008555E+0001
-1.94089200008602E+0001
-1.81391700008535E+0001
-1.65973400008515E+0001
-2.04065700008650E+0001
-1.96810100008734E+0001
-2.17670100008836E+0001
-1.83205700008839E+0001
-1.61438600008842E+0001
-1.79577800008701E+0001
-1.83205700008839E+0001
-1.65066500008979E+0001
-1.94996100009012E+0001
-1.83205700009130E+0001
-1.88647400009213E+0001
-1.92275300009351E+0001
-2.32181500009319E+0001
-2.92040800009272E+0001
-3.59156000009389E+0001
-3.50993000009330E+0001
-4.04504000009620E+0001
-4.22643000009703E+0001
-4.52573000009870E+0001
-3.62784000009997E+0001
-3.60063000009977E+0001
-3.48272000009893E+0001
-4.30806000010343E+0001
-3.88179000010132E+0001
-3.55528000009945E+0001
-3.41016600009752E+0001
-3.52807000009925E+0001
-3.21970500010066E+0001
-3.51900000009919E+0001
-3.78202000010060E+0001
-4.55294000009890E+0001
-4.41689000010374E+0001
-4.55294000010472E+0001
-4.48038000010420E+0001
-4.95200000010664E+0001
-4.67991000010516E+0001
-5.26036000010790E+0001
-4.18108000010834E+0001
-3.72760000011185E+0001
-2.62111200011277E+0001
-2.04972700011276E+0001
-1.30602000011276E+0001
-1.81390000112879E+0000
 4.17199999887089E+0000
 7.34639999885985E+0000
 6.62079999888374E+0000
 1.17909999888798E+0000
 7.16499999888765E+0000
 2.72099998881458E-0001
-5.98590000112017E+0000
-2.04972700011276E+0001
-3.40109700011089E+0001
-4.37154000011506E+0001
-5.37827000011457E+0001
-6.32151000011945E+0001
-6.39406000011950E+0001
-6.20360000011860E+0001
-5.64129000011599E+0001
-5.76826000011642E+0001
-5.36920000012033E+0001
-5.52338000012096E+0001
-5.17874000011943E+0001
-4.56201000012225E+0001
-3.33761000012164E+0001
-3.17435700012138E+0001
-2.33088440012070E+0001
-2.36716280012042E+0001
-1.67787300012133E+0001
-1.26067000012117E+0001
-1.25160000012110E+0001
-1.19718000012071E+0001
-1.02486000012140E+0001
-1.30602000012149E+0001
-1.04300000012153E+0001
-1.06114000012166E+0001
-1.21532000012084E+0001
-1.64159500012174E+0001
-1.65066500012181E+0001
-1.44206400012335E+0001
-1.12463000012212E+0001
-1.30602000012295E+0001
-9.88580000122602E+0000
-1.19718000012217E+0001
