 3.30000000000000E+0002
817
-9.99999999998181E-0001
-9.99999999998181E-0001
-1.99999999999818E+0000
-1.99999999999818E+0000
-1.99999999999818E+0000
-9.99999999998181E-0001
 0.00000000000000E+0000
 3.00000000000000E+0000
 5.00000000000728E+0000
 6.00000000000728E+0000
 6.00000000000728E+0000
 5.00000000001455E+0000
 3.00000000001091E+0000
 1.09139364212751E-0011
-3.99999999998909E+0000
-9.99999999998545E+0000
-1.49999999999709E+0001
-1.79999999999709E+0001
-1.79999999999709E+0001
-1.69999999999709E+0001
-1.49999999999709E+0001
-9.99999999998545E+0000
-4.99999999998545E+0000
 4.00000000001455E+0000
 5.00000000001455E+0000
 9.00000000001455E+0000
 7.00000000001455E+0000
 6.00000000001455E+0000
 4.00000000002183E+0000
-2.99999999998545E+0000
-7.99999999998545E+0000
-1.39999999999854E+0001
-1.29999999999854E+0001
-1.19999999999854E+0001
-1.09999999999854E+0001
-2.99999999998545E+0000
 2.00000200001523E+0000
 4.00000000001455E+0000
 3.00000000001455E+0000
 2.00000200001523E+0000
-2.99999999998545E+0000
-8.99999999998545E+0000
-1.29999999999854E+0001
-2.19999999999709E+0001
-2.89999999999709E+0001
-3.50000000000000E+0001
-3.40000000000000E+0001
-3.30000000000000E+0001
-3.10000000000000E+0001
-2.60000000000000E+0001
-2.20000000000000E+0001
-2.00000000000000E+0001
-1.90000000000000E+0001
-1.80000000000000E+0001
-1.80000000000000E+0001
-1.80000000000000E+0001
-1.70000000000000E+0001
-1.50000000000000E+0001
-1.20000000000145E+0001
-8.00000000001455E+0000
-4.00000000001455E+0000
-1.00000000001091E+0000
 2.00000199998613E+0000
 2.99999999998545E+0000
 3.99999999998909E+0000
 3.99999999998909E+0000
 3.99999999998909E+0000
 3.99999999998909E+0000
 2.99999999998909E+0000
 1.00000199998976E+0000
-1.09139364212751E-0011
-1.00000000000909E+0000
-2.00000000001091E+0000
-2.00000000001091E+0000
-1.00000000001091E+0000
-1.00000000001091E+0000
-1.00000000001091E+0000
-1.27329258248210E-0011
 2.00000199998976E+0000
 2.99999999998909E+0000
 3.99999999999272E+0000
 4.99999999999272E+0000
 4.99999999999272E+0000
 4.99999999999272E+0000
 3.99999999999272E+0000
 2.99999999999272E+0000
 2.00000199999340E+0000
 1.00000199999340E+0000
 1.00000199999340E+0000
 1.00000199999340E+0000
-3.00000000000728E+0000
-4.00000000000728E+0000
-6.00000000000728E+0000
-7.00000000000728E+0000
-7.00000000000728E+0000
-7.00000000000728E+0000
-7.00000000000728E+0000
-7.00000000000728E+0000
-6.00000000000728E+0000
-5.00000000000728E+0000
-4.00000000000728E+0000
-3.00000000000728E+0000
-2.00000000000364E+0000
-2.00000000000364E+0000
-2.00000000000364E+0000
-2.00000000000364E+0000
-1.00000000000364E+0000
-5.45696821063757E-0012
 1.00000199999522E+0000
 2.99999999999636E+0000
 4.00000000000000E+0000
 5.00000000000000E+0000
 5.00000000000000E+0000
 4.00000000000000E+0000
 3.00000000000000E+0000
 1.00000200000068E+0000
 1.00000200000068E+0000
-5.00000000000000E+0000
-7.00000000000000E+0000
-6.00000000000000E+0000
-3.00000000000000E+0000
 4.00000000000728E+0000
 1.20000000000145E+0001
 1.40000000000145E+0001
 1.70000000000291E+0001
 1.90000000000582E+0001
 2.00000000000582E+0001
 1.90000000000582E+0001
 1.70000000000582E+0001
 1.40000000000582E+0001
 9.00000000005821E+0000
 5.82076609134674E-0011
-8.99999999994179E+0000
-1.09999999999417E+0001
-1.79999999999418E+0001
-1.99999999999418E+0001
-1.99999999999418E+0001
-1.89999999999418E+0001
-1.79999999999418E+0001
-1.39999999999563E+0001
-4.99999999995634E+0000
-2.99999999995634E+0000
 2.00000200004433E+0000
 4.00000000004366E+0000
 7.00000000004366E+0000
 9.00000000004366E+0000
 1.10000000000436E+0001
 1.30000000000436E+0001
 1.70000000000582E+0001
 2.00000000000873E+0001
 2.20000000000873E+0001
 2.40000000000873E+0001
 2.50000000000873E+0001
 2.50000000000873E+0001
 2.40000000000873E+0001
 2.30000000000873E+0001
 2.20000000000873E+0001
 1.90000000000873E+0001
 1.70000000000873E+0001
 1.40000000000873E+0001
 1.10000000000873E+0001
 8.00000000008731E+0000
 6.00000000008731E+0000
 3.00000000008731E+0000
-9.99999999912689E-0001
-2.99999999991633E+0000
-3.99999999991633E+0000
-2.99999999991633E+0000
-1.99999999991269E+0000
 1.00000200008799E+0000
 6.00000000008731E+0000
 1.30000000000873E+0001
 1.90000000001164E+0001
 2.30000000001164E+0001
 2.40000000001164E+0001
 2.50000000001164E+0001
 2.60000000001164E+0001
 2.50000000001164E+0001
 2.40000000001164E+0001
 2.30000000001164E+0001
 1.90000000001164E+0001
 1.50000000001018E+0001
 1.00000000001018E+0001
 7.00000000010186E+0000
 5.00000000010914E+0000
 1.09139364212751E-0010
-3.99999999989086E+0000
-8.99999999989814E+0000
-1.29999999998981E+0001
-1.79999999998836E+0001
-2.29999999998836E+0001
-2.39999999998836E+0001
-3.09999999998836E+0001
-3.09999999998836E+0001
-2.99999999998836E+0001
-2.79999999998836E+0001
-2.19999999998836E+0001
-1.29999999998981E+0001
 1.01863406598568E-0010
 1.10000000001018E+0001
 2.00000000001164E+0001
 2.50000000001164E+0001
 2.60000000001164E+0001
 2.70000000001164E+0001
 2.60000000001164E+0001
 2.50000000001164E+0001
 2.20000000001164E+0001
 1.90000000001164E+0001
 1.50000000001018E+0001
 1.10000000001018E+0001
 9.00000000010186E+0000
 8.00000000010186E+0000
 7.00000000010186E+0000
 6.00000000010186E+0000
 3.00000000010186E+0000
 1.00000200010254E+0000
-9.99999999898137E-0001
-1.99999999989814E+0000
-5.99999999990541E+0000
-6.99999999990541E+0000
-6.99999999990541E+0000
-5.99999999990541E+0000
-3.99999999990541E+0000
-9.99999999901775E-0001
 2.00000200009526E+0000
 7.00000000009459E+0000
 1.10000000001018E+0001
 1.30000000001018E+0001
 1.30000000001018E+0001
 1.90000000001164E+0001
 2.20000000001164E+0001
 2.40000000001164E+0001
 2.60000000001164E+0001
 2.80000000001164E+0001
 2.90000000001164E+0001
 3.00000000001164E+0001
 3.00000000001164E+0001
 3.00000000001164E+0001
 3.00000000001164E+0001
 2.90000000001164E+0001
 2.80000000001164E+0001
 2.40000000001164E+0001
 1.40000000001018E+0001
 7.00000000010186E+0000
-9.99999999898137E-0001
-6.99999999990541E+0000
-8.99999999991269E+0000
-1.89999999999127E+0001
-2.19999999999127E+0001
-2.99999999999127E+0001
-3.09999999999127E+0001
-3.09999999999127E+0001
-2.99999999999127E+0001
-2.79999999999127E+0001
-2.59999999999127E+0001
-2.29999999999127E+0001
-1.59999999999126E+0001
-1.29999999999272E+0001
-1.09999999999272E+0001
-9.99999999992724E+0000
-8.99999999992724E+0000
-8.99999999992724E+0000
-9.99999999992724E+0000
-1.09999999999272E+0001
-1.09999999999272E+0001
-1.19999999999272E+0001
-1.19999999999272E+0001
-1.09999999999272E+0001
-9.99999999992724E+0000
-8.99999999992724E+0000
-8.99999999992724E+0000
-6.99999999992724E+0000
-6.99999999992724E+0000
-6.99999999992724E+0000
-6.99999999992724E+0000
-5.99999999992724E+0000
-4.99999999992724E+0000
-4.99999999992724E+0000
-3.99999999992724E+0000
-1.99999999992360E+0000
-9.99999999923602E-0001
 7.45785655453801E-0011
 7.45785655453801E-0011
-9.99999999923602E-0001
-1.99999999992360E+0000
-2.99999999992724E+0000
-3.99999999992724E+0000
-7.99999999992724E+0000
-1.29999999999272E+0001
-1.39999999999272E+0001
-1.49999999999126E+0001
-1.49999999999126E+0001
-1.39999999999272E+0001
-1.39999999999272E+0001
-1.29999999999272E+0001
-1.09999999999272E+0001
-9.99999999992724E+0000
-8.99999999992724E+0000
-7.99999999992724E+0000
-6.99999999992724E+0000
-5.99999999992724E+0000
-4.99999999992724E+0000
-3.99999999992724E+0000
-2.99999999992724E+0000
-1.99999999992360E+0000
-2.99999999992724E+0000
-2.99999999992724E+0000
-2.99999999992724E+0000
-2.99999999992724E+0000
-2.99999999992724E+0000
-2.99999999992724E+0000
-2.99999999992724E+0000
-2.99999999992724E+0000
-1.99999999992360E+0000
-9.99999999923602E-0001
 7.45785655453801E-0011
 1.00000200007526E+0000
 1.00000200007526E+0000
 1.00000200007526E+0000
 1.00000200007526E+0000
 1.00000200007526E+0000
 1.00000200007526E+0000
 1.00000200007526E+0000
 1.00000200007526E+0000
 1.00000200007526E+0000
 2.00000200007707E+0000
 4.00000000008004E+0000
 5.00000000008004E+0000
 5.00000000008004E+0000
 4.00000000008004E+0000
 3.00000000008004E+0000
 1.00000200008071E+0000
 1.00000200008071E+0000
 8.00355337560177E-0011
 8.00355337560177E-0011
 8.00355337560177E-0011
 3.00000000008004E+0000
 4.00000000008004E+0000
 7.00000000008004E+0000
 8.00000000008731E+0000
 9.00000000008731E+0000
 1.00000000000873E+0001
 1.00000000000873E+0001
 1.10000000000873E+0001
 1.10000000000873E+0001
 1.10000000000873E+0001
 1.10000000000873E+0001
 1.20000000000873E+0001
 1.40000000000873E+0001
 1.50000000000873E+0001
 1.50000000000873E+0001
 1.60000000000873E+0001
 1.60000000000873E+0001
 1.60000000000873E+0001
 1.50000000000873E+0001
 1.30000000000873E+0001
 1.20000000000873E+0001
 1.10000000000873E+0001
 1.10000000000873E+0001
 1.20000000000873E+0001
 1.40000000000873E+0001
 1.60000000000873E+0001
 1.90000000001164E+0001
 2.00000000001164E+0001
 2.10000000001164E+0001
 2.00000000001164E+0001
 1.90000000001164E+0001
 1.80000000001164E+0001
 1.20000000001018E+0001
 3.00000000010186E+0000
-3.99999999989814E+0000
-1.49999999998835E+0001
-2.49999999998836E+0001
-3.59999999998836E+0001
-4.09999999998836E+0001
-4.09999999998836E+0001
-3.99999999998836E+0001
-3.99999999998836E+0001
-3.49999999998836E+0001
-2.79999999998836E+0001
-2.09999999998836E+0001
-1.29999999998981E+0001
-2.99999999989814E+0000
 5.00000000010186E+0000
 1.30000000001018E+0001
 2.10000000001164E+0001
 2.80000000001164E+0001
 3.30000000001164E+0001
 3.80000000001164E+0001
 4.00000000001164E+0001
 4.10000000001164E+0001
 4.20000000001164E+0001
 4.10000000001164E+0001
 3.90000000001164E+0001
 3.60000000001164E+0001
 3.60000000001164E+0001
 2.50000000001164E+0001
 1.90000000001164E+0001
 1.50000000001018E+0001
 9.00000000010186E+0000
 2.00000200010254E+0000
-1.99999999989814E+0000
-6.99999999990541E+0000
-1.29999999999126E+0001
-1.99999999999127E+0001
-2.49999999999127E+0001
-3.09999999999127E+0001
-3.39999999999418E+0001
-3.69999999999418E+0001
-3.79999999999418E+0001
-3.79999999999418E+0001
-3.79999999999418E+0001
-3.79999999999418E+0001
-3.69999999999418E+0001
-3.49999999999418E+0001
-3.19999999999418E+0001
-2.89999999999418E+0001
-2.59999999999418E+0001
-2.39999999999418E+0001
-2.19999999999418E+0001
-1.69999999999418E+0001
-1.29999999999563E+0001
-9.99999999995634E+0000
-6.99999999995634E+0000
-1.99999999994907E+0000
-9.99999999949068E-0001
 4.00000000005093E+0000
 1.00000000000582E+0001
 1.30000000000582E+0001
 1.50000000000582E+0001
 1.60000000000582E+0001
 1.70000000000582E+0001
 1.80000000000873E+0001
 1.70000000000873E+0001
 1.60000000000873E+0001
 1.50000000000873E+0001
 1.30000000000873E+0001
 1.10000000000873E+0001
 1.00000000000873E+0001
 9.00000000008731E+0000
 7.00000000008731E+0000
 3.00000000008731E+0000
 1.00000200008799E+0000
 8.73114913702011E-0011
 8.73114913702011E-0011
 1.00000200008799E+0000
 2.00000200008799E+0000
 3.00000000008731E+0000
 4.00000000008731E+0000
 4.00000000008731E+0000
 4.00000000008731E+0000
 4.00000000008731E+0000
 4.00000000008731E+0000
 5.00000000008731E+0000
 7.00000000008731E+0000
 8.00000000008731E+0000
 8.00000000008731E+0000
 8.00000000008731E+0000
 8.00000000008731E+0000
 7.00000000008731E+0000
 6.00000000008731E+0000
 4.00000000009459E+0000
 2.00000200009526E+0000
 9.45874489843845E-0011
-1.99999999990359E+0000
-3.99999999990905E+0000
-3.99999999990905E+0000
-3.99999999990905E+0000
-2.99999999990905E+0000
-9.99999999905413E-0001
 1.00000200009526E+0000
 3.00000000009459E+0000
 6.00000000009459E+0000
 7.00000000009459E+0000
 8.00000000010186E+0000
 7.00000000010186E+0000
 6.00000000010186E+0000
 4.00000000010914E+0000
 1.00000200010618E+0000
-9.99999999894499E-0001
-2.99999999989814E+0000
-4.99999999989814E+0000
-5.99999999989814E+0000
-4.99999999989814E+0000
-3.99999999989814E+0000
-1.99999999989450E+0000
 1.00000200010618E+0000
 3.00000000010550E+0000
 1.00000000001018E+0001
 1.20000000001018E+0001
 1.30000000001018E+0001
 1.40000000001018E+0001
 1.40000000001018E+0001
 1.30000000001018E+0001
 1.20000000001018E+0001
 1.20000000001018E+0001
 7.00000000010186E+0000
 6.00000000010186E+0000
 5.00000000010914E+0000
 3.00000000010550E+0000
 2.00000200010618E+0000
 1.00000200010618E+0000
 1.00000200010618E+0000
 2.00000200010618E+0000
 2.00000200010618E+0000
 3.00000000010550E+0000
 3.00000000010550E+0000
 3.00000000010550E+0000
 2.00000200010618E+0000
 1.00000200010618E+0000
 1.05501385405659E-0010
-1.99999999989268E+0000
-4.99999999989814E+0000
-6.99999999989814E+0000
-8.99999999989814E+0000
-9.99999999989814E+0000
-1.09999999998981E+0001
-1.09999999998981E+0001
-9.99999999989814E+0000
-7.99999999989814E+0000
-5.99999999989814E+0000
-4.99999999989814E+0000
-1.99999999989450E+0000
-9.99999999894499E-0001
-9.99999999894499E-0001
 1.03682396002113E-0010
 1.00000200010436E+0000
 1.00000200010436E+0000
 1.00000200010436E+0000
 1.00000200010436E+0000
 1.03682396002113E-0010
 1.03682396002113E-0010
-9.99999999894499E-0001
-9.99999999894499E-0001
-4.99999999990541E+0000
-6.99999999990541E+0000
-7.99999999990541E+0000
-8.99999999991269E+0000
-9.99999999991269E+0000
-1.09999999999126E+0001
-1.09999999999126E+0001
-1.09999999999126E+0001
-9.99999999991269E+0000
-8.99999999991269E+0000
-7.99999999991269E+0000
-6.99999999991269E+0000
-4.99999999991269E+0000
-2.99999999991269E+0000
-1.99999999990905E+0000
-1.99999999990905E+0000
-1.99999999990905E+0000
-1.99999999990905E+0000
-1.99999999990905E+0000
-1.99999999990905E+0000
-2.99999999991269E+0000
-2.99999999991269E+0000
-1.99999999990905E+0000
-9.99999999909051E-0001
 8.91304807737470E-0011
 1.00000200008981E+0000
 1.00000200008981E+0000
 1.00000200008981E+0000
 8.91304807737470E-0011
-9.99999999909051E-0001
-3.99999999991269E+0000
-5.99999999991269E+0000
-7.99999999991269E+0000
-8.99999999991269E+0000
-9.99999999991269E+0000
-9.99999999991269E+0000
-1.09999999999126E+0001
-1.09999999999126E+0001
-1.09999999999126E+0001
-9.99999999991269E+0000
-9.99999999991269E+0000
-8.99999999991269E+0000
-7.99999999991269E+0000
-6.99999999991269E+0000
-4.99999999991269E+0000
-3.99999999991269E+0000
-3.99999999991269E+0000
-3.99999999991269E+0000
-4.99999999991269E+0000
-4.99999999991269E+0000
-4.99999999991269E+0000
-3.99999999991269E+0000
-1.99999999990905E+0000
-9.99999999909051E-0001
 8.91304807737470E-0011
 1.00000200008981E+0000
 2.00000200009163E+0000
 2.00000200009163E+0000
 2.00000200009163E+0000
 2.00000200009163E+0000
 2.00000200009163E+0000
 2.00000200009163E+0000
 1.00000200009163E+0000
 9.09494701772928E-0011
 9.09494701772928E-0011
-3.99999999990905E+0000
-5.99999999991269E+0000
-7.99999999991269E+0000
-8.99999999991269E+0000
-8.99999999991269E+0000
-8.99999999991269E+0000
-7.99999999991269E+0000
-5.99999999991269E+0000
-3.99999999991269E+0000
-2.99999999991269E+0000
-1.99999999990905E+0000
-1.99999999990905E+0000
-1.99999999990905E+0000
-1.99999999990905E+0000
-1.99999999990905E+0000
-9.99999999909051E-0001
-9.99999999909051E-0001
 8.91304807737470E-0011
 1.00000200008981E+0000
 2.00000200009163E+0000
 3.00000000009095E+0000
 3.00000000009095E+0000
 3.00000000009095E+0000
 3.00000000009095E+0000
 2.00000200009163E+0000
 1.00000200009163E+0000
 9.09494701772928E-0011
-9.99999999907232E-0001
-2.99999999991269E+0000
-4.99999999991269E+0000
-8.99999999991269E+0000
-1.09999999999126E+0001
-1.49999999998981E+0001
-1.69999999999127E+0001
-1.99999999999127E+0001
-2.09999999999127E+0001
-2.19999999999127E+0001
-2.29999999999127E+0001
-2.29999999999127E+0001
-2.29999999999127E+0001
-2.29999999999127E+0001
-2.19999999999127E+0001
-1.89999999999127E+0001
-1.49999999999126E+0001
-1.09999999999272E+0001
-6.99999999992724E+0000
-4.99999999992724E+0000
-2.99999999992724E+0000
-9.99999999923602E-0001
 7.45785655453801E-0011
 7.45785655453801E-0011
 7.45785655453801E-0011
 7.45785655453801E-0011
 7.45785655453801E-0011
 7.45785655453801E-0011
 7.45785655453801E-0011
 7.45785655453801E-0011
 7.45785655453801E-0011
 7.45785655453801E-0011
 7.45785655453801E-0011
 7.45785655453801E-0011
 7.45785655453801E-0011
 7.45785655453801E-0011
 7.45785655453801E-0011
-9.99999999923602E-0001
-1.99999999992360E+0000
-2.99999999992724E+0000
-3.99999999992724E+0000
-4.99999999992724E+0000
-4.99999999992724E+0000
-4.99999999992724E+0000
-5.99999999992724E+0000
-6.99999999992724E+0000
-7.99999999992724E+0000
-8.99999999992724E+0000
-8.99999999992724E+0000
-8.99999999992724E+0000
-7.99999999992724E+0000
-5.99999999992724E+0000
-1.99999999991996E+0000
 5.00000000008004E+0000
 1.00000000000873E+0001
 1.70000000000873E+0001
 2.10000000001164E+0001
 2.50000000001164E+0001
 2.60000000001164E+0001
 2.70000000001164E+0001
 2.70000000001164E+0001
 2.70000000001164E+0001
 2.60000000001164E+0001
 2.50000000001164E+0001
 2.40000000001164E+0001
 2.20000000001164E+0001
 2.10000000001164E+0001
 1.90000000001164E+0001
 1.80000000001164E+0001
 1.60000000001164E+0001
 1.20000000001164E+0001
 1.00000000001164E+0001
 7.00000000011642E+0000
 2.00000200011709E+0000
 2.00000200011709E+0000
 2.00000200011709E+0000
 2.00000200011709E+0000
 3.00000000011642E+0000
 3.00000000011642E+0000
 3.00000000011642E+0000
 2.00000200011709E+0000
 1.00000200011709E+0000
 1.16415321826935E-0010
 1.16415321826935E-0010
 1.16415321826935E-0010
 1.00000200011709E+0000
 2.00000200011709E+0000
 5.00000000012369E+0000
 8.00000000011642E+0000
 8.00000000011642E+0000
 8.00000000011642E+0000
 8.00000000011642E+0000
 9.00000000011642E+0000
 9.00000000011642E+0000
 1.00000000001164E+0001
 1.00000000001164E+0001
 1.00000000001164E+0001
 1.00000000001164E+0001
 1.00000000001164E+0001
 1.00000000001164E+0001
 1.10000000001164E+0001
 1.20000000001164E+0001
 1.30000000001164E+0001
 1.30000000001164E+0001
 1.30000000001164E+0001
 1.30000000001164E+0001
 1.30000000001164E+0001
 1.20000000001164E+0001
 1.10000000001164E+0001
 1.10000000001164E+0001
 1.00000000001164E+0001
 9.00000000011642E+0000
 6.00000000011642E+0000
 3.00000000011642E+0000
 1.16415321826935E-0010
-1.99999999988177E+0000
-3.99999999988722E+0000
-4.99999999989086E+0000
-5.99999999989086E+0000
-4.99999999989086E+0000
-3.99999999989086E+0000
-9.99999999887223E-0001
 1.10958353616297E-0010
 4.00000000010914E+0000
 8.00000000010186E+0000
 9.00000000010186E+0000
 1.20000000001018E+0001
 1.30000000001018E+0001
 1.50000000001018E+0001
 1.60000000001164E+0001
 1.60000000001164E+0001
 1.50000000001164E+0001
 1.40000000001164E+0001
 1.20000000001164E+0001
 1.10000000001164E+0001
 8.00000000011642E+0000
 7.00000000011642E+0000
 7.00000000011642E+0000
 7.00000000011642E+0000
 8.00000000011642E+0000
 8.00000000011642E+0000
 9.00000000011642E+0000
 1.00000000001164E+0001
 1.10000000001164E+0001
 1.20000000001164E+0001
 1.10000000001164E+0001
 1.10000000001164E+0001
 1.00000000001164E+0001
 7.00000000011642E+0000
 6.00000000011642E+0000
 4.00000000012369E+0000
 3.00000000012369E+0000
 2.00000200012437E+0000
 2.00000200012437E+0000
 1.00000200012437E+0000
 1.23691279441118E-0010
-1.99999999987449E+0000
-2.99999999987995E+0000
-2.99999999987995E+0000
-2.99999999987995E+0000
-1.99999999987631E+0000
-9.99999999876309E-0001
-9.99999999876309E-0001
-9.99999999876309E-0001
 1.21872290037572E-0010
 1.21872290037572E-0010
-9.99999999876309E-0001
-1.99999999987631E+0000
-4.99999999988358E+0000
-5.99999999988358E+0000
-4.99999999988358E+0000
-3.99999999988358E+0000
-3.99999999988358E+0000
-2.99999999988358E+0000
-2.99999999988358E+0000
-2.99999999988358E+0000
-3.99999999988358E+0000
-4.99999999988358E+0000
-4.99999999988358E+0000
-4.99999999988358E+0000
-3.99999999988358E+0000
-2.99999999988358E+0000
-1.99999999987995E+0000
-9.99999999879947E-0001
 1.18234311230481E-0010
 1.18234311230481E-0010
 1.18234311230481E-0010
 1.18234311230481E-0010
 1.18234311230481E-0010
-9.99999999879947E-0001
-1.99999999987995E+0000
