134
877
-0.0129228
0.32041
0.653744
0.653744
0.987077
1.65374
2.65374
0.653744
-0.0129228
-0.346256
-0.67959
-1.01292
-1.67959
-2.01292
-2.34626
-2.67959
-2.67959
-2.34626
-2.01292
-0.0129228
1.65374
2.65374
2.65374
1.98708
1.65374
0.987077
1.32041
1.65374
1.98708
2.32041
2.65374
3.32041
3.65374
4.65374
4.65374
3.98708
3.65374
3.32041
2.98708
2.98708
2.98708
2.98708
2.98708
2.98708
2.98708
2.98708
3.32041
3.65374
5.65374
5.65374
4.65374
2.65374
1.65374
0.653744
-0.0129228
-1.01292
-2.01292
-2.34626
-2.01292
-0.0129228
0.653744
1.65374
2.65374
2.98708
2.98708
2.65374
0.653744
-1.01292
-1.34626
-1.67959
-1.34626
-1.01292
-0.0129228
0.653744
1.65374
1.98708
2.32041
2.65374
2.65374
1.98708
1.65374
0.653744
-0.0129228
-1.01292
-1.67959
-1.34626
-1.01292
-0.0129228
0.653744
1.65374
1.65374
0.653744
-1.01292
-3.01292
-3.67959
-3.34626
-3.01292
-2.01292
-1.01292
-0.346256
-0.0129228
-0.0129228
-1.01292
-1.67959
-2.01292
-2.34626
-2.01292
-1.34626
-1.01292
-1.67959
-2.01292
-2.34626
-2.67959
-2.34626
-2.01292
-0.0129228
-0.0129228
-0.0129228
-1.01292
-1.34626
-1.67959
-1.67959
-1.67959
-1.67959
-1.67959
-1.67959
-1.67959
-1.67959
-1.67959
-1.34626
-1.01292
-0.0129228
0.653744
2.65374
0.653744
-0.0129228
-0.67959
-0.346256
-0.0129228
0.653744
0.987077
0.987077
0.987077
0.987077
1.32041
1.65374
2.65374
2.98708
2.98708
2.65374
2.32041
1.98708
1.98708
2.32041
2.65374
1.98708
1.65374
0.653744
0.32041
-0.0129228
-0.0129228
0.32041
0.653744
1.65374
2.65374
3.65374
3.65374
2.98708
3.32041
3.65374
3.98708
3.98708
3.98708
3.98708
4.32041
4.65374
4.98708
4.98708
4.98708
4.98708
4.98708
4.98708
4.98708
4.98708
4.98708
4.65374
2.65374
1.98708
1.65374
0.987077
0.653744
-1.01292
-2.01292
-2.34626
-2.67959
-2.67959
-2.34626
-2.01292
-1.01292
-0.67959
-0.346256
-0.0129228
-0.0129228
-0.0129228
-0.0129228
-0.0129228
-0.346256
-0.67959
-0.67959
-0.346256
-0.0129228
0.32041
0.653744
1.65374
0.653744
-1.01292
-2.34626
-2.67959
-2.34626
-2.01292
-0.0129228
0.653744
0.987077
0.653744
-0.0129228
-1.01292
-1.34626
-1.67959
-1.67959
-1.34626
-1.01292
-0.0129228
1.65374
2.65374
3.32041
3.65374
5.65374
4.32041
-3.01292
-5.01292
-7.01292
-7.34626
-7.01292
-4.01292
-0.0129228
1.65374
2.65374
2.98708
3.32041
3.65374
0.653744
-3.01292
-6.01292
-10.0129
-10.3463
-10.0129
-6.01292
0.653744
5.65374
7.65374
8.65374
8.65374
5.65374
-0.0129228
-7.01292
-11.0129
-15.0129
-15.3463
-15.0129
-8.01292
-1.01292
5.65374
8.65374
12.6537
10.6537
6.65374
1.65374
-5.01292
-10.0129
-19.0129
-19.3463
-19.0129
-14.6796
-7.01292
2.65374
7.65374
16.6537
20.6537
17.6537
13.6537
7.65374
4.65374
-3.01292
-8.01292
-8.34626
-8.01292
-5.01292
-1.01292
0.653744
4.65374
7.65374
8.65374
7.65374
5.65374
2.65374
-3.01292
-10.0129
-11.0129
-11.3463
-11.0129
-6.01292
-3.01292
2.65374
8.65374
12.6537
13.6537
12.6537
7.65374
1.65374
-1.01292
-1.34626
-1.01292
-0.0129228
0.653744
1.65374
2.65374
4.65374
6.65374
6.65374
5.65374
2.65374
-2.01292
-7.01292
-7.34626
-7.01292
-6.01292
-3.01292
-2.34626
-2.01292
-0.0129228
1.65374
3.65374
2.65374
-1.01292
-6.01292
-8.01292
-8.34626
-8.01292
-6.01292
-4.01292
-3.01292
-1.01292
1.65374
3.65374
2.65374
1.65374
-0.0129228
-1.01292
-1.34626
-1.01292
-0.0129228
2.65374
4.65374
4.98708
6.65374
6.65374
4.65374
2.65374
0.653744
-3.01292
-3.67959
-3.34626
-3.01292
0.653744
2.65374
3.65374
3.98708
3.98708
3.65374
1.65374
-2.01292
-4.01292
-5.01292
-5.34626
-5.01292
-0.0129228
3.65374
4.65374
4.65374
4.32041
3.98708
3.65374
1.65374
-1.01292
-3.01292
-6.01292
-6.34626
-6.01292
-2.01292
2.65374
4.65374
4.65374
4.98708
5.65374
3.65374
-1.01292
-7.01292
-11.0129
-16.0129
-16.3463
-16.0129
-11.0129
-2.01292
2.65374
4.65374
7.65374
9.65374
7.65374
2.65374
-3.01292
-6.01292
-11.0129
-14.0129
-14.3463
-14.0129
-12.0129
-6.01292
-3.01292
3.65374
8.65374
13.6537
13.6537
10.6537
7.65374
2.65374
0.653744
-0.0129228
0.32041
0.653744
1.65374
2.65374
3.65374
4.65374
6.65374
5.65374
2.65374
1.65374
-2.01292
-4.01292
-4.34626
-4.67959
-4.01292
-3.01292
-2.01292
-0.0129228
1.65374
2.65374
0.653744
-0.0129228
-3.01292
-4.01292
-4.34626
-4.01292
-3.01292
-1.01292
-0.0129228
1.65374
4.65374
4.65374
2.65374
-0.0129228
-3.01292
-8.01292
-10.0129
-10.3463
-10.0129
-6.01292
-2.01292
-0.0129228
3.65374
5.65374
4.65374
2.65374
1.65374
-2.01292
-7.01292
-12.0129
-12.3463
-12.0129
-7.01292
-1.01292
1.65374
4.65374
7.65374
8.65374
7.65374
6.65374
3.65374
-2.01292
-9.01292
-11.0129
-11.3463
-11.0129
-6.01292
-2.01292
4.65374
11.6537
16.6537
15.6537
13.6537
7.65374
1.65374
-4.01292
-8.01292
-9.01292
-9.34626
-9.01292
-8.01292
-3.01292
2.65374
6.65374
8.65374
7.65374
5.65374
1.65374
-2.01292
-6.01292
-6.34626
-6.01292
-4.01292
-2.01292
1.65374
4.65374
6.65374
7.65374
8.65374
6.65374
3.65374
-1.01292
-3.01292
-3.34626
-3.01292
0.653744
2.65374
5.65374
4.65374
3.65374
2.98708
2.65374
1.65374
-0.0129228
-4.01292
-6.01292
-6.34626
-6.01292
-4.01292
-3.01292
-2.01292
-2.34626
-2.67959
-2.01292
-1.01292
-0.0129228
1.65374
0.653744
-1.01292
-1.34626
-1.01292
-0.0129228
0.653744
3.65374
5.65374
5.65374
2.65374
1.65374
-0.0129228
-1.01292
-1.34626
-1.67959
-1.34626
-1.01292
-0.0129228
0.653744
1.65374
2.65374
4.65374
3.65374
2.65374
0.653744
0.32041
-0.0129228
-0.0129228
-0.0129228
-0.0129228
-0.0129228
-0.0129228
-0.0129228
0.32041
0.653744
1.65374
1.98708
1.98708
1.98708
2.32041
2.65374
2.98708
2.65374
1.65374
1.32041
0.987077
0.987077
0.653744
-0.0129228
-0.346256
-0.67959
-0.346256
-0.0129228
0.653744
1.65374
2.65374
3.32041
3.65374
3.65374
1.65374
-1.01292
-3.01292
-3.67959
-3.34626
-3.01292
-2.01292
-1.01292
-0.346256
-0.0129228
-0.0129228
-0.0129228
-2.01292
-2.34626
-2.67959
-2.67959
-2.67959
-2.34626
-2.01292
-1.01292
-0.0129228
1.65374
2.65374
3.65374
3.65374
3.32041
2.98708
2.98708
2.98708
2.98708
2.98708
2.98708
3.32041
3.65374
3.98708
3.98708
3.98708
3.98708
3.65374
2.65374
-0.0129228
-1.01292
-1.34626
-1.67959
-1.01292
-0.0129228
0.653744
1.65374
3.65374
5.65374
6.65374
-1.01292
-7.01292
-8.01292
-8.34626
-8.01292
-6.01292
-1.01292
1.65374
3.65374
3.98708
4.65374
3.65374
1.65374
-1.01292
-6.01292
-8.01292
-8.34626
-8.01292
-7.01292
-1.01292
4.65374
8.65374
10.6537
10.6537
7.65374
3.65374
-2.01292
-8.01292
-9.01292
-9.34626
-9.01292
-8.01292
-4.01292
0.653744
5.65374
7.65374
8.65374
8.65374
6.65374
1.65374
-5.01292
-8.01292
-9.01292
-9.34626
-9.01292
-6.01292
-1.01292
2.65374
6.65374
7.65374
8.65374
6.65374
2.65374
-4.01292
-7.01292
-13.0129
-13.6796
-13.3463
-13.0129
-7.01292
-1.01292
1.65374
6.65374
10.6537
8.65374
4.65374
-0.0129228
-4.01292
-10.0129
-15.0129
-16.0129
-16.3463
-16.0129
-12.0129
-8.01292
0.653744
8.65374
13.6537
12.6537
8.65374
6.65374
0.653744
-3.01292
-3.34626
-3.67959
-3.01292
-0.0129228
2.65374
5.65374
7.65374
9.65374
11.6537
9.65374
7.65374
1.65374
-1.01292
-1.34626
-1.01292
-0.0129228
1.65374
1.98708
3.65374
4.65374
4.98708
5.65374
6.65374
5.65374
3.65374
1.65374
0.987077
1.32041
1.65374
1.98708
1.65374
0.987077
1.32041
1.65374
3.65374
3.65374
2.65374
-0.0129228
-2.01292
-2.67959
-2.34626
-2.01292
-1.01292
-0.67959
-0.346256
-0.0129228
-0.0129228
-0.0129228
-2.01292
-3.01292
-3.67959
-3.34626
-3.01292
-2.01292
-1.01292
-0.0129228
-0.0129228
-0.0129228
0.32041
0.653744
-0.0129228
-1.01292
-3.01292
-3.67959
-3.34626
-3.01292
-1.01292
0.653744
1.65374
2.32041
2.65374
3.65374
5.65374
4.65374
3.65374
0.653744
-2.01292
-2.34626
-2.01292
-0.0129228
2.65374
2.98708
3.32041
3.65374
2.65374
-0.0129228
-4.01292
-6.01292
-9.01292
-9.34626
-9.67959
-9.01292
-5.01292
0.653744
5.65374
7.65374
8.65374
5.65374
1.65374
-5.01292
-9.01292
-17.0129
-18.0129
-18.3463
-18.0129
-11.0129
-3.01292
5.65374
9.65374
14.6537
12.6537
8.65374
2.65374
-1.01292
-8.01292
-8.34626
-8.01292
-7.01292
-2.01292
2.65374
