134
887
0.891394
0.558061
-1.44194
-2.44194
-2.77527
-3.10861
-2.44194
-1.44194
1.55806
4.55806
6.55806
5.89139
5.55806
4.55806
3.55806
0.558061
-3.44194
-6.44194
-7.10861
-6.77527
-6.44194
-4.44194
-2.44194
-1.77527
-1.44194
-0.775272
-0.441939
0.558061
-3.44194
-6.44194
-6.77527
-7.10861
-6.44194
-3.44194
-0.441939
0.558061
1.55806
3.55806
4.22473
4.55806
3.55806
0.558061
-3.44194
-5.44194
-8.44194
-8.77527
-8.44194
-6.44194
-2.44194
3.55806
7.55806
9.55806
10.5581
9.55806
5.55806
1.55806
-1.44194
-7.44194
-12.4419
-13.4419
-13.7753
-13.4419
-7.44194
-1.44194
1.55806
6.55806
9.55806
9.55806
6.55806
5.55806
4.55806
2.55806
-1.44194
-5.44194
-5.77527
-6.10861
-5.44194
-1.44194
3.55806
7.55806
10.5581
10.5581
9.55806
6.55806
2.55806
1.22473
0.891394
0.891394
1.22473
1.55806
1.22473
0.891394
0.891394
0.891394
1.22473
1.55806
2.55806
2.55806
0.558061
-1.44194
-1.77527
-2.10861
-1.44194
-0.441939
1.55806
2.55806
3.55806
3.89139
4.22473
4.55806
3.55806
1.55806
-0.441939
-0.775272
-1.10861
-0.441939
0.558061
0.891394
1.55806
1.89139
1.89139
1.89139
1.89139
1.55806
-0.441939
-2.44194
-2.77527
-2.44194
-1.44194
0.558061
0.558061
0.224728
-0.108606
0.224728
0.558061
1.55806
1.55806
0.891394
1.22473
1.55806
2.22473
2.55806
1.55806
0.558061
-0.108606
-0.441939
-1.44194
-1.77527
-2.10861
-1.44194
-0.441939
0.558061
1.55806
1.55806
1.22473
0.891394
1.55806
2.55806
2.89139
2.89139
2.89139
2.89139
3.22473
3.55806
3.55806
2.89139
2.55806
1.55806
1.22473
1.55806
2.55806
3.55806
3.55806
3.22473
2.89139
2.55806
1.55806
-0.441939
-1.44194
-1.77527
-2.10861
-1.44194
-0.441939
2.55806
3.55806
3.89139
3.89139
3.89139
3.89139
3.55806
2.55806
1.55806
0.891394
1.22473
1.55806
1.89139
1.89139
1.89139
1.89139
2.22473
2.55806
1.55806
0.558061
-0.441939
-2.44194
-2.77527
-3.10861
-2.77527
-2.44194
-0.441939
0.558061
1.55806
2.55806
3.55806
4.55806
3.55806
2.55806
-0.441939
-1.44194
-2.44194
-3.10861
-2.77527
-2.44194
-0.441939
2.55806
3.55806
4.55806
4.89139
4.89139
4.55806
3.55806
2.55806
0.558061
-0.441939
-0.775272
-1.10861
-0.775272
-0.441939
-0.108606
-0.108606
0.224728
0.558061
1.55806
0.558061
-0.441939
-2.44194
-2.77527
-3.10861
-2.77527
-2.44194
-1.44194
0.558061
3.55806
1.55806
-1.44194
-2.44194
-5.44194
-8.44194
-10.4419
-11.4419
-11.7753
-11.4419
-7.44194
-5.44194
0.558061
5.55806
8.55806
8.55806
7.55806
3.55806
-0.441939
-4.44194
-5.44194
-5.77527
-5.44194
-1.44194
0.558061
4.55806
7.55806
9.55806
9.55806
8.55806
5.55806
1.55806
-3.44194
-7.44194
-7.77527
-7.44194
-6.44194
-4.44194
-0.441939
4.55806
6.55806
6.55806
5.55806
1.55806
-4.44194
-7.44194
-10.4419
-10.7753
-10.4419
-9.44194
-7.44194
-2.44194
3.55806
8.55806
13.5581
15.5581
13.5581
7.55806
1.55806
-3.44194
-7.44194
-9.44194
-11.4419
-11.7753
-11.4419
-10.4419
-6.44194
-0.441939
3.55806
6.55806
10.5581
11.5581
7.55806
3.55806
1.55806
-0.441939
-0.775272
-1.10861
-1.10861
-0.775272
-0.441939
0.558061
1.55806
2.55806
2.89139
2.55806
1.55806
-0.441939
-3.44194
-4.10861
-3.77527
-3.44194
-0.441939
0.558061
1.55806
1.55806
1.55806
1.55806
0.558061
-0.441939
-1.44194
-4.44194
-6.44194
-6.77527
-7.10861
-6.77527
-6.44194
-4.44194
-2.44194
0.558061
3.55806
5.55806
4.89139
4.55806
1.55806
-2.44194
-3.10861
-2.77527
-2.44194
-0.441939
1.55806
1.89139
1.89139
1.89139
1.55806
0.558061
-0.441939
-2.44194
-5.44194
-6.44194
-6.77527
-6.44194
-3.44194
-0.441939
1.55806
3.55806
4.55806
6.55806
6.89139
6.55806
4.55806
2.55806
-1.44194
-4.44194
-4.77527
-4.44194
-2.44194
-1.44194
0.558061
1.55806
2.55806
3.55806
4.55806
4.55806
0.558061
-5.44194
-11.4419
-14.7753
-15.1086
-14.7753
-14.4419
-10.4419
-4.44194
1.55806
7.55806
12.5581
13.5581
10.5581
4.55806
-0.441939
-0.775272
-1.10861
-0.441939
0.558061
4.55806
6.55806
7.55806
8.22473
8.55806
8.55806
6.55806
1.55806
-4.44194
-9.44194
-9.77527
-9.44194
-8.44194
-3.44194
0.558061
3.55806
6.55806
7.55806
8.55806
6.55806
4.55806
0.558061
-3.44194
-4.44194
-5.10861
-4.77527
-4.44194
-2.44194
-0.441939
0.558061
2.55806
3.55806
3.55806
0.558061
-4.44194
-6.44194
-7.10861
-6.77527
-6.44194
-3.44194
-1.44194
0.558061
3.55806
4.22473
4.55806
4.55806
2.55806
0.891394
0.558061
0.224728
-0.108606
0.224728
0.558061
1.55806
2.55806
2.55806
0.558061
-1.44194
-2.44194
-3.44194
-4.77527
-5.10861
-5.44194
-4.77527
-4.44194
-3.44194
-2.77527
-2.44194
-1.77527
-1.44194
-0.441939
0.224728
0.558061
0.891394
0.891394
0.891394
1.22473
1.55806
2.55806
2.89139
2.89139
3.22473
3.55806
4.55806
4.55806
3.55806
2.55806
0.558061
-1.44194
-2.44194
-2.77527
-2.44194
-1.44194
-0.441939
0.224728
0.558061
2.55806
3.55806
4.55806
4.22473
3.89139
3.55806
3.22473
2.89139
2.89139
2.55806
1.55806
0.558061
0.224728
-0.108606
-0.441939
-1.44194
-1.77527
-2.10861
-2.10861
-1.77527
-1.44194
-0.441939
0.558061
2.55806
3.22473
3.55806
4.55806
3.55806
1.55806
-0.108606
-0.441939
-0.775272
-1.10861
-0.775272
-0.441939
0.558061
1.55806
1.89139
2.22473
2.55806
2.55806
-0.441939
-4.44194
-5.44194
-6.44194
-6.77527
-6.44194
-4.44194
-1.44194
0.558061
0.558061
-0.441939
-1.44194
-2.44194
-4.44194
-5.44194
-7.44194
-8.10861
-7.77527
-7.44194
-5.44194
-2.44194
-0.441939
0.558061
1.55806
3.55806
3.55806
0.558061
-0.441939
-3.44194
-7.44194
-10.4419
-10.7753
-10.4419
-8.44194
-4.44194
-1.44194
3.55806
9.55806
13.5581
11.5581
9.55806
4.55806
0.558061
-5.44194
-12.4419
-16.4419
-16.7753
-19.1086
-15.7753
-12.4419
-7.44194
-1.44194
4.55806
9.55806
11.5581
13.5581
10.5581
6.55806
6.22473
5.89139
6.22473
6.22473
6.55806
7.55806
7.55806
6.55806
5.55806
3.55806
3.22473
2.89139
2.55806
1.55806
0.891394
0.558061
0.224728
-0.108606
0.224728
0.558061
1.55806
1.89139
2.22473
2.55806
2.89139
2.55806
0.558061
-0.775272
-1.10861
-1.10861
-1.10861
-1.10861
-1.10861
-0.775272
-0.441939
0.224728
0.558061
-0.441939
-1.44194
-1.77527
-2.10861
-1.77527
-1.44194
-0.441939
0.558061
1.55806
1.55806
1.22473
0.891394
0.891394
0.891394
0.558061
-0.775272
-1.10861
-1.10861
-1.10861
-1.10861
-1.10861
-1.44194
-2.44194
-2.77527
-3.10861
-2.77527
-2.44194
-1.44194
2.55806
3.55806
4.55806
4.55806
4.55806
4.55806
3.55806
2.55806
1.89139
1.55806
0.891394
1.22473
1.55806
1.89139
2.22473
2.55806
1.89139
1.55806
0.558061
-0.441939
-0.775272
-1.10861
-1.10861
-1.10861
-1.10861
-0.775272
-0.441939
-0.108606
0.224728
0.558061
1.55806
-0.441939
-0.775272
-1.10861
-0.775272
-0.441939
1.55806
3.55806
5.55806
7.55806
8.55806
9.55806
7.55806
4.55806
0.558061
-2.44194
-3.44194
-3.77527
-4.10861
-3.77527
-3.44194
-2.77527
-2.44194
-2.10861
-2.10861
-2.10861
-1.77527
-1.44194
-0.441939
-0.108606
-0.108606
-0.108606
-0.108606
0.224728
0.558061
1.55806
2.55806
3.55806
4.55806
6.55806
5.55806
4.55806
1.55806
-0.441939
-2.44194
-3.10861
-2.77527
-2.44194
-2.10861
-1.77527
-1.44194
-0.441939
-0.441939
-0.441939
-0.441939
-1.44194
-1.77527
-2.10861
-1.77527
-1.77527
-1.44194
-0.441939
0.224728
0.558061
1.55806
0.558061
-0.441939
-0.775272
-1.10861
-0.775272
-0.441939
1.55806
2.55806
3.55806
3.89139
3.55806
2.55806
1.55806
1.22473
0.891394
0.558061
0.224728
-0.108606
0.224728
0.558061
2.55806
3.55806
5.55806
5.55806
3.55806
0.558061
-1.44194
-1.77527
-2.10861
-2.10861
-1.77527
-1.44194
-0.441939
-0.441939
-1.10861
-1.44194
-2.44194
-3.44194
-4.44194
-5.10861
-4.77527
-4.44194
-3.77527
-3.44194
-2.44194
0.558061
1.55806
2.55806
2.89139
3.22473
3.55806
4.55806
1.55806
-3.44194
-5.44194
-6.44194
-6.77527
-6.44194
-3.44194
1.55806
6.55806
8.55806
10.5581
7.55806
4.55806
0.558061
-3.44194
-5.44194
-8.44194
-9.44194
-9.77527
-9.44194
-7.44194
-4.44194
-2.44194
0.558061
3.55806
7.55806
9.55806
6.55806
3.55806
-3.44194
-9.44194
-12.4419
-12.7753
-12.4419
-8.44194
-5.44194
1.55806
9.55806
13.5581
12.5581
8.55806
6.55806
1.55806
-2.44194
-7.44194
-9.44194
-9.77527
-10.1086
-9.44194
-3.44194
2.55806
7.55806
8.55806
7.55806
