130
463
0.769230769230489
1.1151213892299
1.36946898588212
1.49236184605434
1.46602160043949
1.29812441069771
1.02238245827357
0.694681895896792
0.383643966801174
0.15623686491017
0.0613635994168362
0.116117016185854
0.299621736119207
0.557620895160653
0.81759300459089
1.01034714913658
1.09124546580642
1.05369649745626
0.929808619691357
0.777480303411721
0.658209555484973
0.613626837553966
0.649646444155223
0.734640638792371
0.812907453368098
0.828753974339634
0.752023877303145
0.594716804799646
0.411165358635117
0.280228068475935
0.275008992598032
0.431057728496398
0.72560836170851
1.07727715770307
1.36860585002614
1.48530101920005
1.35910313069144
0.998644343230808
0.49570058289828
0.00218213936113898
-0.316543295629344
-0.337428230502155
-0.0256947813759325
0.545869687946833
1.21289893616813
1.76762143297492
2.02482291875276
1.88429252174137
1.36853876898203
0.621915671286843
-0.130330791025699
-0.651247095508552
-0.767929013644789
-0.429318214376508
0.273303434039008
1.13077842256826
1.87874155455393
2.27931066357996
2.1962616854471
1.63994592418203
0.767568935581949
-0.161664511589152
-0.863085195251188
-1.11169705319844
-0.810449306576629
-0.0215473793750789
1.04806665392243
2.10248012013471
2.8376610884261
3.02479907668385
2.57373406026818
1.56031327688652
0.211543905001236
-1.14682354149591
-2.16696990469063
-2.56186544348748
-2.17588015238653
-1.02810588004104
0.680817942540671
2.60068501595742
4.29791509525239
5.34513141827483
5.41823611391737
4.38184153505426
2.34336571090171
-0.340733198645466
-3.11558883502948
-5.33291022766207
-6.39406676200451
-5.90226291010913
-3.78694974261452
-0.364226116773352
3.69221317937263
7.47509432768129
10.0431673628627
10.6536643761938
8.97020344162593
5.18829516413098
0.0364318115389324
-5.35983476285037
-9.72743588294543
-11.9527461867838
-11.3698069473612
-7.95327239356993
-2.36018720194988
4.19816143430216
10.2290035536571
14.3111127244338
15.4407372276619
13.2828243350086
8.26292125566397
1.47536488938204
-5.56997913036321
-11.2996203261137
-14.4404045283591
-14.3077975500346
-10.9517985291459
-5.13066082196747
1.87494095900183
8.55768967671611
13.5171165332431
15.7547085488186
14.8686622462264
11.1132188512856
5.3194769557158
-1.29629456104158
-7.39053167212114
-11.7616177068849
-13.5787197267346
-12.5304553591996
-8.87088692424004
-3.3592050981897
2.89290885237278
8.63775896489096
12.7333399378695
14.3668975051405
13.2185044028738
9.53133446017455
4.07070331378054
-2.02536377733486
-7.47858977918077
-11.1405647771462
-12.2432266936812
-10.5726210607536
-6.52282782722614
-1.01272328586492
4.71965324809571
9.39981859360705
12.0105850152468
12.0259512759512
9.52756690174283
5.17478206644591
0.0360042894099024
-4.6757756588413
-7.89632757074287
-8.95891548246436
-7.73769567659474
-4.65343527514051
-0.545305613421078
3.55354909312155
6.67616053477832
8.15103315135639
7.74548895128828
5.69294625362818
2.60509853858821
-0.701414458741056
-3.41531359930741
-4.92423362803675
-4.94638312763709
-3.57402044228365
-1.22578643219458
1.47345757240691
3.85171525434635
5.34868515126436
5.63889007930993
4.69462734886474
2.77913501881631
0.375625796907116
-1.92946254700291
-3.58246557560778
-4.1884482994501
-3.60054904238496
-1.95371159227579
0.364972382289125
2.80396673267751
4.77494050160749
5.79246325072017
5.59346740080218
4.20694409547286
1.95446378737688
-0.622004746332095
-2.89030540030217
-4.28574882155954
-4.45656454918208
-3.35847450351866
-1.27132135103966
1.26949068262184
3.61100030849411
5.15463560489297
5.51594170321914
4.62792472685396
2.75848510027208
0.435929544066312
-1.69760892553677
-3.06431952440835
-3.31051300317631
-2.40300109485543
-0.634845983366176
1.46095064928704
3.26502110532601
4.24861387583951
4.12374285075202
2.92428765355362
0.99578640096297
-1.10236041217649
-2.75408878617964
-3.45903291428476
-2.97245722418666
-1.37504335942504
0.945298378770531
3.39340052528496
5.32094992736529
6.19383761561767
5.72982253490045
3.97263002414547
1.28566081869576
-1.73131070410818
-4.38092041469645
-6.02901958177245
-6.25053903502703
-4.92837232696183
-2.28469659870098
1.16088121855501
4.69679659134272
7.56657294578326
9.12760438790428
8.98976454816875
7.10565796888113
3.79315495333867
-0.316598000914382
-4.39816277754289
-7.59652518905932
-9.20574449464038
-8.8248090895213
-6.45629417816963
-2.52333842439839
2.2033655535779
6.7574590762888
10.1781445393717
11.7182503376534
11.0127416392934
8.16811613597383
3.74972994302516
-1.33303825860639
-6.02009595120762
-9.3298759998579
-10.5728564419842
-9.50082229335385
-6.3580696362551
-1.82356581979548
3.141636219676
7.50586605065473
10.3886388572137
11.243271119587
9.96135860716458
6.87929365232412
2.68975000819773
-1.71808489701652
-5.4515053905925
-7.79764120728214
-8.35922067142383
-7.11755808996531
-4.41466994312941
-0.863733754256828
2.78905171646329
5.82025829108898
7.67072428832762
8.04610786688863
6.95972857924789
4.71305042947643
1.82112926783157
-1.09988191813318
-3.45994804913425
-4.81212674208655
-4.93705213481007
-3.87926712423359
-1.92909836580293
0.44566644826773
2.70409670247318
4.35077834341064
5.04378524862113
4.66858238605346
3.36116635476355
1.47439792156911
-0.505974461773803
-2.07736964714422
-2.84213243892009
-2.60623198841859
-1.43046220632459
0.379858428384978
2.34630802638276
3.9344949652077
4.6895094947904
4.3565196477939
2.95555862096444
0.789641902854783
-1.61882453683575
-3.6505443602764
-4.74250683791615
-4.53461035816144
-2.97251817510551
-0.338936709747941
2.79769806404511
5.70792780529882
7.67153519706335
8.15321921197756
6.94085320208978
4.21136706682591
0.505998204203934
-3.38179493490316
-6.58133467531297
-8.34272609224718
-8.21192011708627
-6.141828545522
-2.51314041891965
1.9407137779308
6.28808343486162
9.59885613134247
11.1454013140319
10.5609142983012
7.92128670193779
3.73359493113821
-1.16568203181669
-5.78092105488031
-9.16072861390421
-10.5930520548427
-9.75292945138062
-6.77348165625153
-2.22575626680191
2.98950720219
7.81827193370555
11.2644478150178
12.5950512128475
11.4980072614708
8.15875666061766
3.23630183882779
-2.26124396786327
-7.18049821047316
-10.466483915865
-11.3950502150401
-9.74178331448638
-5.84586317249341
-0.548732516916061
4.9844809205315
9.52439306367887
12.0595619075175
12.0346277235221
9.48511001076258
5.03268648485391
-0.261554911805433
-5.15246481341455
-8.51263732925872
-9.60510460175283
-8.25750749948202
-4.89308635779889
-0.410988865536638
4.05195471300249
7.41455882425362
8.92212045117049
8.32416962510615
5.91475877346238
2.42896392525654
-1.17163268635704
-3.96256854234889
-5.29616359413922
-4.9536837318301
-3.17339113190974
-0.553924657200696
2.13299873982032
4.16335442614218
5.05207875151973
4.66428420972079
3.22184861211281
1.21198199900755
-0.768641735168785
-2.1853496983349
-2.70370181099861
-2.2596538882608
-1.04944927715951
0.549157443489094
2.09488229594717
3.2033375951396
3.6373143341043
3.34729002295717
2.45920787902287
1.22142444534074
-0.0684441813809826
-1.13488004870851
-1.77753341184689
-1.8984253434337
-1.50443955459014
-0.691935528013346
0.378222528815968
1.50893019306204
2.4955324475377
3.15462291036965
3.3528541113119
3.03352540872947
2.23561674629309
1.09798511333611
-0.157549110619584
-1.26592880893804
-1.97601867584308
-2.11263965320904
-1.62657777525601
-0.616402331173958
0.687663119675562
1.97698071887135
2.94244403714401
3.35606351291062
3.13256705037566
2.3522398850364
1.23732052290143
0.0882540469101514
-0.801492921252247
-1.22662344333548
-1.12302475412434
-0.577336980675682
0.208475702234864
0.985049641420119
1.53372273494097
1.73005019516495
1.57356420519864
1.17621450284059
0.715578898500098
0.370072763048483
0.258422041506947
0.40315145543218
0.728907218710447
1.09431970252626
1.34499464019427
1.36877162709425
1.13454488138086
0.702329129170721
0.202418639037205
-0.208169983242442
-0.396723966499849
-0.296469085651552
0.074022574920491
0.618537114708488
1.19395697612526
1.65301081612415
1.88520340238028
1.84396162357552
1.55350077740331
1.0958038740846
0.583993700975952
0.131464941846843
-0.174182361798103
-0.286460255859765
-0.202959140079201
0.0417579728559758
0.388888306913486
130.388888306916