130
232
0.769230769230489
2.99587911110939
5.45775221947406
7.57828988363326
8.95941377924464
9.43686951366544
9.06827164284186
8.07332741767459
6.75399846619985
5.41981769231643
4.33354293395678
3.68028412379135
3.5544346914503
3.9561376148522
4.79236351957661
5.88393335293949
6.98473299858597
7.81949480103503
8.14083001526888
7.79663118124154
6.78972194243397
5.30744097709248
3.70291930783787
2.42229769012556
1.8897127209857
2.37870849831597
3.90843232929183
6.2010086914961
8.72199917354737
10.8023104394379
11.8142218352878
11.3546027157427
9.38172559275699
6.26145333529712
2.70212398461445
-0.411268146908697
-2.24313293811792
-2.2337175608227
-0.263228886975412
3.29396754896879
7.64372268877196
11.7589532854181
14.6321265568549
15.5284236476145
14.1740729686426
10.8313011291175
6.24091917296755
1.44755179797357
-2.44815944631409
-4.54884592071176
-4.36848383228062
-1.94091809876409
2.19396519327711
7.11946656046348
11.753226301953
15.0896189320338
16.4181537464901
15.4708305707609
12.4694620479859
8.06711521005491
3.20061515904672
-1.11130024802696
-3.98029638973094
-4.82758632233163
-3.49517530612502
-0.269624690663477
4.18324664665124
8.9570463833079
13.0878211644304
15.7450254632276
16.3937804417219
14.8981525390991
11.5468149150547
6.99707317847788
2.14821340158232
-2.03208954830916
-4.69607170759264
-5.28379007997137
-3.63875129564985
-0.048173957511608
4.80209478868346
9.95256290727411
14.3542339709675
17.0786370512797
17.5132302633428
15.5016213689232
11.396105261796
6.00559784233337
0.442882732357248
-4.10265653707029
-6.62181302475801
-6.51627517164161
-3.74903979910596
1.12535868326813
7.06526645710255
12.764144481931
16.9439882853185
18.6528482533759
17.4944386389689
13.731007270384
8.22979751792445
2.26186688401503
-2.80002613121178
-5.81055641059356
-6.12548530416097
-3.75039114625542
0.673148339898034
6.039252917064
11.0613327737374
14.5926721601281
15.9006135944364
14.8251837842254
11.7857434157631
7.64102011282375
3.44676310187788
0.18038936541052
-1.49320202804302
-1.35644078651603
0.352559401751932
3.04869211034747
5.98517156337039
8.45806296818773
9.97348008186964
10.3377652038325
9.65732771693729
8.26184373683645
6.58401880373276
5.03607687351177
3.91705178632401
3.36954559032893
3.38618227704865
3.85101614403538
4.59408908724436
5.43923218780401
6.23375721318007
6.85941427568468
7.23220216324989
7.30122838306852
7.05345738617325
6.5241454884308
5.80586353637773
5.04590758941049
4.42448517912999
4.11362757956522
4.22624689884105
4.77193999378505
5.63746644243656
6.60388831028831
7.40064541815809
7.78333531010867
7.61173269403662
6.90184222163953
5.83223156055465
4.69891539811942
3.83013028238565
3.4865577765413
3.77875018096165
4.62915611395147
5.79234125934454
6.9282148396087
7.70561657621147
7.90345799679199
7.47726371879253
6.57024103337608
5.46609260047262
4.49954774805519
3.95373945599931
3.97684148285407
4.54301134413254
5.4675169003458
6.46835541913606
7.25266917743284
7.60024494297249
7.41976447967318
6.76431714763748
5.80662183654204
4.78636959937285
3.9482389331497
3.48814972745458
3.51873274484387
4.05630272262351
5.02472651578137
6.26908141572494
7.57416721091431
8.68767676717835
9.35173703200417
9.34654386229522
8.54478580264549
6.96704381227028
4.82023133805342
2.49806628504302
0.527941524102062
-0.537279233962181
-0.264527114202792
1.51346994241612
4.59748719845811
8.40800158734783
12.0800565627142
14.6575681295799
15.3445930624293
13.7465619483119
10.0281420412939
4.93065274267428
-0.371864900589571
-4.5522785911744
-6.47698681999464
-5.52514202993189
-1.78716133595299
3.92145271540357
10.2447021657281
15.6259297557845
18.7132346745639
18.719136466796
15.6335846408037
10.2295309905603
3.85858088910754
-1.90645163171575
-5.68250373545743
-6.62748907227069
-4.63763519616623
-0.342419037158834
5.09328458812524
10.2970217741386
14.0508067133633
15.5877123107057
14.7479754269589
11.9639455351135
8.09299721439311
4.15779683380242
1.07304932166517
-0.566907120006363
-0.59076526444187
129.409234735649