130
232
0.769230769230489
0.769230769230489
0.769230769230489
0.769230769230489
0.769230769230489
0.769230769230489
0.769230769230489
0.769230769230489
-0.230769230769511
-0.230769230769511
-0.230769230769511
-0.230769230769511
-0.230769230769511
-0.230769230769511
0.769230769230489
3.43590076922919
4.43590076923283
5.43590076923283
5.43590076923283
5.43590076923283
3.43590076923283
2.76923376923514
1.76923076923413
-0.230769230764054
-2.23076923076951
-3.23076923076951
0.769230769237765
4.43590076924011
10.4359007692547
11.4359007692547
13.4359007692547
12.4359007692547
9.43590076926921
4.43590076926193
1.76923076925959
-0.230769230738588
-0.230769230738588
-1.23076923074223
-0.230769230738588
1.76923076925959
4.43590076926193
9.43590076926921
11.4359007692692
13.4359007692692
11.4359007692838
10.4359007692838
4.43590076927649
-1.23076923072949
-5.23076923072222
-7.23073923072661
-7.23073923072661
-4.23076923072949
-0.230769230722217
5.43590076927649
11.4359007692838
12.4359007692838
13.4359007692838
12.4359007692838
11.4359007692983
7.43590076929104
2.76923376929335
-2.23076923070766
-4.23076923070766
-5.23076923070039
-5.23076923070039
-3.23076923070766
1.76923076929234
8.43590076929831
11.4359007692983
12.4359007692983
14.4358607692993
12.4359007692983
9.43590076931287
4.43590076930559
0.769230769306887
-3.23076923070039
-4.23076923070039
-5.23076923069311
-3.23076923070039
0.769230769306887
7.43590076930559
10.4359007693129
16.4358607692993
18.4358607692993
18.4358607692993
16.4358607692993
10.4359007693129
4.43590076930559
1.76923076930325
-3.23076923069675
-7.23073923069751
-5.23076923069311
-1.23076923070039
3.43590076930559
7.43590076930559
13.4359007693129
18.4358607693284
20.4358607693575
20.4358607693575
20.4358607693575
11.435900769342
2.76923376934428
-5.23076923064946
-10.2307392306539
-9.23073923065385
-5.23076923064946
-3.23076923065673
2.76923376934428
6.43590076934925
8.43590076935652
8.43590076935652
6.43590076935652
3.43590076935652
0.769230769357819
-2.23076923064582
-4.23076923064946
-6.23076923064218
-8.23073923065385
-6.23076923064946
-4.23076923065673
1.76923076934327
4.43590076934925
5.43590076934925
4.43590076934925
3.43590076934925
1.76923076934872
1.76923076934872
-0.230769230649457
-1.2307692306531
-1.2307692306531
-2.2307692306531
-3.2307692306531
-2.2307692306531
-0.230769230649457
1.76923076934872
2.76923376935156
2.76923376935156
1.76923076935054
1.76923076935054
1.76923076935054
2.76923376935156
2.76923376935156
1.76923076935054
-0.230769230647638
-0.230769230647638
0.769230769352362
3.43590076935288
5.43590076935652
6.43590076935652
6.43590076935652
5.43590076935652
4.43590076935652
4.43590076935652
4.43590076935652
3.43590076935652
3.43590076935652
3.43590076935652
5.43590076935652
6.43590076935652
7.43590076935652
7.43590076935652
6.43590076935652
5.43590076935652
4.43590076935652
3.43590076935652
3.43590076935652
3.43590076935652
3.43590076935652
2.76923376935883
3.43590076936016
4.4359007693638
6.4359007693638
7.4359007693638
7.4359007693638
6.4359007693638
4.4359007693638
2.76923376936611
1.76923076936509
1.76923076936509
1.76923076936509
-0.230769230633086
-2.23076923063854
-1.23076923063854
-0.230769230634905
2.76923376936611
5.43590076937107
6.43590076937107
5.43590076937107
3.43590076937107
0.769230769372371
0.769230769372371
0.769230769372371
-0.230769230627629
0.769230769372371
3.43590076937107
7.43590076937107
9.43590076937107
12.4359007693711
13.4359007693711
13.4359007693711
12.4359007693711
8.43590076938563
2.76923376938066
-2.23076923062035
-4.23076923062035
-5.23076923061308
-2.23076923062035
1.76923076937965
8.43590076938563
12.4359007693856
20.4358607694157
21.4358607694157
23.4358607694157
21.4358607694157
14.4358607694012
6.43590076940018
-2.2307692306058
-6.23076923059853
-11.2307392306102
-9.2307392306102
-5.2307692306058
0.769230769394198
4.4359007693929
11.4359007694002
13.4359007694002
11.4359007694147
10.4359007694147
5.43590076940745
0.76923076940875
-2.23076923059489
-4.23076923059853
-4.23076923059853
-2.23076923060216