130
463
0.769230769230489
0.769230769230489
0.102563769230983
0.102563769230983
-1.89743923077003
-2.89743923077185
-2.89743923077185
-1.89743923077185
-1.89743923077185
-2.89743923077185
-2.89743923077185
-2.89743923077185
-2.89743923077185
-2.89743923077185
-2.89743923077185
-3.89743923077549
-3.89743923077549
-3.89743923077549
-3.89743923077549
-3.89743923077549
-3.89743923077549
-3.89743923077549
-3.89743923077549
-3.89743923077549
-3.89743923077549
-3.89743923077549
-1.89743923077185
-0.897439230773671
-0.897439230773671
0.102563769227345
0.102563769227345
1.76923076922685
2.76923076922685
3.76923076922685
3.76923076922685
3.76923076922685
3.76923076922685
2.76923076922685
1.76923076922685
1.76923076922685
1.76923076922685
0.769230769226851
0.769230769226851
0.769230769226851
0.769230769226851
0.769230769226851
1.76923076922685
1.76923076922685
1.76923076922685
1.76923076922685
0.769230769226851
0.769230769226851
0.102563769227345
-0.897439230773671
0.102563769227345
1.76923076922685
3.76923076922685
3.76923076922685
3.76923076922685
2.76923076922685
0.769230769226851
0.102563769227345
0.102563769227345
0.102563769227345
0.769230769226851
1.76923076922685
2.76923076922685
2.76923076922685
2.76923076922685
2.76923076922685
1.76923076922685
0.769230769226851
-0.897439230773671
-1.89743923077185
-1.89743923077185
-2.89743923077185
-4.89743923077913
-3.89743923077913
-0.89743923077549
3.76923076922321
5.76923076922685
7.76923076922685
8.76923076923413
7.76923076923413
4.76923076923413
0.769230769234127
-0.897439230766395
-1.89743923076458
-1.89743923076458
-1.89743923076458
-2.89743923076458
0.10256376923644
3.76923076923777
6.7692307692414
10.7692307692341
11.7691907692351
10.7692307692341
6.7692307692414
0.10256376923644
-4.89743923076458
-6.89743923076458
-7.8974392307573
-7.8974392307573
-4.89743923076458
0.769230769241403
7.7692307692414
11.7691907692351
16.7691907692351
17.7691907692642
15.7691907692497
8.76923076926323
1.76923076925596
-4.89743923075002
-7.89743923074275
-11.8974092307471
-9.89740923074714
-5.89743923075002
-0.897439230750024
5.76923076925596
10.7692307692487
19.7691907692642
22.7691907692642
19.7691907692642
16.7691907692642
7.76923076926323
-1.89743923074275
-6.89743923075002
-15.8974092307762
-19.8974092307908
-16.8974092307908
-12.8974092307762
-6.89743923077913
-3.89743923077913
3.76923076922685
8.76923076923413
9.76923076923413
9.76923076923413
5.7692307692414
1.76923076923413
0.102563769234621
-3.89743923076821
-6.89743923077185
-7.89743923076458
-6.89743923077185
-4.89743923077185
-1.89743923076821
3.76923076923049
10.7692307692341
14.7691907692351
14.7691907692351
11.7691907692351
3.76923076923413
-1.89743923076458
-7.89743923076458
-11.8974092307762
-12.8974092307762
-11.8974092307762
-6.89743923077913
-0.897439230779128
2.76923076922321
2.76923076922321
2.76923076922321
0.769230769223213
0.102563769223707
-0.897439230777309
-1.89743923077549
-3.89743923077913
-5.89743923077913
-5.89743923077913
-4.89743923077913
-1.89743923077549
2.76923076922321
7.76923076923413
8.76923076923413
8.76923076923413
6.76923076923413
3.76923076923049
3.76923076923049
2.76923076923049
0.769230769230489
-0.897439230770033
-2.89743923076821
-1.89743923076821
1.76923076923049
6.7692307692414
9.76923076923413
9.76923076923413
8.76923076924868
6.76923076924868
4.76923076924868
4.76923076924868
1.76923076924868
-0.897439230753662
-2.89743923075366
-1.89743923075366
-0.897439230755481
0.769230769245041
2.76923076924504
2.76923076924504
2.76923076924504
0.769230769245041
-1.89743923075366
-3.8974392307573
-3.8974392307573
-5.8974392307573
-5.8974392307573
-3.8974392307573
-1.89743923075366
0.102563769247354
3.76923076924868
5.76923076925596
5.76923076925596
3.76923076925232
0.102563769250992
-1.89743923075002
-2.89743923075002
-2.89743923075002
-2.89743923075002
-2.89743923075002
-0.897439230751843
2.76923076925232
4.76923076925596
7.76923076926323
7.76923076926323
5.76923076926323
0.769230769263231
-2.89743923073547
-3.89743923073911
-3.89743923073911
-2.89743923073547
-2.89743923073547
-2.89743923073547
-0.897439230737291
1.76923076926505
3.76923076926687
7.76923076927778
7.76923076927778
7.76923076927778
2.76923076927051
-1.8974392307282
-3.89743923073183
-3.89743923073183
-3.89743923073183
-4.89743923073547
-2.89743923073183
1.76923076926687
7.76923076927778
11.7691907692788
16.7691907692933
17.7691907693224
16.7691907693224
11.7691907693224
2.76923076932144
-1.89743923067726
-3.8974392306809
-6.89743923068454
-8.89743923068454
-6.89743923069182
-1.89743923068454
3.76923076931416
6.76923076932144
11.7691907693224
14.7691907693224
16.7691907693224
14.7691907693224
12.7691907693224
6.76923076932871
3.76923076932508
-2.89743923067363
-7.89743923067726
-12.8974092306889
-12.8974092306889
-9.89740923068894
-6.89743923069182
-1.89743923068454
0.769230769314163
0.769230769314163
0.769230769314163
0.102563769314656
-0.897439230686359
-0.897439230686359
-2.89743923068454
-3.89743923068818
-5.89743923069182
-4.89743923069182
-1.89743923068818
-0.897439230689997
2.76923076931416
5.76923076932144
5.76923076932144
5.76923076932144
5.76923076932144
3.7692307693178
2.7692307693178
0.769230769317801
-0.897439230682721
-1.8974392306809
-1.8974392306809
0.102563769320113
0.76923076931962
3.76923076932144
5.76923076932871
5.76923076932871
5.76923076932871
3.76923076932508
1.76923076932508
0.769230769325077
-0.897439230675445
-3.8974392306809
-3.8974392306809
-1.89743923067726
0.769230769321439
3.76923076932144
8.76923076933599
10.769230769336
11.769190769337
10.769230769336
6.76923076934327
2.76923076933599
0.769230769335991
-2.89743923066271
-4.89743923066999
-3.89743923066999
-1.89743923066635
-0.897439230668169
2.76923076933599
7.76923076934327
12.769190769337
13.769190769337
12.769190769337
7.76923076934327
1.76923076933599
-0.89743923066635
-3.89743923066999
-6.89743923066999
-7.89743923066271
-6.89743923066999
-5.89743923066999
-2.89743923066635
2.76923076933235
9.76923076933599
11.769190769337
13.769190769337
11.769190769337
6.76923076934327
2.76923076933599
-3.89743923066999
-10.8974092306744
-15.8974092306889
-14.8974092306744
-12.8974092306744
-6.89743923067726
-0.897439230677264
4.76923076932144
8.76923076933599
9.76923076933599
10.769230769336
9.76923076933599
8.76923076935054
3.76923076934327
-1.89743923065544
-5.89743923066271
-7.89743923065544
-6.89743923066271
-4.89743923066271
-0.897439230662712
2.76923076933963
6.76923076935054
7.76923076935054
6.76923076935054
2.76923076934327
-0.897439230659074
-3.89743923066271
-5.89743923066271
-6.89743923066271
-7.89743923065544
-5.89743923066271
-2.89743923065907
1.76923076933963
4.76923076934327
4.76923076934327
3.76923076934327
0.102563769341941
-1.89743923065907
-4.89743923066271
-3.89743923066271
-2.89743923065907
-1.89743923065907
-1.89743923065907
-0.897439230660893
0.769230769339629
4.76923076934327
7.76923076935054
7.76923076935054
6.76923076935054
4.76923076935054
3.76923076935054
2.76923076935054
3.76923076935054
3.76923076935054
3.76923076935054
1.76923076935054
0.769230769350543
-0.897439230649979
0.102563769351036
1.76923076935054
2.76923076935054
1.76923076935054
1.76923076935054
0.102563769351036
-2.8974392306518
-4.89743923065544
-4.89743923065544
-1.8974392306518
-0.897439230653617
0.769230769346905
1.7692307693469
2.7692307693469
2.7692307693469
2.7692307693469
1.7692307693469
0.769230769346905
0.102563769347398
-0.897439230653617
-1.8974392306518
-3.89743923065544
-2.8974392306518
-1.8974392306518
0.102563769349217
0.769230769348724
0.769230769348724
0.769230769348724
0.769230769348724
0.769230769348724
0.769230769348724
0.769230769348724
0.769230769348724
0.769230769348724
0.102563769349217
-0.897439230651798
-0.897439230651798
-0.897439230651798
-0.897439230651798
-0.897439230651798
-1.89743923064998
-1.89743923064998
-1.89743923064998
-0.897439230651798
0.102563769349217
0.102563769349217
0.102563769349217
0.102563769349217
0.769230769348724
1.76923076934872
1.76923076934872
1.76923076934872
1.76923076934872
0.102563769349217
-0.897439230651798
-1.89743923064998
-1.89743923064998
-2.8974392306518
-2.8974392306518
-3.8974392306518