500
3994
-20,7326
-18,2967
-16,8051
-15,7308
-13,8833
-12,6996
-12,1727
-10,6674
-8,86781
-8,01251
-6,58928
-4,59813
-3,15437
-2,10063
-0,0410547
1,45744
2,4496
4,32443
6,84245
8,58043
11,0848
14,6976
17,8041
20,7942
24,626
27,404
28,9093
30,0794
30,5242
28,5946
25,9603
22,9906
18,6457
13,5549
9,38784
4,83761
0,273698
-2,82593
-4,96078
-7,21878
-8,13567
-7,9783
-7,93724
-7,87566
-6,69876
-6,1582
-6,41137
-6,41137
-6,45243
-7,96461
-9,31942
-10,2226
-11,7827
-13,5686
-13,9654
-14,3897
-14,8276
-13,7465
-11,7074
-10,2226
-7,89619
-4,60497
-1,80641
0,7253
4,09178
6,76034
8,58043
10,7016
12,898
13,6781
14,7113
16,1003
16,5108
16,3877
16,9898
16,6682
15,5187
14,9713
14,4376
12,8706
11,7416
11,5022
10,9137
10,291
11,2421
11,9743
12,4943
13,9312
15,6487
16,2234
16,9624
18,0572
18,0572
17,3251
17,3251
16,4492
15,0055
14,4307
14,417
13,6438
13,5754
14,7044
15,6282
16,2577
18,0778
19,5215
20,2263
21,4511
22,5732
22,3543
22,279
22,3406
21,369
19,8363
19,111
17,4619
15,0534
13,288
11,8374
9,34679
7,40353
6,30874
4,76919
3,18174
2,76435
1,95694
0,506341
-0,294225
-0,957943
-3,03805
-4,84445
-6,1582
-8,12883
-10,1268
-10,6195
-11,1463
-11,3311
-9,90787
-7,02035
-4,5297
-0,875833
4,09178
8,62149
12,8091
17,7083
21,5332
24,4618
27,3766
29,8126
30,661
31,311
31,9884
31,5574
30,3189
29,6346
27,8419
25,016
22,3201
19,501
15,2039
11,0848
7,40353
3,1749
-1,3548
-4,4818
-7,79355
-11,2353
-13,5344
-14,896
-16,8051
-17,6535
-17,2909
-16,9898
-16,2577
-13,9381
-11,4816
-9,2852
-5,97346
-2,01852
0,752669
3,89335
7,40353
9,95576
11,9811
14,5334
16,2987
17,5509
19,4189
21,7932
23,3191
25,3171
28,2593
30,7089
32,9122
35,9434
38,0919
39,3167
40,5552
41,2668
40,1857
38,5161
36,4566
32,8232
28,0814
23,6407
18,4883
12,7406
8,00567
4,07126
0,0957943
-2,29222
-2,89436
-2,92857
-2,26485
0,177904
2,63434
4,65971
7,1093
9,38784
9,91471
10,1474
10,1679
8,75833
6,61665
5,09762
3,0312
0,342122
-1,21796
-1,81325
-2,96962
-3,07226
-1,88852
-0,732142
0,567923
2,97647
4,94025
6,40453
8,02619
9,6547
9,62733
9,45626
9,32626
8,19725
6,3019
5,15236
3,25701
0,875833
-0,9511
-2,29906
-4,78287
-6,79455
-8,19041
-10,1131
-12,4054
-13,6165
-15,1834
-17,1677
-18,372
-18,892
-20,2673
-21,0268
-20,9379
-21,2253
-21,7727
-21,0679
-20,8079
-21,3074
-21,0611
-20,411
-20,9379
-21,239
-21,0816
-21,5948
-22,5117
-22,5048
-22,9222
-24,017
-24,0375
-23,4354
-23,6475
-23,2164
-21,7727
-20,63
-19,6036
-17,4003
-15,5255
-14,4307
-12,5764
-10,4279
-9,57259
-8,44358
-6,71244
-5,88451
-5,50817
-4,18758
-3,16121
-3,10647
-2,20327
-0,588451
-0,00684245
0,957943
2,78488
4,126
4,81708
6,67139
7,73881
7,8346
8,34779
8,90203
8,02619
7,36248
7,34195
6,58244
5,56291
5,82977
5,78871
5,17289
5,50133
6,4319
6,3019
6,41822
7,30774
7,4788
7,19141
8,01251
8,45042
8,19725
9,03203
10,5032
11,0232
12,1864
14,5744
16,6545
18,413
21,5879
24,4344
26,3982
29,2309
32,1732
33,7401
35,1086
36,8329
37,0792
36,4018
36,1008
34,7186
32,139
30,0999
28,3825
25,7002
23,6064
22,929
22,3132
22,1627
23,7844
25,7276
27,1919
29,7715
32,8438
34,5749
35,9708
37,5993
37,7224
36,6482
35,9365
34,0822
30,9895
28,5056
26,3708
23,1548
20,4863
19,0699
17,1745
15,1492
14,4513
13,3222
11,3858
10,0037
8,73097
6,11031
3,66071
1,79956
-0,650033
-3,27069
-4,43391
-5,67923
-7,07509
-7,34879
-6,7535
-7,00667
-6,91772
-6,28821
-6,57559
-7,74565
-8,26568
-9,73681
-12,378
-14,6155
-16,3945
-19,1246
-21,2869
-22,2037
-23,2438
-24,1402
-23,408
-22,758
-22,6553
-21,6427
-20,2194
-20,2058
-20,0963
-19,4873
-19,8705
-21,0405
-21,2321
-22,1216
-23,6954
-24,4549
-24,7012
-25,7413
-26,4187
-25,9671
-25,8097
-25,6592
-24,2086
-22,8264
-21,8822
-20,0894
-17,6535
-16,3329
-14,7523
-12,5285
-11,1874
-10,6058
-9,46311
-8,84729
-9,20994
-9,07309
-8,40937
-8,62833
-8,51201
-7,1093
-6,0282
-5,09762
-2,87383
-0,827936
0,478971
2,34696
4,59128
5,63818
6,52085
8,05356
8,80623
9,04572
10,3184
11,1669
11,4064
12,2138
13,7123
14,0475
14,4513
15,5187
15,6966
14,985
14,9029
14,287
12,4875
11,249
10,2705
8,08093
6,11715
5,36448
4,15337
2,62066
2,4017
2,13484
1,28638
1,42323
2,27854
2,12116
2,21695
3,31859
3,8044
3,81124
4,72129
5,3029
5,0292
5,16605
5,94609
5,59712
5,42606
6,1582
6,40453
6,39085
7,36248
8,32726
8,53938
9,54522
11,1806
11,8032
12,4943
14,0886
15,2039
15,8266
17,4482
18,7073
19,1383
20,2194
21,7727
21,7111
21,8069
22,5185
22,4843
21,8479
22,0395
21,93
20,8763
20,6368
20,9105
20,0689
19,1931
18,9399
17,6125
15,4366
13,6644
11,2285
7,28037
3,61966
0,232643
-4,26969
-8,63517
-11,8306
-15,2792
-18,7073
-20,6026
-22,2448
-24,3865
-25,4197
-25,5429
-26,494
-27,4177
-27,3424
-27,8146
-28,5535
-27,9788
-27,4314
-27,3014
-25,796
-23,1959
-21,0405
-18,3241
-14,4923
-11,1463
-8,61464
-5,43975
-3,25701
-2,92173
-2,79172
-2,70961
-4,44075
-6,26084
-7,23247
-8,62833
-10,0173
-9,64785
-8,69675
-7,99882
-5,91872
-2,88751
-0,7253
1,45744
4,23548
5,91872
6,50717
7,56775
7,75249
6,49348
5,48764
4,91972
3,19542
1,70377
1,21796
0,266856
-0,780039
-0,554238
-0,417389
-1,01268
-0,97847
-0,39002
-0,786882
-1,23848
-0,896361
-1,11532
-1,97063
-1,55324
-1,25901
-1,75851
-1,2727
-0,0821094
0,0889518
0,437917
1,6285
2,07326
1,66272
2,03905
1,87483
0,622663
-0,123164
-0,314753
-1,49165
-2,42223
-2,31959
-2,59329
-3,29806
-2,84646
-2,68908
-3,61281
-4,18758
-4,46128
-6,04188
-7,72513
-8,66938
-10,0584
-11,8922
-12,4122
-12,5285
-13,0691
-12,5422
-10,7221
-9,70259
-8,24515
-5,76134
-3,93441
-2,88067
-0,910046
0,424232
0,417389
0,67056
1,23164
0,437917
-0,472129
-0,506341
-1,01268
-1,90904
-1,66272
-1,36849
-1,60798
-0,814251
0,61582
1,28638
2,14853
3,98231
5,12499
5,73397
7,16404
8,21778
8,12199
8,57359
9,56574
9,33994
9,13467
9,91471
10,2295
10,0652
11,1463
12,1659
12,1864
13,1238
14,5813
14,7865
14,9234
15,6145
15,2518
13,9175
13,1512
11,9538
9,49732
7,48564
6,10346
3,94809
2,15537
1,73798
1,41639
1,129
2,11432
3,20227
3,69492
4,7076
6,05557
6,06241
5,56975
5,3508
4,20126
2,06642
0,608978
-1,23848
-3,79756
-5,5287
-6,35664
-7,64986
-8,46411
-7,97145
-7,78671
-7,82092
-6,69192
-5,73397
-5,71344
-5,26869
-4,39969
-4,64602
-5,01552
-4,57076
-4,81024
-5,68608
-5,59712
-5,74081
-6,79455
-7,35563
-7,23247
-8,11514
-8,95677
-8,67623
-8,75833
-9,381
-8,7857
-8,23831
-8,57359
-8,37516
-7,45827
-7,62933
-8,03304
-7,49932
-7,49248
-8,04672
-7,55406
-6,99298
-6,9793
-6,24031
-4,53654
-3,87283
-3,09279
-1,54639
-0,752669
-0,889518
-0,691087
-0,97847
-2,55223
-4,00968
-5,17289
-7,50617
-9,72312
-10,8658
-12,4122
-14,2665
-14,7455
-14,8207
-15,5734
-15,375
-14,0818
-13,6233
-12,8364
-10,9411
-9,6068
-8,93624
-7,35563
-6,00767
-5,92556
-5,52186
-4,60497
-4,88551
-5,26869
-4,59128
-4,43391
-4,6255
-3,5786
-2,38801
-1,99115
-0,663718
1,43691
2,43591
3,31859
5,00183
6,08294
6,2061
7,01351
7,71828
7,31458
7,47195
8,4299
8,41621
8,84729
10,51
11,9743
13,0212
15,3476
17,8177
19,2068
21,0747
23,4217
24,5165
25,3102
26,7266
27,274
26,8908
27,2672
27,4587
26,6103
26,1518
26,494
25,536
24,7286
24,8107
24,1675
23,0043
22,8948
22,5185
21,1021
20,2673
20,1989
19,0425
17,8314
17,6809
17,1609
16,155
16,3398
16,7366
16,4356
16,9351
18,3036
18,8236
19,1725
20,3152
20,5273
19,6447
19,3299
18,502
16,3466
14,4376
13,2196
11,2079
9,57259
9,31942
9,12098
8,68307
9,52469
10,729
10,7632
11,3516
12,3643
11,899
11,1806
11,0642
9,98998
8,2041
7,19141
6,21979
4,07126
2,58645
1,90904
0,431074
-1,06742
-1,40954
-1,998
-3,01068
-2,90804
-2,59329
-3,3528
-3,43491
-2,77803
-3,28438
-4,00968
-3,77019
-4,11915
-5,24816
-5,4329
-5,32343
-6,04188
-6,13083
-5,43975
-5,65871
-6,03504
-5,46027
-5,67923
-6,92456
-7,19826
-7,66354
-9,25099
-10,1268
-10,0995
-10,6947
-10,9069
-9,75049
-8,56675
-7,81408
-5,83661
-3,77019
-2,71645
-1,2248
0,985313
1,97747
2,68908
4,18758
5,00867
5,00867
5,78187
6,37716
5,82977
5,72713
6,41137
6,02136
5,53554
6,23347
6,56875
6,18557
6,77402
7,28721
6,73297
6,39769
6,56875
5,44659
3,92757
3,31175
2,08695
0,191589
-0,602136
-1,04005
-2,21011
-2,58645
-1,89536
-1,92957
-1,87483
-0,595293
0,321595
0,684245
2,07326
3,68124
4,50233
5,99399
8,49832
10,2979
12,0632
14,8413
17,3046
18,8852
21,2458
23,4285
24,3523
25,625
27,4587
28,0609
28,5056
29,7441
30,312
29,8536
29,8262
29,402
27,2808
24,9681
22,8948
19,2478
15,0192
11,6801
8,10146
3,98231
1,32744
-0,636348
-3,01752
-4,21495
-4,10547
-4,71445
-5,24816
-4,76919
-4,8034
-5,66555
-6,00083
-6,31558
-7,80723
-8,89518
-8,97729
-9,77786
-10,5168
-9,73681
-8,90887
-8,35463
-6,45243
-4,11231
-2,50434
-0,212116
2,83962
4,89919
6,61665
9,03888
10,6879
11,03
11,8306
12,2001
11,2148
10,3732
10,1268
8,91571
7,59512
7,6088
7,64986
7,45143
8,63517
10,2431
11,0711
12,6585
15,1766
16,634
17,674
19,5147
20,8147
20,9721
21,7932
22,4638
21,8
21,3005
21,3895
20,3289
18,7278
18,0162
16,7229
14,6292
13,4044
12,3985
10,4142
9,07993
8,69675
7,64986
6,37032
6,19242
5,63134
4,18758
3,26385
2,23064
0,0273698
-1,998
-3,19542
-5,26184
-7,28037
-7,89619
-8,29305
-8,73781
-7,55406
-5,69292
-4,5297
-2,55223
0,478971
2,34012
3,59229
5,4329
6,32242
5,81608
5,74766
5,46027
3,91388
2,87383
2,9012
2,34012
2,128
3,48965
5,03604
6,22663
8,63517
11,29
12,9254
14,7386
17,1472
18,283
18,7073
19,7747
20,2879
19,8978
20,2194
20,7668
20,1715
20,1784
20,9311
20,6847
20,0826
20,3563
19,9047
18,3446
17,5646
16,7024
14,5881
13,0554
12,5969
11,5227
10,5647
11,2216
11,8169
11,9743
13,3701
14,9302
15,5187
16,5314
18,0709
18,5499
18,5772
19,5078
19,9252
19,6036
20,1373
20,8558
20,5821
20,8968
22,0737
22,4432
22,5527
23,6201
24,2907
23,9007
24,2086
24,236
22,8059
21,4442
20,37
18,0983
15,3202
13,7191
11,7006
9,26468
8,16304
7,68407
6,73297
6,72613
8,06725
8,66938
9,27836
11,0779
12,4806
13,0828
14,3897
15,8334
16,2645
17,1061
18,8099
19,761
20,6095
22,5596
24,1265
24,9407
26,5213
27,9035
27,9651
28,0746
28,6767
27,9788
26,6513
26,405
25,7618
24,5097
24,4754
25,0844
25,2076
26,2476
28,6151
30,3805
32,0432
34,6159
36,566
37,2366
38,1193
38,5025
37,0724
35,6423
34,6433
32,529
30,2505
29,2925
28,4372
27,363
27,6709
28,7793
29,1146
30,011
31,7558
32,3237
32,2211
32,7137
32,2143
30,5379
29,2241
27,7324
25,016
22,8469
21,9711
20,4658
19,2683
19,7542
20,6847
21,2595
23,0727
25,4608
26,7882
28,3414
30,4215
31,1331
30,8594
31,1468
30,4763
28,5878
27,3219
26,1176
23,9349
22,3406
21,8958
21,02
20,2194
20,8284
21,4442
21,3416
22,2243
23,3054
23,1343
23,2164
23,9828
23,5996
22,7648
22,9564
22,8127
21,9985
22,0943
22,628
22,0601
22,1422
23,148
23,3533
23,0591
23,8528
24,2086
23,5175
23,5175
23,6954
22,6075
21,8069
21,8069
20,7737
19,3231
18,8646
17,9272
16,1482
15,0534
14,4102
12,6517
11,5501
11,5569
11,0506
10,5442
11,6458
12,6038
12,8843
13,9997
15,2108
14,9097
14,6155
14,6771
13,3633
11,2969
10,161
8,75149
6,64402
5,73397
5,54923
4,8034
4,72129
5,81608
6,11715
5,95977
6,7056
6,80139
5,65871
5,06341
4,5776
3,0312
2,05273
2,27169
2,03221
1,93641
3,46912
5,0771
5,99399
7,90303
9,94892
10,7221
11,6048
13,1307
13,3496
13,0828
13,726
13,8765
13,1649
13,1786
13,3701
12,3233
11,3653
11,1463
9,81891
7,75934
6,48664
4,8034
2,27169
0,383177
-1,00584
-3,44859
-5,36448
-6,13768
-7,54722
-9,20994
-9,57259
-10,0995
-11,2695
-11,6595
-11,6527
-12,727
-13,5002
-13,4112
-14,3007
-15,7171
-16,1208
-16,9761
-18,5978
-19,4668
-19,7815
-20,9037
-21,0953
-19,8226
-18,4951
-16,6408
-12,9049
-8,63517
-4,5297
0,773197
6,62349
11,0848
15,3545
19,7542
22,3611
23,3601
24,2154
23,7228
21,3827
19,0699
16,6819
12,8159
9,21678
6,89719
4,18074
1,55324
0,588451
-0,0205273
-0,957943
-0,458444
0,793724
1,25217
2,21695
4,19442
5,27553
5,83661
7,23931
8,12199
7,80723
7,93724
8,12883
7,05456
6,06925
5,85714
5,00867
3,70861
3,68808
3,59229
2,77803
2,91488
3,6744
3,47596
3,7565
5,17973
5,99399
6,51401
8,43674
10,3595
11,4132
13,3907
15,7308
16,7572
17,8314
19,4394
19,6652
19,0289
19,0015
18,1393
16,0387
14,4718
13,1922
10,6674
8,54622
7,4309
5,68608
3,59913
2,68224
1,58061
-0,39002
-1,77904
-2,75751
-4,78287
-6,54822
-7,28037
-8,56675
-10,1063
-10,0721
-9,82576
-10,0173
-9,04572
-7,383
-6,52085
-5,04973
-2,63434
-1,10163
-0,253171
1,54639
2,78488
2,74382
3,04489
3,25701
1,95694
0,567923
-0,171061
-1,99115
-4,41338
-5,87766
-7,50617
-9,91471
-11,3653
-12,0974
-13,637
-14,5949
-14,1433
-14,0886
-14,1776
-12,8843
-11,4885
-10,8179
-9,42889
-7,57459
-6,80139
-5,89819
-4,0302
-3,09963
-2,69592
-1,13585
0,198431
0,834779
2,4017
4,18758
4,89919
5,84345
7,56091
7,9304
7,38984
7,50617
6,76034
4,7076
2,87383
1,27954
-1,56008
-3,98915
-5,21395
-6,71244
-8,24515
-8,07409
-7,7046
-7,78671
-7,04772
-5,92556
-6,23347
-6,66455
-6,63718
-8,06041
-10,3937
-11,8648
-13,6438
-16,244
-17,7014
-18,0367
-18,7209
-18,3583
-16,2713
-14,4718
-12,727
-9,62048
-6,94509
-5,42606
-3,6265
-1,82693
-1,86799
-1,90904
-1,31375
-1,84062
-2,8054
-2,53855
-2,33328
-2,92173
-2,47697
-1,46428
-1,69693
-1,59429
-0,800567
-1,03321
-2,01168
-2,25801
-3,00384
-4,94025
-6,384
-7,68407
-10,25
-12,4806
-13,726
-15,635
-17,8383
-18,5088
-19,0083
-20,0484
-20,1305
-19,2341
-19,2136
-18,7209
-17,243
-16,6887
-16,7982
-15,9908
-15,7034
-16,7366
-17,113
-17,2703
-18,7894
-19,9184
-20,0621
-20,7668
-21,6837
-21,0132
-20,2468
-20,0347
-18,5909
-16,3398
-14,8344
-12,8843
-9,66154
-7,11615
-4,98815
-1,63535
1,49165
3,70861
6,6577
9,94892
11,899
13,9518
16,9624
18,9057
20,0894
22,0601
23,497
23,4764
23,757
23,8665
22,3474
20,6368
19,4257
16,9898
13,8286
11,9127
9,87365
7,21194
5,72029
5,18658
4,0781
3,52386
4,40654
4,5297
4,06441
4,50917
4,54339
3,14068
1,92273
0,868991
-1,68324
-4,05757
-5,35764
-7,23931
-9,38784
-9,94892
-10,4621
-11,5843
-11,8032
-11,4611
-12,5285
-13,4249
-13,507
-14,5881
-16,3877
-17,1609
-18,1462
-19,8363
-20,6505
-20,801
-21,8274
-22,238
-21,2526
-20,7737
-20,5342
-18,7483
-16,7845
-15,3613
-13,0417
-9,97629
-8,1083
-5,91188
-2,86014
-0,793724
0,287383
2,10063
3,48965
3,54439
4,0302
4,74182
4,13284
3,76335
4,27653
3,92072
2,99699
3,23648
3,24332
2,14853
1,77219
1,75851
0,424232
-0,793724
-1,18374
-2,59329
-4,78287
-6,06241
-7,77986
-10,5579
-12,7338
-14,2391
-16,7982
-18,8236
-19,3162
-20,0278
-20,6779
-19,5557
-17,9956
-17,0309
-15,026
-12,4806
-11,2285
-9,98998
-8,21094
-7,60196
-8,19725
-7,89619
-8,21778
-9,71628
-10,64
-11,0711
-12,5217
-13,6302
-13,637
-14,376
-15,6829
-15,8608
-16,3124
-17,8588
-18,8167
-19,3368
-21,0611
-22,2859
-22,2243
-22,498
-22,799
-21,1842
-18,981
-17,1882
-14,1297
-10,1816
-7,30089
-4,29706
-0,608978
1,84746
2,84646
4,29022
4,82393
3,74966
2,64803
1,57376
-0,998998
-3,44175
-4,8513
-6,99298
-9,5589
-10,6537
-11,6185
-13,2128
-13,9518
-13,7328
-14,417
-14,6565
-13,6096
-13,1307
-13,1786
-12,0564
-11,1737
-11,249
-10,8111
-10,1679
-10,989
-12,0359
-12,2343
-13,3838
-15,3408
-15,9497
-16,6956
-18,0572
-18,4062
-17,7698
-17,9956
-17,6398
-16,0455
-15,156
-15,0944
-14,0954
-13,5754
-14,4307
-14,9302
-15,1287
-16,7093
-17,9546
-17,9135
-18,1325
-18,4678
-17,0719
-15,2108
-13,9244
-11,6527
-8,90887
-7,59512
-6,52085
-5,02236
-4,89235
-6,11031
-6,83561
-8,16304
-10,5921
-12,3506
-13,2265
-15,0397
-16,2166
-15,9292
-16,0866
-16,5314
-15,7582
-15,2655
-16,0045
-16,4082
-16,5724
-18,2625
-19,9936
-20,7395
-22,1901
-24,0854
-24,2223
-24,1402
-24,4686
-23,4901
-21,28
-19,761
-17,8177
-14,4444
-11,7759
-9,75049
-6,69192
-4,21495
-2,93541
-1,39586
0,273698
0,225801
0,123164
0,759512
0,458444
-0,595293
-0,526869
-0,622663
-1,6285
-1,82693
-1,38217
-2,0801
-2,63434
-2,05958
-2,38801
-3,41438
-3,36648
-3,60597
-5,13184
-6,08294
-6,45243
-8,32726
-10,0652
-10,6811
-12,0974
-13,8081
-13,9449
-13,7191
-13,9381
-12,9117
-10,4553
-8,73097
-6,26768
-2,52486
0,588451
2,91488
6,08978
8,62833
9,5589
10,5511
11,3448
10,1884
8,8336
7,98514
5,96662
3,00384
1,16322
-0,773197
-3,59229
-5,40553
-6,08294
-7,66354
-8,37516
-7,4788
-6,7535
-6,27453
-4,20126
-2,13484
-1,08111
0,567923
2,6275
3,127
3,54439
4,6255
4,74866
4,09863
4,5776
4,98815
4,37917
4,58444
5,41238
5,10447
4,89919
5,8024
5,74766
4,73497
4,72813
4,36548
2,72329
1,62166
0,7253
-1,56692
-3,7565
-4,91288
-6,95877
-9,81891
-11,3722
-12,857
-15,286
-16,634
-16,9624
-18,1256
-18,5978
-17,4072
-16,3192
-15,4708
-12,9664
-10,2842
-8,58043
-6,24031
-3,5307
-2,36064
-1,51218
-0,150534
-0,0684245
-1,129
-1,21796
-1,65587
-3,02436
-3,63334
-3,29806
-3,95494
-4,10547
-2,8054
-1,98431
-1,79956
-0,33528
0,957943
1,06742
1,62166
2,59329
1,97063
1,27954
1,38217
0,506341
-1,33428
-2,01852
-2,92173
-4,91288
-6,08294
-6,4798
-7,93724
-9,10046
-8,95677
-9,39468
-10,5442
-10,3732
-10,4005
-11,5432
-12,2275
-12,2001
-13,4933
-14,5676
-14,4102
-14,6634
-15,2929
-14,2528
-12,8706
-12,0359
-10,0858
-7,07509
-5,20026
-3,15437
-0,0478971
1,98431
2,79172
4,39285
5,27553
4,53654
3,89335
3,60597
1,77904
0,0752669
-0,492656
-1,63535
-3,28438
-3,38017
-3,24332
-3,87283
-3,69492
-2,60013
-2,71645
-2,6275
-1,34112
-0,718457
-0,834779
0,287383
1,51902
1,66956
2,49065
4,11915
4,54339
4,91972
6,44559
7,14352
6,9793
7,99882
8,81307
8,382
8,40253
9,04572
8,08777
7,12983
6,86298
5,5287
3,22279
1,86115
0,294225
-2,51118
-4,61181
-5,89135
-8,40253
-10,5168
-11,3379
-12,7201
-14,8892
-15,8403
-16,8324
-19,0015
-20,4589
-21,0611
-22,7785
-24,147
-23,8391
-23,6543
-23,6543
-21,7385
-19,3641
-17,6467
-14,9986
-11,3653
-9,18941
-7,1572
-4,37917
-2,8533
-2,63434
-1,62166
-1,17006
-2,15537
-2,73698
-2,69592
-3,85914
-4,7555
-4,44075
-4,53654
-5,22079
-4,37232
-3,40754
-3,33227
-2,4017
-0,567923
0,184746
1,19743
3,54439
5,31658
6,54138
9,04572
11,4543
12,6996
14,4513
16,764
17,4688
17,9272
18,9467
18,8167
17,4619
16,9624
15,9976
13,5138
11,5432
10,12
7,28037
4,46128
2,60013
-0,0342122
-3,51018
-5,78187
-8,06725
-11,2969
-13,6438
-14,9302
-16,9282
-18,2146
-17,7356
-17,2703
-16,9966
-14,9371
-12,5285
-11,0642
-9,06625
-6,41137
-5,28921
-4,42022
-3,00384
-2,53171
-3,11331
-2,59329
-2,11432
-2,51118
-1,9501
-0,150534
0,910046
2,5796
5,7066
8,40937
10,2568
13,2196
15,635
16,3877
16,9351
17,5509
16,0387
13,9107
12,508
10,1542
6,9314
5,05657
3,4007
1,27954
0,109479
0,0752669
-0,889518
-1,4506
-0,738984
-0,684245
-1,51902
-1,15637
-0,752669
-1,4506
-1,59429
-0,889518
-1,37533
-1,79956
-1,15637
-1,23164
-2,25801
-2,1759
-2,25117
-3,51018
-4,11915
-3,71545
-4,52286
-5,0292
-4,11231
-3,64703
-3,96862
-3,11331
-2,39486
-2,9491
-3,25701
-2,96278
-4,24232
-5,58344
-5,73397
-6,40453
-7,64302
-7,46511
-6,95877
-7,2051
-6,63718
-5,24132
-5,13868
-5,17973
-4,26969
-4,38601
-5,85029
-6,41137
-7,24615
-9,36047
-10,9753
-11,7143
-13,7533
-15,5324
-15,9497
-16,8598
-18,632
-19,0562
-19,5899
-21,3895
-22,5527
-22,8675
-24,4686
-25,7755
-25,7002
-25,7755
-26,3092
-25,0981
-23,2712
-22,238
-20,3289
-17,2977
-15,5734
-13,8012
-11,1532
-9,44258
-9,12783
-7,89619
-7,12299
-7,90987
-8,40937
-8,1562
-9,36047
-10,3868
-9,95576
-9,86681
-10,3116
-9,01151
-7,31458
-6,41137
-4,64602
-1,92273
-0,636348
0,629505
2,79856
3,94809
3,94125
4,9813
5,72713
5,16605
5,17289
6,13083
5,82292
5,65871
6,71928
7,08878
6,4319
6,93824
7,19826
6,13083
5,37132
5,24132
3,61966
1,93641
1,43691
0,164219
-2,14169
-3,08594
-4,04389
-6,24716
-7,90987
-8,42305
-10,2431
-11,7827
-11,7964
-12,1248
-13,0007
-12,2206
-11,1737
-11,1121
-10,38
-8,87466
-8,96361
-9,12098
-8,44358
-8,71728
-10,2158
-10,4074
-10,5853
-11,8169
-12,1248
-11,3106
-11,4474
-11,16
-9,54522
-8,27936
-7,85513
-6,24031
-4,82393
-4,71445
-4,16021
-2,99699
-3,42807
-3,93441
-3,26385
-3,31175
-4,37917
-4,126
-3,77019
-4,71445
-5,00183
-4,34496
-5,07025
-5,84345
-5,42606
-5,65871
-6,94509
-6,86982
-6,82876
-7,88934
-8,39569
-7,90987
-8,7036
-9,40153
-8,7857
-8,73781
-9,62048
-9,20994
-8,68307
-9,1552
-9,02519
-7,91671
-8,11514
-8,37516
-7,44458
-7,30089
-8,34779
-8,46411
-8,93624
-10,8521
-12,4533
-13,288
-15,4776
-17,4756
-17,8383
-18,4472
-19,3983
-18,3925
-16,8872
-16,155
-14,4581
-11,5364
-9,99682
-8,5599
-6,06241
-4,46812
-4,14652
-2,82593
-1,63535
-1,76535
-1,47113
-0,218958
-0,342122
-0,33528
0,937416
1,71061
1,43007
2,42223
3,41438
3,09963
3,15437
4,0302
3,15437
2,128
2,06642
1,20427
-0,944258
-1,88167
-2,79856
-5,04288
-6,60296
-6,94509
-8,45042
-9,44942
-8,90887
-8,58043
-8,91571
-7,48564
-5,88451
-5,34395
-4,27653
-2,42223
-2,12116
-2,06642
-1,01268
-0,868991
-1,998
-1,89536
-1,82693
-2,92173
-3,45544
-2,99699
-3,83177
-4,68024
-4,42022
-4,96762
-6,72613
-7,39669
-8,12883
-10,2363
-11,6664
-11,8785
-13,117
-13,8423
-12,8364
-11,7348
-11,29
-9,06625
-6,6577
-5,38501
-3,69492
-1,37533
-0,7253
-0,465287
0,718457
0,923731
-0,0547396
0,157376
0,437917
-0,273698
-0,239486
0,971628
1,15637
1,62166
3,6744
5,28237
6,00767
7,9304
9,82576
10,2705
10,7495
11,7006
10,7358
9,10046
8,06725
5,9803
2,3538
-0,260013
-2,96278
-6,78771
-9,96945
-11,9059
-14,8413
-17,4961
-18,5294
-19,7473
-21,5879
-21,8411
-21,9164
-22,8127
-22,888
-21,7316
-21,8069
-21,5332
-19,7884
-18,5362
-18,023
-16,1961
-14,1776
-13,4523
-12,1248
-9,77102
-8,85413
-7,9304
-5,79555
-4,01652
-3,0791
-0,745827
1,73114
3,0791
4,96078
7,67723
8,67623
9,09361
10,1816
9,97629
7,95777
6,5277
4,49549
0,937416
-2,23748
-4,47496
-7,75934
-10,599
-11,7348
-12,9664
-14,4923
-14,3212
-13,8833
-14,3897
-14,2391
-13,1033
-13,4796
-13,7533
-12,9391
-12,5833
-13,2128
-12,4327
-11,5637
-11,8306
-11,4748
-10,0173
-10,0926
-10,2363
-9,18941
-8,81992
-9,31257
-8,39569
-7,21194
-6,89719
-5,60397
-2,77119
-0,889518
1,4027
5,255
8,52569
10,8384
13,9723
16,6545
17,7014
18,5225
19,6515
18,8578
17,6056
17,1882
16,0798
13,9791
13,2128
12,6585
11,0916
10,161
10,291
9,03888
7,67723
7,28721
6,17873
3,76335
2,4496
0,937416
-2,01168
-4,41338
-5,89135
-8,84044
-11,6527
-13,3291
-15,6145
-18,892
-20,6916
-22,3543
-25,1049
-27,0687
-27,6982
-29,1488
-30,0657
-29,3746
-28,4851
-28,2319
-26,4461
-24,2291
-23,1001
-21,4853
-18,7415
-17,4893
-16,3398
-13,897
-11,9059
-10,9205
-8,35463
-5,33711
-3,45544
-0,786882
2,8533
5,26869
7,49932
10,7974
13,2059
14,2528
16,3261
18,0983
18,4472
19,0699
20,4589
20,3015
19,9936
20,7531
20,7395
19,501
19,3504
19,0973
17,3867
15,9361
15,3271
13,3017
10,9137
9,79154
8,18357
5,4808
4,16705
3,14753
1,04005
-0,376335
-0,533711
-1,97747
-3,48281
-3,72229
-4,6255
-6,84929
-8,01935
-9,20994
-11,6322
-13,6917
-14,5813
-16,6135
-18,2899
-18,242
-18,3036
-18,8373
-17,7904
-16,1755
-15,5734
-14,3486
-12,0017
-11,1942
-10,5168
-8,81992
-7,69091
-7,72513
-6,59612
-5,27553
-5,13184
-4,40654
-2,44275
-1,75167
-1,01952
0,889518
2,26485
2,40854
3,68808
4,73497
4,26969
3,92757
4,39969
3,26385
1,71745
1,10848
-0,0136849
-2,53855
-3,99599
-5,21395
-7,67723
-9,59311
-10,1884
-11,9195
-13,2675
-12,9049
-12,5764
-12,898
-11,5432
-9,64785
-8,80623
-7,36932
-4,93341
-3,96862
-3,27069
-1,51902
-0,588451
-1,01952
-0,177904
0,595293
0,321595
0,67056
2,48381
3,37333
4,69392
7,82092
10,7974
13,3359
17,4551
21,9095
25,1049
28,663
32,9669
35,5739
37,4761
40,1104
41,6568
41,2805
41,5679
41,4173
39,4467
37,4145
35,9092
32,5632
28,9983
26,2955
23,0522
18,5362
15,4434
12,5559
8,75833
5,65871
3,77703
0,636348
-2,36749
-3,98231
-6,23347
-9,66154
-11,769
-13,856
-17,3525
-20,3426
-22,2243
-25,495
-28,6835
-30,6473
-32,9738
-36,1418
-37,8045
-39,0225
-41,0068
-42,0742
-41,3763
-41,3694
-40,7742
-38,1398
-35,3618
-33,2817
-29,5936
-25,5839
-22,799
-19,7405
-16,0866
-14,157
-12,8364
-10,6811
-9,47679
-9,62733
-8,74465
-7,8346
-7,95093
-7,44458
-5,66555
-5,12499
-4,45443
-2,40854
-1,129
-1,1769
-0,212116
0,314753
-0,998998
-2,27854
-2,84646
-5,05657
-7,35563
-8,49148
-9,83944
-11,9948
-12,5012
-12,6517
-13,9107
-14,7728
-14,7113
-16,5314
-18,9057
-20,5821
-23,3533
-27,7393
-31,1742
-34,6023
-39,002
-42,649
-44,6196
-47,3292
-49,3341
-49,3683
-49,1151
-49,4162
-47,9793
-46,1318
-45,3654
-44,1338
-41,999
-41,5816
-41,3968
-40,3636
-40,1446
-41,171
-40,8563
-40,2815
-40,5005
-39,7478
-37,175
-35,1633
-32,4674
-27,9719
-23,5107
-20,0689
-15,5118
-11,2353
-8,88834
-6,93824
-4,83077
-4,9813
-5,88451
-6,12399
-7,07509
-9,22362
-9,94208
-9,99682
-10,7974
-10,5442
-8,68307
-7,57459
-6,28821
-3,50333
-1,08795
0,116322
2,31275
4,31074
4,56391
4,86498
5,67923
4,70076
3,12016
2,51118
1,21796
-1,2248
-2,21011
-2,79856
-4,0302
-4,14652
-2,43591
-1,30007
0,369492
3,96178
7,46511
9,97629
13,6438
17,154
19,0494
20,7805
23,1138
23,6064
23,7707
25,0502
26,0424
26,1108
27,8693
30,1957
31,6669
33,6991
36,9219
38,5367
39,5904
41,1984
41,7047
40,1378
39,2483
37,8114
34,7186
31,7353
29,8468
26,5761
23,3396
21,5263
19,4873
16,4903
14,8823
13,6302
11,29
9,48363
9,20309
7,73197
6,6577
7,24615
7,90987
8,03304
9,88734
12,419
14,0544
16,4219
19,98
22,0806
23,798
26,3503
27,9925
27,8009
28,3551
28,5809
27,2056
25,926
25,8166
24,5165
23,3464
23,887
24,3728
24,1128
25,5565
27,4382
28,1772
29,3746
31,489
32,1048
32,3306
33,5964
34,0822
33,0559
33,2132
33,3912
32,2553
31,4411
31,6874
30,5994
29,5252
29,621
29,3678
27,9514
27,8761
27,9651
26,8087
25,9329
26,1108
24,7697
23,2438
22,8401
21,9027
19,5762
18,6115
17,8383
15,7855
14,0681
13,6096
11,7827
9,8805
9,21678
8,08093
5,8024
4,98815
4,54339
3,36648
2,99015
4,18758
4,64602
5,69976
8,49832
11,3174
13,2607
16,5519
20,1031
22,279
24,537
27,5409
28,8272
29,6073
31,1468
31,9132
31,2221
31,4684
31,6805
30,4968
29,5115
29,3678
27,664
25,4402
24,3044
22,279
18,7278
16,1071
13,4591
9,25099
5,39869
2,76435
-1,03321
-4,65287
-6,63033
-8,47095
-10,9821
-11,6458
-11,42
-11,7416
-11,0848
-8,77202
-7,40353
-5,74081
-2,57276
0,30791
1,92957
4,83077
7,75934
9,1552
10,6742
13,2059
14,2597
15,0192
16,853
18,2009
18,3378
19,5899
20,9105
20,8763
20,9653
22,1901
21,7521
20,9789
21,4237
21,3416
19,9936
19,9526
19,9252
18,5636
17,4961
17,4825
15,8197
13,7123
12,7338
11,119
8,27252
6,71928
5,38501
3,07226
1,41639
1,15637
-0,198431
-1,53271
-1,55324
-2,09379
-3,99599
-4,94709
-5,99399
-8,63517
-11,3585
-13,028
-16,2645
-19,5694
-21,4442
-23,3396
-25,8781
-26,4598
-26,015
-25,9739
-24,7286
-21,6906
-19,6584
-17,4688
-14,2118
-11,7827
-11,1874
-10,0379
-9,64101
-11,2832
-13,1512
-14,2186
-16,9487
-19,6857
-20,9995
-22,409
-24,6876
-25,2555
-25,4265
-26,6992
-27,7051
-27,5409
-28,7862
-30,312
-30,5789
-31,2016
-32,919
-33,0353
-32,529
-32,8164
-32,2348
-29,9905
-28,5946
-26,9935
-23,8801
-20,801
-18,8373
-15,4776
-11,9264
-9,77786
-7,48564
-4,39969
-3,14753
-2,49065
-1,10848
-0,882676
-2,34696
-3,04489
-3,78387
-5,90503
-7,62933
-7,86882
-9,14151
-10,12
-9,27152
-8,53253
-8,82676
-7,77302
-6,74665
-7,32826
-8,36832
-8,86781
-11,5774
-14,9371
-17,4825
-20,76
-25,0844
-27,8146
-29,6552
-32,0706
-33,4938
-32,9532
-33,2132
-33,4117
-32,3716
-31,6805
-32,4743
-32,0911
-31,6053
-32,2964
-32,3716
-30,7637
-30,0384
-28,8136
-25,6934
-22,4569
-20,3152
-16,8872
-13,2401
-11,2353
-9,26468
-6,62349
-5,82292
-5,74766
-4,65287
-4,39285
-5,73397
-6,16505
-6,62349
-8,55306
-10,4142
-11,4269
-13,9312
-16,6477
-18,1462
-19,8842
-22,5596
-23,5449
-23,9486
-25,0023
-25,235
-23,7433
-23,1138
-22,3885
-20,1579
-18,1667
-17,5235
-15,9634
-14,5676
-14,9165
-15,3887
-15,156
-16,8187
-19,0152
-20,0689
-21,3621
-23,8117
-24,5644
-24,6876
-25,3513
-25,1871
-23,3396
-22,6622
-21,9437
-19,9526
-18,4472
-18,2351
-16,983
-15,6897
-15,5597
-15,1081
-13,2675
-12,6106
-12,029
-10,1679
-8,56675
-8,22462
-6,91087
-5,47396
-5,56975
-5,68608
-4,88551
-5,67923
-6,89035
-7,08193
-7,66354
-9,49048
-10,1542
-10,4895
-11,6732
-12,1864
-11,0163
-10,5579
-9,66154
-6,8835
-3,92757
-1,69008
1,89536
5,7545
8,16988
10,4963
13,2949
14,1707
14,1023
14,4102
13,7533
11,3243
9,79839
8,36147
5,5287
3,06542
1,998
-0,294225
-2,68908
-3,8044
-5,15236
-7,82092
-9,35363
-10,8179
-13,6096
-16,2508
-17,633
-20,3905
-23,1275
-24,3044
-25,4402
-27,2398
-27,274
-26,5145
-26,3776
-25,3855
-22,888
-21,3963
-20,0005
-17,3867
-15,0534
-14,1433
-12,1796
-10,1063
-9,23046
-8,22462
-6,11031
-5,37816
-4,89919
-3,39385
-2,4496
-3,09963
-2,77803
-2,70961
-4,24232
-5,76134
-6,45243
-8,73781
-11,249
-12,6243
-14,2597
-16,9487
-18,0025
-18,4267
-19,6652
-20,0484
-18,7141
-18,3993
-17,8862
-15,8471
-14,0065
-13,4249
-11,5364
-9,63417
-8,90203
-8,07409
-5,99399
-5,255
-4,66655
-2,76435
-0,793724
0,177904
2,55223
5,51501
7,73881
10,5442
14,6771
17,6946
20,4521
24,2565
27,4656
28,8683
30,8526
32,3716
32,0295
31,3179
31,2631
29,4773
27,2945
26,405
25,3786
23,5038
23,2712
23,8459
23,8049
24,4891
26,6787
27,5614
28,143
29,8947
30,791
30,0452
29,9631
29,7578
28,1225
26,3982
25,9808
24,3249
22,6075
22,2927
22,0395
20,76
20,6984
21,1432
20,5068
20,3358
21,5058
21,4921
21,4306
22,7717
24,0786
24,0991
25,3581
26,8498
26,925
26,8429
27,6845
26,8087
25,235
24,4481
23,0796
20,4658
18,9194
17,7288
15,7034
14,2186
14,2802
13,4591
12,6722
13,2333
13,7123
12,7543
12,7338
12,8638
11,4611
9,85997
9,06625
6,71244
3,78387
1,73798
-0,656875
-4,42706
-6,90403
-9,18941
-12,5012
-15,2244
-16,6408
-19,0973
-21,6564
-22,6896
-23,7707
-25,8439
-26,364
-26,1587
-26,7745
-26,754
-25,0228
-24,3181
-23,4491
-21,3416
-19,5557
-19,0494
-17,633
-16,2371
-16,2645
-16,3535
-15,2997
-15,5529
-16,0455
-15,1218
-14,3623
-14,5881
-13,5002
-11,8716
-11,3037
-10,5784
-8,7036
-8,25199
-8,23831
-7,30089
-7,02035
-8,06725
-8,01935
-7,99882
-8,94992
-9,67522
-8,99782
-9,36731
-9,70944
-8,6557
-7,69776
-7,85513
-6,84245
-5,38501
-5,23447
-4,91972
-3,61966
-3,68124
-4,22179
-3,69492
-3,72229
-5,13184
-5,51501
-5,87766
-7,41037
-8,68307
-8,75149
-9,96945
-11,1327
-10,9069
-10,4826
-11,0642
-10,0995
-8,46411
-7,55406
-6,2061
-3,38017
-1,77219
-0,232643
2,29222
4,49549
5,30974
6,95877
8,77886
9,27152
9,83944
11,42
11,6048
11,3037
12,0017
12,289
10,8932
10,0721
9,19625
6,81508
4,18074
2,59329
-0,437917
-3,66755
-5,45343
-7,2051
-9,6068
-10,4279
-10,3663
-11,0163
-10,9548
-9,34679
-9,01835
-8,94308
-7,8825
-7,31458
-8,34095
-8,6557
-8,87466
-10,5032
-12,0222
-12,3096
-13,637
-15,0534
-14,855
-14,4376
-14,8686
-13,726
-11,9538
-10,9069
-9,63417
-6,95193
-5,61765
-4,96078
-3,42807
-2,31959
-2,90804
-2,72329
-2,29222
-3,08594
-3,54439
-2,50434
-2,42907
-2,1759
-0,472129
1,2727
1,87483
3,59913
5,52186
6,06241
6,4798
7,8825
7,71144
7,04772
7,41037
7,51985
6,3019
6,37032
6,93824
6,54138
6,63718
8,19725
8,66254
8,90887
10,4895
11,8306
11,7143
12,5217
13,4796
12,9801
12,2754
12,6175
11,3858
9,74365
9,2852
8,38884
6,26768
5,27553
4,5776
2,95594
1,4506
1,2248
-0,218958
-2,01168
-2,71645
-3,55123
-5,83661
-6,99983
-7,74565
-9,66154
-11,1532
-11,2353
-12,3506
-13,5344
-13,2812
-13,0828
-13,9244
-13,4933
-12,7064
-13,0212
-13,0075
-11,5569
-11,3927
-11,2695
-9,88734
-8,6078
-8,39569
-7,16404
-5,60397
-5,21395
-4,81024
-3,46912
-3,71545
-4,39285
-4,22863
-4,52286
-6,0282
-6,5277
-6,39769
-7,13667
-7,253
-5,54923
-4,60497
-3,5307
-0,848464
1,92957
3,55123
6,35664
9,36047
11,0916
12,7201
15,4503
16,6408
17,373
19,0015
20,1031
19,7815
20,3768
20,8695
20,0142
19,0767
19,0973
17,6809
15,895
15,0123
14,0886
11,9811
11,1806
10,8316
9,67522
8,93624
9,81207
9,48363
9,12783
9,87365
10,3047
9,40153
9,54522
9,71628
8,60096
7,47195
7,55406
6,13083
4,26969
3,46228
2,33328
-0,383177
-2,10747
-3,68124
-6,58244
-9,44258
-11,0848
-14,1091
-17,1882
-19,0494
-20,9037
-23,7022
-24,9202
-25,4744
-26,535
-26,795
-25,2418
-24,236
-23,0248
-20,2536
-17,4003
-15,5734
-12,6927
-9,61364
-7,9304
-6,17189
-3,51702
-2,34696
-1,66272
-0,116322
1,21796
1,08795
1,82693
2,81909
2,49065
2,16221
2,94225
2,38117
1,33428
1,39586
1,24533
-0,191589
-0,506341
-0,266856
-1,32744
-1,89536
-1,1769
-1,55324
-2,21011
-1,39586
-0,704772
-0,937416
0,143691
1,84062
2,75751
4,11231
7,06825
9,16204
11,0027
13,9312
16,6408
17,7904
19,672
21,369
21,369
20,9584
21,3621
20,1305
18,1462
17,0651
15,9155
13,5686
12,3438
11,7348
10,2431
9,10046
9,30573
8,40937
7,09562
6,78771
6,04188
3,73598
2,34696
1,27954
-0,992155
-3,05857
-3,43491
-4,84445
-6,24031
-6,16505
-5,87082
-6,74665
-6,46611
-5,73397
-6,16505
-6,67823
-6,02136
-6,43874
-7,22563
-6,8835
-6,52085
-7,2051
-6,59612
-5,13184
-4,44759
-3,29122
-0,417389
1,87483
4,02336
7,43774
11,0232
13,1922
16,1755
19,152
20,5684
21,4306
22,9222
22,6143
21,5537
21,0747
20,1921
17,5919
16,0798
14,8618
12,4259
10,2431
9,16204
6,90403
4,18758
2,47012
0,862149
-2,25801
-4,256
-5,68608
-7,77986
-9,54522
-9,70944
-10,5579
-11,4406
-10,7905
-9,96261
-10,1884
-9,18257
-7,53354
-6,71928
-5,76818
-3,3049
-1,6764
-0,355807
2,18274
4,68708
5,7066
7,54722
9,46995
10,0037
10,25
11,3243
10,989
10,2226
10,5853
10,77
9,91471
10,3663
11,5295
12,029
12,7406
14,7797
15,6213
15,7513
16,6272
16,9077
15,156
13,8286
12,1727
9,16888
5,82977
3,8044
0,684245
-2,42907
-4,16021
-5,54238
-7,69091
-8,61464
-8,94308
-10,0926
-11,1327
-10,9137
-11,9195
-13,2675
-13,3701
-13,5549
-14,9097
-15,0055
-14,4855
-14,8139
-14,8344
-13,4659
-13,3154
-13,3975
-12,3917
-11,5022
-12,0359
-11,5158
-10,4279
-10,1063
-9,26468
-6,94509
-5,29606
-3,65387
-0,61582
2,36749
3,92757
6,15136
8,46411
9,16204
9,39468
10,4074
9,99682
9,1552
9,36047
9,62733
9,0594
9,73681
11,0711
11,7006
12,5559
14,5813
15,1697
15,0671
15,5392
15,2723
13,1033
11,4885
9,72312
6,59612
3,68808
2,16906
-0,205273
-2,23064
-2,46328
-1,998
-1,98431
-0,431074
1,998
3,79072
5,69976
8,75833
10,291
10,9479
12,1864
12,4943
11,0779
10,2089
9,32626
7,34879
5,71344
5,49449
4,66655
4,15337
5,2071
6,61665
7,21878
8,95677
11,0779
11,8238
12,2138
13,3907
12,8091
11,1874
10,0379
8,36832
5,27553
3,127
1,51218
-0,67056
-2,25801
-1,97063
-2,02536
-1,73114
0,0889518
2,28538
3,27069
5,19342
7,1572
7,67723
7,77302
8,57359
7,73197
6,3019
5,66555
5,03604
3,38017
3,08594
3,69492
3,98231
4,88551
7,56091
9,67522
11,7074
15,0808
18,1599
19,7199
22,0737
24,3796
25,0913
25,4265
26,6377
26,4598
25,7823
26,1382
26,4734
25,7276
26,2271
27,5409
28,0267
28,7793
30,9279
32,1116
32,7206
34,1849
35,2934
34,7254
34,5202
34,1712
32,2827
30,2026
29,0188
26,6787
23,7775
22,1353
20,6847
18,2009
16,9008
16,4492
15,1902
14,246
14,9713
14,6155
14,1297
15,0397
16,0524
15,8745
16,7093
18,112
18,5294
18,9878
20,5068
20,671
20,4452
21,0063
21,1295
19,6652
18,8988
18,4404
16,7366
14,9371
14,4239
12,857
10,9342
10,0858
9,23731
7,253
6,28137
5,84345
4,68708
3,66071
4,24916
4,14652
3,87283
4,79656
5,87766
5,61081
6,28137
7,11615
6,7535
6,34979
7,04772
6,7056
6,17873
6,97246
8,29989
8,7036
10,4484
13,0486
14,7386
16,504
19,1999
20,671
21,3005
22,4569
23,2096
22,2585
21,9574
21,8753
20,7395
19,6994
19,9115
19,1246
18,0435
18,0367
17,9956
16,6408
16,0866
16,0455
15,1013
14,1023
14,5539
14,1365
13,5207
13,9654
14,3555
13,5754
13,5754
13,8149
12,8022
