500
3994
-6,18154
-4,92866
-3,59777
-1,88176
-0,404628
1,31138
3,14927
4,91403
6,58129
8,12668
9,51606
10,3936
11,0468
11,1931
10,9786
10,5447
9,91581
9,30644
8,89206
8,76531
8,95543
9,80856
11,1833
12,7287
14,6592
16,6141
18,4179
19,8804
21,0163
21,3331
21,3185
20,6263
19,6366
18,3155
16,9066
15,5757
14,7567
14,0498
13,5282
13,655
14,2205
14,7372
15,3856
15,9121
16,268
16,3655
16,2875
15,761
15,1808
14,5568
13,9913
13,8695
13,7427
14,006
14,63
15,4392
16,4581
17,321
18,0766
18,4617
18,5982
18,5154
17,906
17,1455
16,1949
15,3466
14,4983
14,0498
13,6013
13,4551
13,6208
13,889
14,2887
14,7323
14,8347
14,9322
14,9956
14,8591
14,4691
14,0255
13,6891
13,3722
13,0992
12,8506
12,6897
12,836
12,641
12,5532
12,212
11,5928
10,9103
10,1254
9,19431
8,24368
7,37105
6,87867
6,63979
6,77142
7,17117
7,93168
8,76043
9,83781
10,8908
11,5392
11,9195
12,0657
11,9975
11,6367
10,8859
10,2327
9,28206
8,37043
7,5173
6,47404
5,35278
4,0414
2,72027
1,10176
-0,482628
-2,11576
-3,97803
-5,49416
-6,81042
-8,01455
-8,72631
-9,04806
-9,11631
-9,09681
-8,78481
-8,44355
-8,32168
-8,1998
-8,11205
-8,35093
-8,56056
-8,80431
-9,16993
-9,30644
-9,02368
-8,47768
-7,8293
-6,68367
-5,26991
-3,84152
-2,20839
-0,741005
0,750755
1,79889
2,51552
3,09565
3,23215
3,1054
2,77389
2,34002
1,89151
1,49663
1,12126
0,858006
0,828755
1,01888
1,35038
1,75989
2,51064
3,19802
4,0219
4,90916
5,93779
6,76167
7,5173
8,22905
8,64831
9,00906
8,92131
8,67268
8,46793
8,03405
7,34667
6,67879
6,19129
5,67454
5,42104
5,18703
4,94816
4,96278
4,77266
4,81653
4,85553
4,5679
4,2754
4,00728
3,73427
3,49052
3,2809
3,33452
3,50027
3,71965
4,52403
4,83603
5,30403
5,74766
5,87441
5,64041
4,96278
4,01703
2,53014
0,770255
-0,940881
-2,77877
-4,48015
-5,88904
-6,81529
-7,40517
-7,65867
-7,43442
-6,9713
-6,36192
-5,57216
-4,98228
-4,62153
-4,3729
-4,4509
-4,78728
-5,37228
-6,11816
-7,09805
-8,01455
-8,91156
-9,76469
-10,3546
-10,9737
-11,2321
-11,4563
-11,4319
-11,2516
-11,1589
-10,7397
-10,3692
-9,82806
-9,18943
-8,3753
-7,3613
-6,20592
-4,87503
-3,56852
-2,33514
-1,34551
-0,624004
-0,438753
-0,73613
-1,69651
-3,21265
-5,32353
-7,60505
-10,3497
-13,109
-15,5465
-17,7841
-19,6318
-20,6506
-21,3624
-21,3429
-20,7676
-19,4124
-17,711
-15,4539
-13,0505
-10,2278
-7,28817
-4,2559
-1,23338
1,67214
4,43628
7,02005
9,64281
11,8268
14,0303
16,0584
18,1741
20,0413
21,728
23,3222
24,6043
25,6378
26,2667
26,3788
26,096
25,1698
23,9998
22,3666
20,597
18,2619
16,2241
14,0693
11,8902
9,94994
8,23393
6,25467
4,76778
3,29552
1,65751
-0,0780005
-2,03776
-4,20228
-6,42529
-9,23331
-12,0852
-15,1565
-18,14
-21,0211
-23,7268
-25,8815
-27,6414
-28,7042
-29,1039
-29,2014
-28,9382
-28,2606
-27,3782
-26,5543
-25,9254
-25,4964
-25,2819
-25,277
-25,4428
-25,8669
-26,4568
-26,7542
-27,5244
-27,8559
-28,4068
-28,8212
-29,0747
-29,3769
-29,4744
-29,2648
-29,2014
-29,0698
-28,6944
-28,5092
-28,1728
-27,9729
-27,9729
-28,1533
-28,4897
-28,9041
-29,6304
-30,3032
-30,8492
-31,5853
-32,0241
-32,1898
-32,2922
-31,8437
-30,7127
-29,3769
-27,5244
-25,2234
-22,3666
-19,232
-15,8536
-12,5581
-9,34544
-6,21567
-3,62215
-1,68189
0,0731255
1,27726
2,10114
2,47652
2,80802
3,09077
3,26627
3,36865
3,5734
3,86103
3,87565
3,66115
3,3589
2,47652
1,35038
-0,102376
-1,92564
-3,96828
-6,15229
-8,26318
-10,4716
-11,9877
-13,4307
-14,5081
-15,1662
-15,3515
-15,41
-15,0785
-14,5812
-14,2741
-13,8695
-13,616
-13,4307
-13,226
-13,1285
-12,9286
-12,6117
-11,9633
-11,3393
-10,5934
-9,67694
-8,74093
-8,0243
-7,27842
-6,96642
-6,80554
-6,86404
-7,2053
-7,6538
-7,99993
-8,61418
-8,90181
-9,26256
-9,39419
-9,35519
-9,51606
-9,50144
-9,53556
-9,42831
-9,75981
-9,92069
-10,0133
-10,1986
-10,2668
-10,2863
-10,0718
-9,64281
-8,82868
-7,6733
-6,24492
-4,51428
-2,45702
-0,273002
1,95489
4,13403
5,88416
7,33205
8,20955
8,48256
8,10718
7,1468
5,58679
4,09503
2,40827
1,03351
-0,0146251
-0,477753
-0,292502
0,507003
1,90614
3,63677
5,62091
7,48317
9,36006
10,7153
11,8658
12,2266
12,6166
12,5093
12,0316
11,6903
11,2954
11,0858
10,8421
10,8762
11,1199
11,4807
11,7635
12,2022
12,68
13,0212
13,343
13,694
13,7573
13,9328
14,0937
14,0011
13,7525
13,4746
13,0163
12,2558
11,3734
10,2229
9,07731
7,74155
6,16204
4,87991
3,56852
2,64714
1,95001
1,42351
1,28701
1,59414
1,94026
2,86164
3,69527
4,5484
5,55754
6,49842
7,17605
7,67817
8,1608
8,3558
8,38993
8,44355
8,58981
8,3948
8,50693
8,70193
9,08218
9,44294
9,84756
10,4179
10,8811
11,2126
11,4173
11,3637
10,9834
10,3546
9,26256
8,07793
6,63004
5,05541
3,7684
2,31564
0,960381
0,0341252
-0,721505
-1,03838
-1,03351
-0,862881
-0,575254
-0,390003
-0,146251
0,209626
0,0731255
-0,263252
-0,624004
-1,33088
-2,19864
-3,17852
-3,9829
-4,84578
-5,41616
-5,50879
-5,25528
-4,76778
-3,77327
-2,44239
-0,760505
1,23826
3,19315
5,30403
7,35155
9,42344
11,2711
13,1577
15,02
16,6092
18,0864
19,6318
20,6653
21,6744
22,3374
22,586
22,4203
21,8743
21,0455
19,9584
18,7591
17,7354
16,5361
15,5221
14,9322
14,8103
14,6153
14,8932
15,4197
16,0194
16,6824
17,1894
17,8377
18,3301
18,5982
18,9834
19,0467
18,8664
18,8664
18,53
18,1351
17,7646
17,3454
16,9017
16,6239
16,2192
15,7902
15,5319
15,1662
14,5081
13,772
12,7141
11,3539
9,68181
7,86343
5,75254
3,56365
1,34551
-0,702005
-2,58864
-3,94878
-5,18703
-6,17179
-7,05417
-7,60992
-8,08768
-8,85306
-9,56481
-10,4618
-11,4124
-12,6263
-13,6111
-14,4788
-15,3466
-15,7854
-15,8244
-15,6635
-15,4392
-14,8688
-14,2741
-13,616
-13,2065
-13,1285
-13,2162
-13,5867
-14,2595
-15,1955
-16,2241
-17,2722
-18,2765
-19,1637
-19,7244
-20,1095
-19,934
-19,7098
-19,1052
-18,3789
-17,6379
-16,9797
-16,4337
-16,268
-16,5117
-17,1601
-18,2521
-19,7536
-21,3673
-23,2588
-24,9504
-26,3008
-27,6122
-28,3678
-28,4409
-28,2947
-27,7731
-26,9199
-25,9644
-25,2722
-24,7408
-24,6287
-24,7652
-25,3355
-26,0765
-26,9102
-27,8559
-28,5969
-28,7627
-28,7481
-28,1241
-27,0418
-25,6817
-23,9803
-22,4056
-20,5873
-18,959
-17,7012
-16,502
-15,5855
-14,9566
-14,2887
-13,7378
-13,1626
-12,5386
-11,6221
-10,6519
-9,68181
-8,52156
-7,3613
-6,13279
-5,13341
-4,39728
-3,7099
-3,3394
-3,17852
-3,26627
-3,5344
-4,0024
-4,60203
-5,22603
-5,81104
-6,53742
-7,20042
-7,85855
-8,51668
-9,26744
-9,79394
-10,4423
-11,0614
-11,5392
-11,7878
-11,9195
-11,9877
-11,8951
-11,5441
-11,3344
-11,0176
-10,6617
-10,5008
-10,2571
-10,2132
-10,1449
-10,1498
-10,1206
-9,65256
-9,19431
-8,47281
-7,64405
-6,53254
-5,19678
-4,09503
-2,73977
-1,78914
-1,09201
-0,638629
-0,585004
-0,901881
-1,67214
-2,61789
-3,77815
-4,99203
-6,21079
-7,2053
-8,05355
-8,66293
-9,09681
-9,12118
-9,07731
-8,91156
-8,58006
-8,3753
-8,34118
-8,30705
-8,19005
-8,38505
-8,55081
-8,64831
-8,86281
-9,11631
-9,27231
-9,35031
-9,34544
-9,55506
-9,53556
-9,76956
-9,83781
-9,85244
-10,2132
-10,6129
-11,2077
-12,0023
-12,836
-13,7963
-14,7957
-15,8341
-16,697
-17,3502
-17,5647
-17,3697
-16,5507
-15,2832
-13,5331
-11,4368
-8,90668
-6,30342
-3,85615
-1,47713
0,316877
1,89639
3,12977
3,66602
3,72452
3,8269
3,69527
3,71965
3,87078
4,68978
5,45029
6,71292
8,2193
9,80369
11,1589
12,2607
12,7921
12,7092
11,9487
10,7251
8,96518
7,00055
4,88478
3,06152
1,55514
0,560629
0,0877506
0,0877506
0,497253
1,25288
2,11576
2,91039
3,66115
4,16815
4,40215
4,31928
4,08528
3,60752
2,96889
2,40339
1,72089
1,37476
1,06763
1,08226
1,31138
1,85739
2,83727
3,93903
5,37716
6,86404
8,55568
10,4179
12,1437
13,9377
15,8439
17,4282
19,3441
21,0406
22,6591
24,2874
25,8377
27,1588
28,3288
29,2112
29,6987
29,9619
29,8596
29,2794
28,6847
27,9827
27,1003
26,3983
25,9595
25,4964
25,3112
25,4282
25,6963
25,8864
25,9693
25,8718
25,3648
24,3654
23,0443
21,1186
18,7737
16,1997
13,5282
10,8128
8,2193
5,71354
3,6514
2,01339
0,550879
-0,604504
-1,58439
-2,58377
-3,46127
-4,47528
-5,55754
-6,65929
-7,70255
-8,72631
-9,65256
-10,3546
-10,8518
-10,9883
-11,1979
-11,0761
-10,7299
-10,4472
-10,3741
-10,0962
-10,0084
-10,1108
-10,3594
-10,6861
-11,0809
-11,4904
-11,8366
-12,0218
-12,0316
-11,7927
-11,1882
-10,1986
-8,93106
-7,2248
-5,24553
-3,17852
-0,955506
1,20901
3,1054
4,83603
6,05479
7,15167
7,72205
8,14618
8,3948
8,68731
8,90668
9,23331
9,87194
10,4813
11,1833
11,8561
12,4801
12,914
12,9091
12,7287
12,5288
11,9731
11,3393
10,8421
10,3692
10,1059
9,77931
9,56481
9,44294
9,11143
8,64343
8,11693
7,50755
6,84942
6,39117
6,28879
6,34242
7,07855
8,38018
9,96456
11,9292
14,0937
16,2144
18,023
19,5489
20,5775
21,26
21,3478
21,1576
20,9724
20,6994
20,4508
20,3094
20,5044
21,0211
21,7134
22,7176
23,9462
25,0967
26,5202
27,9827
29,3477
30,6347
31,7413
32,7797
33,4183
33,5353
33,3355
32,6773
31,639
30,4494
28,8602
27,3294
25,8425
24,6774
23,8877
23,5269
23,834
24,419
25,3599
26,7395
28,3873
30,1179
31,7998
33,4476
35,1977
36,6895
37,9765
39,0783
40,0776
40,8528
41,3451
41,5353
41,3549
41,0331
40,4725
39,7218
38,8735
38,1032
37,4597
37,0454
36,8114
36,9527
37,1039
37,4061
37,5816
37,7474
37,684
37,0161
36,2849
35,149
33,9205
32,6432
31,4537
30,4787
29,6499
29,3526
29,3769
29,5573
29,6109
29,6061
29,4452
28,9723
27,9973
26,6713
24,965
23,0004
21,065
19,31
17,7402
16,7019
16,2144
16,0242
16,4484
17,204
18,2326
19,0077
19,6318
20,0413
20,0754
19,4221
18,5739
17,1845
15,6537
13,8792
12,1388
10,6861
9,63306
8,87743
8,34605
8,30705
8,46793
9,01881
9,70131
10,5642
11,4709
12,4508
13,7281
14,8786
16,2387
17,7305
19,4416
21,0991
22,8444
24,6628
26,2813
27,6268
28,9382
29,8839
30,5859
31,2295
31,5805
31,9363
32,1801
32,614
33,2087
33,8912
34,8126
35,8315
36,8991
38,1325
39,2879
40,3165
41,1404
41,8473
42,2763
42,4177
42,4664
42,091
41,7108
41,2086
40,5359
40,0289
39,6584
39,5024
39,3805
39,8729
40,6285
41,4524
42,5395
43,8022
45,0794
46,1373
46,8539
47,3122
47,3561
46,8783
46,069
44,9624
43,6803
42,3201
41,0234
40,0435
39,2684
38,7614
38,503
38,5664
38,8686
38,9808
39,0344
38,9808
38,6444
37,9326
36,8796
35,8071
34,4128
33,0576
31,9071
30,8053
30,1082
29,7718
29,6499
29,8011
30,1228
30,3276
30,4446
30,3422
29,8839
29,1283
28,0119
26,6177
25,0772
23,4002
21,6793
20,0461
18,4666
16,9944
15,5757
14,2985
13,0895
11,9
10,8518
9,90606
9,09681
8,49231
8,02918
7,91218
7,9073
7,87805
8,24368
8,57031
9,16993
9,57456
10,0474
10,4862
10,8323
11,0127
11,0176
10,7738
10,3156
9,41856
8,2973
6,97617
5,43566
3,97803
2,57402
1,49663
0,882381
0,73613
1,15538
1,95976
3,1834
4,69466
6,27904
7,69767
8,94568
9,74031
10,0474
9,99381
9,43319
8,50206
7,31742
5,91341
4,51915
3,10052
1,97926
0,877506
-0,0438753
-0,682504
-1,32601
-1,66239
-1,69651
-1,64289
-1,61364
-1,30163
-0,73613
-0,0877506
0,741005
1,88176
3,10052
4,38265
5,69404
6,87379
7,93168
8,61418
8,86768
8,77018
8,1218
7,21505
5,84029
4,2364
2,56427
0,882381
-0,653254
-1,83789
-2,82752
-3,60265
-4,01703
-4,19253
-4,22665
-3,9634
-3,52952
-2,86164
-2,38389
-1,44788
-0,472878
0,624004
1,68676
2,79339
3,75377
4,44603
5,05541
5,20653
4,92378
4,34853
3,47102
2,36439
1,14563
-0,126751
-1,29188
-2,24251
-2,98352
-3,47102
-3,53927
-3,34915
-2,89577
-2,22789
-1,09201
0,0877506
1,41863
3,03227
4,71903
6,33754
7,99993
9,52581
10,7007
11,5733
12,134
12,2705
11,9195
11,1346
10,4326
9,57456
8,60443
7,6733
7,17117
6,91279
6,83967
7,1078
7,39055
7,71718
7,98043
8,07793
7,9463
7,4783
6,74217
5,85491
4,79703
3,5149
2,25714
1,07738
-0,165751
-1,34551
-2,32539
-3,00302
-3,89515
-4,37778
-4,70441
-4,88478
-4,87503
-4,68978
-4,26078
-3,6709
-2,90552
-1,86226
-0,78488
0,516753
1,89151
3,54902
5,21141
6,78604
8,36555
9,90119
11,1004
11,9633
12,563
12,7628
12,6653
12,1535
11,4612
10,4618
9,43319
8,53131
7,7318
7,11267
6,68367
6,56667
6,76654
7,19067
7,81955
8,56543
9,50631
10,2522
11,0712
11,8171
12,251
12,6312
12,68
12,5191
12,1827
11,6611
11,2369
10,5934
9,96456
9,46244
9,16993
8,84818
8,61906
8,59956
8,66293
8,65806
8,70681
8,84818
8,84331
8,88231
8,89206
8,95543
9,04806
9,18456
9,33569
9,69644
10,1157
10,5252
11,1833
11,8366
12,4265
12,9676
13,382
13,7086
13,7525
13,5672
13,2016
12,5873
11,9195
10,9054
9,87681
8,83356
7,62455
6,35217
5,07978
3,91953
2,73977
1,53563
0,316877
-0,70688
-1,50151
-2,12064
-2,63739
-2,85189
-2,76414
-2,53502
-2,17426
-1,66239
-1,30651
-0,887256
-0,633754
-0,580129
-0,638629
-0,965256
-1,45763
-1,93539
-2,51552
-3,02252
-3,46615
-3,98778
-4,32415
-4,51428
-4,72878
-4,88478
-5,14316
-5,57704
-6,10354
-6,71779
-7,41005
-8,2973
-9,17968
-9,85244
-10,6714
-11,2906
-11,705
-11,8805
-11,7635
-11,4758
-11,1346
-10,6227
-9,86706
-8,95056
-7,9073
-6,89329
-5,55266
-4,24615
-2,64714
-1,07251
0,482628
2,12064
3,61727
4,93353
6,01579
6,89817
7,48805
7,6538
7,50267
7,18092
6,53742
5,70379
4,58253
3,48565
2,29614
1,12613
-0,199876
-1,38938
-2,60814
-3,72452
-4,80191
-5,93779
-6,76167
-7,70255
-8,85793
-9,89144
-10,8908
-12,1047
-13,1626
-14,3277
-15,4977
-16,4874
-17,4624
-18,0522
-18,5105
-18,5544
-18,491
-18,101
-17,4282
-16,5751
-15,7025
-14,6738
-13,6501
-12,758
-11,783
-10,6519
-9,58919
-8,45818
-7,25405
-5,91341
-4,39728
-2,92989
-1,43326
0,00975006
1,45763
2,60814
3,48565
4,22178
4,88478
5,48929
5,77691
6,16692
6,73729
7,1858
7,57092
8,01943
8,34118
8,64343
8,65806
8,27293
7,6928
6,82992
5,65504
4,38753
3,15902
2,04751
0,955506
0,170626
-0,433878
-0,687379
-0,838505
-0,916506
-1,07251
-1,54051
-2,10601
-3,00302
-4,17303
-5,74279
-7,3223
-8,96031
-10,3984
-11,5197
-12,2607
-12,5191
-12,1632
-11,4222
-10,3546
-9,20893
-7,74155
-6,50817
-5,35278
-4,39728
-3,87565
-3,77815
-3,8269
-4,16815
-4,61665
-5,04078
-5,50879
-6,01579
-6,19617
-6,11329
-5,78666
-5,08466
-4,22178
-3,09565
-1,67214
-0,433878
0,76538
1,82814
2,54964
2,87627
2,92502
2,53989
1,89151
1,15051
0,238877
-0,521628
-1,18463
-1,70626
-2,09626
-2,38877
-2,84214
-3,35402
-4,22665
-5,34303
-6,93717
-8,62881
-10,4667
-12,5776
-14,396
-15,6781
-16,9261
-17,477
-17,4331
-16,8871
-15,8439
-14,318
-12,3533
-10,2229
-7,99505
-5,62579
-3,2029
-0,84338
1,18463
3,20777
4,90916
6,35704
7,4003
8,19005
8,53131
8,64831
8,50693
7,9658
7,30767
6,32292
5,31378
4,20715
2,97864
1,72576
0,414378
-0,74588
-1,81839
-2,76414
-3,50515
-4,07553
-4,4899
-4,59228
-4,46065
-4,38265
-4,01215
-3,57827
-3,19315
-2,82752
-2,34977
-1,91589
-1,58926
-1,31138
-0,809255
-0,414378
0,0828755
0,580129
1,12126
1,49176
1,77939
1,95976
1,98901
1,73551
1,08226
0,214501
-0,979881
-2,14014
-3,4954
-4,66053
-5,79641
-6,79092
-7,46855
-7,89268
-8,02918
-8,11693
-8,09255
-8,03405
-7,8293
-7,70255
-7,60017
-7,4783
-7,19067
-6,76167
-6,07429
-5,21141
-4,14378
-2,83727
-1,36013
0,0731255
1,50638
3,05664
4,24128
5,26016
6,10354
6,87867
7,44417
7,64892
7,9073
7,89755
7,68305
7,4003
7,09317
6,60079
6,10841
5,46004
4,91403
4,49965
4,22178
4,07065
4,01215
4,1389
4,30465
4,48503
4,60203
4,66053
4,4704
3,9829
3,27115
2,50577
1,43326
0,165751
-1,04813
-2,32539
-3,41252
-4,30953
-5,23091
-5,63066
-5,94754
-6,24492
-6,21567
-5,99629
-5,77691
-5,44541
-5,20653
-5,02616
-4,94328
-4,86528
-4,79703
-4,79703
-4,88478
-4,75316
-4,62641
-4,27053
-3,74402
-3,06152
-2,24739
-1,05301
0,160876
1,31626
2,58864
3,7489
4,85066
5,66479
6,40579
7,07855
7,58555
7,89268
8,15593
8,50206
8,76531
9,08706
9,36494
9,60381
9,80856
9,71594
9,50631
9,07243
8,29243
7,2443
6,06941
4,53865
3,10052
1,83301
0,750755
-0,0243752
-0,331502
-0,0780005
0,828755
2,14501
3,84152
5,91829
8,0438
9,92069
11,7927
12,9871
13,7183
14,1522
13,9328
13,4843
12,8652
12,4313
12,0462
12,1827
12,8896
14,0108
15,6635
17,5209
19,5148
21,3526
22,8931
23,9218
24,4873
24,3313
23,7268
22,7713
21,7914
20,5775
19,6513
19,0614
18,6567
18,7591
19,0419
19,5001
20,0754
20,6263
21,1089
21,5038
21,8694
22,1668
22,3959
22,8541
23,1759
23,7073
24,3167
24,8529
25,3258
25,7109
25,9644
26,0034
25,9352
25,5598
24,848
24,1168
22,976
21,6549
20,0364
18,1692
16,0681
13,7135
11,0858
8,51668
5,91341
3,4369
0,901881
-1,00913
-2,78364
-4,2559
-5,31866
-6,12791
-6,90792
-7,64892
-8,42405
-9,18943
-10,1888
-11,4368
-12,6605
-13,9718
-15,1418
-16,1997
-16,853
-17,2771
-17,2674
-16,892
-16,1705
-15,1808
-14,0937
-12,9383
-11,666
-10,4667
-9,25769
-8,1023
-6,83967
-5,52341
-3,92928
-2,14501
-0,268127
1,78914
4,00728
6,18154
8,46793
10,4959
12,4557
14,1181
15,4685
16,6141
17,4672
17,9109
18,023
17,6915
16,9066
15,4831
13,6452
11,3393
8,60931
5,51854
2,27176
-0,945756
-4,0609
-6,85429
-9,30156
-11,3442
-12,875
-14,1376
-15,098
-15,7464
-16,424
-17,0821
-17,7402
-18,3837
-19,1101
-19,8853
-20,4898
-20,9675
-21,2844
-21,2844
-21,0163
-20,4264
-19,7146
-18,6275
-17,2722
-15,9072
-14,1473
-12,641
-10,9981
-9,38931
-7,94143
-6,49354
-5,15778
-3,91465
-2,82752
-1,66726
-0,638629
0,443628
1,61851
2,80314
4,01703
5,24066
6,45942
7,5758
8,54593
9,28694
9,90606
10,1888
10,2863
10,1986
9,86219
9,31619
8,70681
8,1608
7,37592
6,40579
5,36741
4,1584
2,76414
0,921381
-1,21388
-3,6709
-6,35704
-9,07731
-12,0755
-14,7421
-17,4234
-19,6464
-21,3283
-22,5129
-23,288
-23,6585
-23,5318
-23,2734
-22,8346
-22,3861
-21,9084
-21,5769
-21,4258
-21,1528
-21,0796
-20,9529
-20,7676
-20,4069
-19,9925
-19,4758
-18,7689
-17,8914
-16,9115
-15,8195
-14,5763
-13,3332
-11,8853
-10,3887
-9,11143
-7,73668
-6,64954
-5,71841
-4,95791
-4,55328
-4,49478
-4,77753
-5,13828
-5,72329
-6,31804
-6,91767
-7,3028
-7,71718
-7,83418
-7,6538
-7,3808
-6,91767
-6,42529
-5,87929
-5,43079
-5,10903
-4,72878
-4,59715
-4,66541
-4,62641
-4,73366
-4,72878
-4,71416
-4,5094
-4,16815
-3,71965
-3,1639
-2,45214
-1,78914
-1,11638
-0,648379
-0,209626
0,302252
0,628879
0,770255
1,05301
1,38938
1,89151
2,57402
3,4564
4,68491
5,89879
7,3808
8,88231
10,2668
11,7732
13,2016
14,3765
15,2637
15,8682
16,2582
16,3021
15,878
15,1906
14,0742
12,5288
10,8859
8,80431
6,51304
4,2364
2,07189
-0,00487503
-1,89151
-3,44665
-4,52403
-5,39666
-5,92804
-6,11329
-6,06941
-5,95241
-5,72816
-5,60629
-5,36741
-5,20653
-5,26991
-5,43566
-5,59654
-5,87929
-6,50817
-7,05417
-7,62455
-8,40455
-9,14556
-9,88169
-10,4716
-10,8957
-10,9883
-10,8616
-10,3984
-9,71106
-8,89206
-7,99505
-7,10292
-6,31804
-5,93291
-5,78179
-5,80616
-6,23029
-6,94205
-7,6148
-8,20468
-8,70193
-9,19918
-9,31619
-9,33569
-9,44781
-9,47706
-9,60381
-9,96944
-10,5301
-11,3101
-12,3826
-13,4405
-14,4545
-15,488
-16,3021
-16,8335
-17,1211
-17,36
-17,1455
-16,8969
-16,6775
-16,3801
-16,1022
-15,9414
-15,7269
-15,6781
-15,6489
-15,5952
-15,5806
-15,6537
-15,8487
-16,1169
-16,5605
-17,1747
-18,2034
-19,3636
-20,7433
-22,3861
-24,146
-25,7743
-27,4221
-28,8943
-30,0009
-30,9223
-31,5317
-31,717
-31,6926
-31,3465
-30,8833
-30,3909
-29,8937
-29,3136
-28,8017
-28,2898
-27,8023
-27,5098
-27,3733
-27,1247
-27,0321
-27,2027
-27,4806
-28,1143
-28,9333
-30,0399
-31,4001
-32,8577
-34,4616
-36,2069
-37,8936
-39,4926
-40,9551
-42,1983
-43,2952
-44,1434
-44,9624
-45,5815
-45,8984
-46,2738
-46,6053
-46,8442
-47,0148
-47,0831
-47,1757
-47,3658
-47,4682
-47,7119
-47,9362
-48,0483
-48,2287
-48,5943
-48,8088
-48,9356
-49,0233
-48,9697
-48,7064
-48,5602
-48,1556
-47,6339
-47,2781
-46,6736
-46,0837
-45,4987
-44,8552
-44,2799
-43,6072
-42,8125
-42,013
-41,2135
-40,4189
-39,8826
-39,244
-38,9661
-38,8638
-38,9808
-39,439
-39,9801
-40,4774
-40,9454
-41,2671
-41,3988
-41,1209
-40,4433
-39,4829
-38,2641
-36,6992
-35,2172
-33,8083
-32,3556
-31,1222
-30,2008
-29,5281
-28,9236
-28,4702
-28,2167
-27,9047
-27,6268
-27,2319
-26,8809
-26,486
-26,1399
-25,8669
-25,5598
-25,3502
-25,16
-25,0138
-24,8773
-24,6287
-24,2582
-23,7755
-23,1759
-22,5665
-21,9328
-21,338
-20,7871
-20,441
-20,1826
-19,9974
-19,9194
-19,817
-19,6756
-19,3685
-18,9639
-18,5056
-17,9937
-17,4575
-16,9846
-16,9066
-16,9505
-17,1552
-17,6866
-18,3399
-18,7445
-19,1004
-19,3051
-19,076
-18,6031
-17,8767
-16,8774
-15,9511
-15,0297
-14,3862
-13,8305
-13,4795
-13,226
-13,0115
-12,7385
-12,3826
-11,6318
-10,6568
-9,65744
-8,69218
-7,8098
-6,98592
-6,78604
-7,01517
-7,53192
-8,48743
-9,66231
-10,9396
-12,1145
-13,0163
-13,4892
-13,5965
-13,2942
-12,4898
-11,4856
-10,4618
-9,35031
-8,3753
-7,96093
-7,89268
-8,0633
-8,69218
-9,65256
-10,5886
-11,6952
-12,4703
-12,8847
-12,6556
-12,1827
-11,0566
-9,36981
-7,34667
-5,06516
-2,61302
-0,477753
1,60389
3,56365
5,10416
6,14741
6,86404
7,43442
7,72205
7,70743
7,63917
7,44905
7,29305
7,2443
7,17117
7,13705
7,33692
7,64892
8,07793
8,58981
9,16506
9,79881
10,3399
11,1394
11,6367
12,0998
12,524
12,9042
13,0846
12,9773
12,8652
12,4557
11,7488
11,0663
10,0767
8,89693
7,76105
6,72754
5,75741
5,08953
4,54353
4,1194
4,03653
4,04628
3,9829
3,8854
3,64165
3,19802
2,56914
1,69164
0,780005
-0,390003
-1,49663
-2,45214
-3,40765
-4,19253
-4,73366
-4,94816
-4,97741
-4,63128
-4,10965
-3,27602
-2,05239
-0,604504
0,945756
2,53989
4,10478
5,78666
7,1858
8,26318
9,16993
10,0377
10,6714
11,2857
11,822
12,4167
13,0505
13,6501
14,2497
14,6641
14,7128
14,3131
13,4746
12,0072
10,0621
7,6538
4,99203
2,17914
-0,838505
-3,48565
-5,80616
-7,86343
-9,32594
-10,3692
-10,9981
-11,2272
-11,1394
-10,7933
-10,5154
-10,0572
-9,56969
-9,31619
-9,08218
-8,86768
-8,71168
-8,63856
-8,66781
-8,58006
-8,54593
-8,58981
-8,50693
-8,43868
-8,38505
-8,53131
-8,67268
-8,87256
-8,95056
-9,12606
-9,20406
-8,95543
-8,54593
-7,8293
-6,83967
-5,55754
-4,10478
-2,49114
-0,609379
1,01888
2,55452
3,80252
4,87016
5,65991
6,22542
6,45454
6,60567
6,69829
6,70317
6,88842
6,92254
7,32717
7,67817
8,1218
8,56543
9,09681
9,46731
9,75006
9,97431
9,95481
9,79881
9,63794
9,54044
9,49169
9,52094
9,62819
9,65744
9,93044
10,1791
10,0377
9,86219
9,41856
8,57518
7,4978
6,19129
4,74341
3,2614
1,91589
0,945756
0,263252
-0,0633754
-0,0438753
0,248627
0,882381
1,56001
2,05726
2,61302
2,66664
2,64227
2,14989
1,63314
0,984756
0,351002
-0,209626
-0,351002
-0,390003
0,0292502
0,73613
1,75501
2,79827
3,73915
4,66053
5,12853
5,50879
5,50879
4,98228
4,28515
3,55877
2,63252
1,89639
1,44788
1,28213
1,60876
2,29126
3,54415
5,24553
7,07855
9,12118
11,2418
13,3527
14,9907
16,3167
17,0675
17,2479
16,8432
16,0632
14,747
13,3088
11,783
10,4667
9,41369
8,74093
8,44355
8,80918
9,29669
10,1254
11,0029
11,9292
12,7043
13,1821
13,538
13,6403
13,5185
13,2406
12,7628
12,3338
11,8463
11,1931
10,4228
9,56969
8,52643
7,35155
5,95729
4,49965
2,93964
1,39426
-0,0585004
-1,40888
-2,49602
-3,32477
-4,0219
-4,49478
-4,70928
-4,99691
-5,02616
-5,05541
-5,07978
-5,00666
-4,80678
-4,38265
-3,7684
-2,97377
-1,86226
-0,468003
1,25776
3,13465
5,07491
7,2638
9,17481
10,8226
12,251
13,3186
13,9377
14,1473
13,772
13,0066
12,0023
10,7056
9,25769
7,7318
6,25954
4,96766
3,76352
2,84214
2,08164
1,38451
1,02863
0,550879
0,0292502
-0,360752
-0,858006
-1,39913
-2,06701
-2,73977
-3,08102
-3,25652
-3,38815
-3,21752
-2,80802
-2,17914
-1,38451
-0,477753
0,375377
1,30163
2,28639
3,13465
4,0609
5,07491
6,24979
7,55142
9,09193
10,6129
12,3923
14,2497
15,9072
17,399
18,5495
19,4758
19,973
19,9486
19,5343
18,842
17,8719
16,7994
15,4782
14,3423
13,3673
12,3533
11,4173
10,6422
9,79881
8,82381
7,46367
5,64041
3,68552
1,13588
-1,76476
-5,00178
-8,26805
-11,6513
-14,7908
-17,5745
-19,8609
-21,8743
-23,4002
-24,4873
-25,355
-26,174
-26,9053
-27,6756
-28,3922
-29,4159
-30,3909
-31,3611
-32,1557
-32,9747
-33,472
-33,5451
-33,1551
-32,3653
-31,1661
-29,4598
-27,1881
-24,4385
-21,416
-17,9499
-14,3423
-10,8226
-7,25892
-3,8269
-0,78488
1,96951
4,20715
6,17179
7,8488
9,35031
10,4959
11,6757
12,6702
13,5672
14,162
14,4788
14,5666
14,1376
13,1333
11,9
10,1401
8,22905
6,19129
4,22178
2,34002
0,882381
-0,429003
-1,20413
-1,81351
-2,29126
-2,71539
-3,06639
-3,2029
-3,4564
-3,69527
-3,85615
-3,8269
-3,5539
-3,16877
-2,38877
-1,64289
-0,887256
-0,0780005
0,565504
1,12613
1,59414
1,79889
1,98414
2,25714
2,51552
3,09077
3,68065
4,6069
5,57216
6,65442
7,71718
8,88231
9,65744
10,5057
10,9981
11,3881
11,5587
11,4563
11,1199
10,5301
9,69156
8,62881
7,25892
5,75741
3,97803
1,96464
0,0585004
-1,85739
-3,61727
-5,18216
-6,40092
-7,50755
-8,44843
-8,99931
-9,60381
-10,1937
-10,8031
-11,4612
-12,4313
-13,3917
-14,474
-15,527
-16,3021
-17,1114
-17,6574
-17,8036
-17,594
-17,2722
-16,6726
-16,0974
-15,488
-15,0882
-14,7518
-14,9078
-15,2198
-15,7366
-16,4386
-16,9651
-17,6379
-18,0571
-17,9255
-17,5257
-16,58
-15,2296
-13,5185
-11,4173
-9,05781
-6,58129
-4,25103
-1,69164
0,609379
2,59352
4,2754
5,71354
6,87379
7,6538
8,37043
8,66293
8,74093
8,73118
8,24855
7,93168
7,49292
6,80554
6,27904
5,72329
5,00666
4,65566
4,14378
3,71477
3,2809
2,78364
2,07189
1,10663
0,0243752
-1,63314
-3,3784
-5,46979
-7,70743
-10,2181
-12,7287
-14,9225
-16,9456
-18,5446
-19,5489
-20,0754
-19,8316
-18,9151
-17,399
-15,293
-12,6702
-9,80856
-7,01517
-4,27053
-1,86226
0,273002
1,83789
2,79827
3,46615
3,7879
3,9049
4,32903
4,87016
5,67454
7,1078
8,59468
10,5691
12,6117
14,4788
16,1217
17,4526
18,3886
18,7396
18,686
18,3252
17,6525
16,5605
15,6196
14,6738
13,4356
12,2217
10,8372
9,32106
7,86343
6,24492
4,56303
2,89089
1,32601
-0,263252
-1,68676
-2,86652
-4,01215
-5,13828
-6,10354
-6,91767
-7,66842
-8,22418
-8,61418
-8,65806
-8,49231
-8,36068
-7,73668
-7,11267
-6,49842
-6,00604
-5,63554
-5,45516
-5,26991
-5,34303
-5,52341
-5,39179
-5,09441
-4,68491
-3,93903
-2,82264
-1,60876
-0,136501
1,28701
2,78852
4,0609
5,18703
6,15716
6,94205
7,51242
8,05843
8,42405
8,77506
9,00418
8,97981
8,60443
8,09255
7,05417
5,60629
3,57827
0,955506
-2,08164
-5,45516
-9,24306
-12,7726
-16,5459
-19,9145
-22,82
-25,1649
-26,8468
-27,8023
-28,0558
-27,6073
-26,7054
-25,2917
-24,029
-22,3861
-20,8018
-19,3198
-18,0035
-16,9944
-15,8292
-14,7811
-13,3722
-11,5538
-9,56481
-7,18092
-4,21203
-1,05301
2,28639
5,66479
8,56543
11,0566
13,0602
14,123
14,3618
13,8841
12,6605
10,9591
8,76043
6,35704
3,85128
1,20901
-1,01888
-3,30527
-5,43566
-7,42467
-9,15531
-10,7056
-12,4508
-14,1083
-15,2978
-16,5849
-17,5599
-18,5592
-19,4514
-20,2314
-20,9188
-21,5525
-22,3423
-23,4002
-24,6335
-26,1448
-27,9583
-29,8888
-32,1167
-34,291
-36,6602
-38,8833
-40,6773
-42,0228
-42,9247
-43,1684
-42,7492
-41,8229
-40,219
-38,2154
-36,1142
-34,1447
-32,302
-30,7273
-29,8157
-29,4159
-29,5719
-30,2203
-31,1466
-32,2435
-33,0137
-33,4573
-33,628
-33,3062
-32,302
-30,82
-28,9967
-27,0613
-25,0674
-23,2588
-21,7085
-20,3338
-19,2125
-18,3935
-17,7061
-17,1552
-16,463
-15,7561
-14,9371
-14,0498
-13,2796
-12,5873
-11,9975
-11,6075
-11,3881
-11,5099
-11,6806
-11,9877
-12,3241
-12,4703
-12,6166
-12,7726
-12,7921
-12,836
-13,0992
-13,3332
-13,7183
-14,5471
-15,5367
-16,5507
-17,4819
-18,5592
-19,5684
-20,3923
-21,0358
-21,6159
-22,2253
-22,7859
-23,3514
-24,1412
-24,731
-25,4623
-25,8718
-25,9547
-25,6573
-24,887
-23,5367
-21,6549
-19,5538
-17,2089
-14,9078
-12,8993
-11,1394
-9,65744
-8,86281
-8,37043
-7,94143
-7,52217
-7,01517
-6,16204
-4,89941
-3,2419
-1,22851
0,965256
3,01764
4,96766
6,70804
7,80493
8,03893
7,98043
7,19555
5,78179
3,93415
1,96951
-0,458253
-2,76902
-4,95791
-6,89329
-8,77993
-10,1498
-11,1833
-11,7976
-12,1388
-12,2705
-12,1437
-12,0608
-11,8268
-11,7732
-12,0413
-12,3923
-12,9188
-13,5623
-13,9377
-14,3423
-14,4691
-14,1863
-13,4063
-12,3972
-11,1931
-9,75006
-8,33143
-7,17605
-6,07429
-5,39666
-5,11391
-4,90428
-4,79216
-5,12853
-5,25528
-5,36741
-5,40641
-5,53804
-5,39179
-5,41616
-5,64529
-5,94754
-6,25467
-6,63492
-7,05417
-7,5173
-7,80493
-7,9073
-7,68792
-7,39055
-6,86892
-6,41554
-5,65016
-4,76778
-4,1974
-3,70502
-3,33452
-2,84702
-2,72027
-2,60327
-2,53502
-2,32539
-2,00364
-1,65751
-0,936006
-0,0195001
1,02376
2,49602
4,34365
6,22542
8,34605
10,4521
12,5873
14,6592
16,58
18,2716
19,8365
21,2893
22,6201
23,9218
25,238
26,33
27,5098
28,8699
30,0107
31,0978
31,8973
32,692
33,1453
33,6133
33,7303
33,5402
33,4768
33,3403
32,9552
32,4287
32,0631
31,5756
30,8736
30,3471
29,7572
29,2746
28,7627
28,4214
28,0997
28,0802
28,0217
27,9144
27,9291
28,0266
27,8706
27,6609
27,4757
27,3294
27,1003
27,1198
27,4416
27,6219
28,3483
29,0942
29,9522
30,6444
31,2197
31,6438
31,5805
31,0101
30,1667
28,8114
27,4562
25,901
24,4239
23,3514
22,6494
22,7469
23,2832
24,3557
26,1838
28,1631
30,2788
32,38
34,2715
35,6657
36,8406
37,177
37,1429
36,7529
35,8656
34,8809
33,9107
32,8138
31,8583
31,0881
30,6493
30,3861
30,2496
30,7127
31,0881
31,873
32,7456
33,8815
35,0125
35,968
36,7334
37,3574
37,2599
37,0502
36,2264
35,0076
33,4037
31,5463
29,8254
28,0314
26,4032
25,2185
24,2679
23,7658
23,4002
23,2393
23,0979
23,0394
22,5763
21,8499
20,9919
19,6561
18,3642
16,6385
15,0785
13,6306
12,5191
11,7488
11,4368
11,5099
11,9926
12,7141
13,5331
14,3277
14,8493
15,1223
14,9273
14,435
13,5916
12,3631
11,2516
10,0231
8,97981
8,44355
8,3363
8,60443
9,44781
10,5154
11,9633
13,5233
15,0443
16,4386
17,8475
18,8079
19,622
20,2216
20,7238
21,2795
21,4989
21,8743
22,157
22,6201
22,9078
23,171
23,0248
22,8346
22,4983
21,8353
20,9578
20,012
19,0175
18,0766
17,3015
16,7409
16,6092
16,7409
17,2479
18,0376
19,0955
20,3581
21,6305
23,0686
24,1655
25,3258
26,2423
27,0126
27,8364
28,4556
29,2502
29,9912
31,0101
32,0631
33,2185
34,4616
35,5536
36,2995
36,865
37,1575
36,7821
36,0021
34,7639
33,2233
31,6633
29,8059
27,7877
25,8474
23,9559
22,0303
20,3533
18,6519
16,9407
15,3807
13,8841
12,5142
11,3588
10,5301
9,94994
9,44294
9,26744
8,97493
9,10656
9,19431
9,05293
9,04318
8,80431
8,68243
8,40943
8,20468
7,72205
7,32717
7,01517
6,42042
5,63554
5,04566
4,4509
3,51002
2,75439
2,07189
1,77939
1,71601
1,68189
2,11576
2,68127
3,46615
4,40215
5,41129
6,16204
6,9713
7,97555
8,67268
9,43806
10,2571
10,9591
11,7245
12,68
13,343
13,9085
14,279
14,2741
13,7086
12,8896
11,6026
9,88169
7,87805
5,87929
3,83177
1,87689
0,463128
-0,76538
-1,59901
-1,86226
-1,85739
-1,70139
-0,897006
-0,238877
0,429003
1,21388
1,94514
2,83239
3,55877
4,4704
5,26016
5,88416
6,34729
6,65929
6,82504
6,52767
6,40092
5,91829
5,43566
5,34303
5,50879
5,81104
6,96642
8,38505
10,2571
12,0511
13,928
15,683
16,9359
17,7646
18,2619
18,2814
17,8621
17,5355
17,1162
16,9651
17,0821
17,5111
18,2521
19,1199
19,8853
20,6994
21,3185
21,5623
21,3331
20,597
19,6025
18,3691
16,814
15,1906
13,5087
12,0511
10,6714
9,44781
8,32168
7,56117
6,9518
6,45942
5,94266
5,49904
4,92378
4,4119
3,68065
3,09077
2,45702
1,49176
1,02376
0,663004
0,472878
0,365627
0,677629
1,31138
2,06214
2,80802
3,6319
4,4314
5,16753
5,67454
5,86466
6,01579
5,86954
5,39179
5,02128
4,56303
4,06578
3,57827
3,3004
2,86164
2,80802
2,71052
2,74952
2,84214
3,19315
3,57827
4,02678
4,62153
5,41129
6,26442
7,13217
7,89755
8,59468
8,97006
8,98956
8,78481
7,8293
6,67879
5,27478
3,59777
1,86714
0,195001
-1,14076
-1,94026
-2,12551
-1,75014
-0,926256
0,638629
2,61789
4,80678
7,19067
9,56969
11,6465
13,5185
14,9517
15,878
16,307
16,4532
16,2582
15,7074
15,0736
14,4447
13,8256
13,3966
13,1723
13,2113
13,1187
13,3235
13,4648
13,4356
13,1041
12,6848
11,7927
10,7836
9,20893
7,54655
5,41616
3,36865
1,27238
-0,877506
-2,82752
-4,62153
-6,37167
-7,5953
-8,53618
-9,32594
-9,79394
-9,85731
-9,90606
-9,58431
-9,02368
-8,24855
-7,31742
-6,14741
-5,14316
-3,89028
-2,66177
-1,50151
-0,492378
0,507003
1,30163
2,08651
2,68614
3,27602
4,2559
5,22116
6,35217
7,68792
9,02856
10,4033
11,7683
12,6361
13,4161
13,6891
13,4015
12,8652
11,8805
10,4179
8,92131
7,3028
5,70866
4,01703
2,18401
0,555754
-1,19926
-3,1639
-4,87991
-6,79579
-8,80431
-10,5788
-12,3192
-14,1083
-15,3515
-16,5995
-17,7549
-18,8127
-19,6366
-20,4508
-21,1089
-21,7524
-22,1765
-22,4934
-22,7566
-22,6104
-22,4544
-21,8986
-20,987
-20,2801
-19,3051
-18,14
-17,0285
-15,9462
-14,864
-13,967
-13,1723
-12,1876
-11,6513
-11,2321
-10,9493
-10,7056
-10,5447
-10,4569
-10,5154
-10,5349
-10,5837
-10,5106
-10,3692
-10,3497
-10,2424
-10,1303
-10,1693
-10,2717
-10,1839
-10,3838
-10,5544
-10,5691
-10,4228
-10,3253
-9,94019
-9,22843
-8,56056
-7,62455
-6,42529
-5,37228
-4,2559
-3,06639
-1,94514
-0,926256
-0,238877
0,394878
1,05301
1,38938
1,77939
1,84276
1,73551
1,85739
2,03289
2,09626
2,21326
2,48627
2,82752
3,16877
3,6319
3,97803
4,26565
4,46065
4,55328
4,63616
4,5289
4,32903
4,0999
3,99265
3,95853
3,85128
3,7294
3,57827
3,34915
3,02739
2,48139
2,01826
1,34063
0,69713
0,0438753
-0,238877
-0,341252
-0,263252
0,268127
0,81413
1,69164
2,67639
3,4369
4,22665
5,11391
5,70379
6,16692
6,67879
7,2638
7,85368
8,58006
9,52581
10,1791
10,9444
11,5782
11,9292
11,9438
11,5002
10,7251
9,81831
8,52643
7,14192
5,84516
4,48503
3,46615
2,71052
2,17426
1,68676
1,39426
1,02376
0,609379
0,219376
-0,258377
-0,921381
-1,84276
-2,43264
-3,01764
-3,27602
-3,36377
-3,23215
-2,55452
-1,47713
-0,365627
1,12613
2,42289
3,8659
5,24553
6,36192
7,27355
7,89268
8,50693
8,76531
8,92131
9,00906
8,97981
8,89693
8,75556
8,54106
8,12668
7,82443
7,2053
6,65442
6,01091
5,34791
4,76778
4,3534
4,11453
3,91953
3,83665
3,7099
3,4759
2,88114
2,17426
0,711755
-1,02376
-3,19802
-5,83541
-8,44843
-11,1443
-13,5331
-15,3368
-16,6775
-17,1016
-16,9895
-16,4191
-15,1467
-13,7378
-12,3533
-11,2126
-10,2278
-9,60869
-9,31619
-9,54531
-9,77931
-10,0816
-10,4716
-10,4033
-10,1791
-9,44781
-8,41918
-6,90304
-5,06028
-2,90552
-0,653254
1,69651
4,26565
6,62029
8,79943
10,6519
12,3631
13,6745
14,5276
14,9225
15,0443
14,8786
14,2741
13,6891
12,8408
11,7391
10,9396
10,1059
9,47706
9,00906
8,42893
7,9268
7,5953
7,15655
6,72267
6,03529
5,20166
4,3339
3,3394
2,17426
1,07738
-0,0877506
-1,21388
-2,27664
-2,96889
-3,81227
-4,44115
-4,93353
-5,20653
-5,29428
-5,52341
-5,38691
-5,35278
-5,12853
-4,97253
-4,76291
-4,6069
-4,40215
-4,24128
-4,07065
-3,91953
-3,75377
-3,24677
-2,50577
-1,87689
-0,955506
0,209626
1,57464
2,95914
4,1779
5,43566
6,55204
7,4003
7,97068
8,38018
8,63856
8,75556
8,92618
9,03343
9,40881
10,1011
10,8567
11,5782
12,4898
13,265
13,9913
13,967
13,7135
12,9773
11,5831
9,92556
7,85368
5,57216
3,39302
1,43813
-0,204751
-1,46251
-2,20351
-2,48627
-2,43264
-2,37902
-1,96951
-1,55026
-1,20901
-1,09688
-1,11151
-1,18951
-1,15538
-1,09201
-1,13101
-1,08713
-0,82388
-0,438753
-0,180376
0,0146251
-0,0243752
-0,141376
-0,468003
-1,02863
-1,62826
-2,35464
-3,05177
-3,6514
-4,42165
-4,77753
-5,25041
-5,64041
-5,86466
-6,17179
-6,35704
-6,43504
-6,33754
-5,96704
-5,43079
-4,59715
-3,53927
-2,17426
-0,872631
0,443628
1,26751
1,89639
2,10601
2,01826
1,46251
0,677629
-0,175501
-1,03838
-1,51613
-1,61364
-1,54539
-1,03838
-0,341252
0,633754
1,61364
2,50577
3,20777
3,59777
3,7099
3,75377
3,39302
2,92014
2,22789
1,34063
0,492378
-0,360752
-1,65751
-2,77389
-3,92928
-5,07978
-6,19129
-7,20042
-8,09255
-8,67756
-9,10656
-9,34056
-9,47219
-9,59406
-9,52094
-9,55994
-9,64769
-9,79394
-9,80369
-9,95481
