500
3994
25,1725
26,7866
28,4881
30,242
31,856
33,3594
34,5073
35,3581
35,8883
36,3545
36,4244
36,2438
35,9932
35,7893
35,6378
35,5445
35,4047
35,2823
35,3056
35,3231
35,1483
34,8395
34,4374
33,8955
33,1205
32,159
31,0228
29,7758
28,6803
27,515
26,4952
25,528
24,8928
24,4908
24,281
24,2985
24,4966
24,8637
25,0793
25,5513
25,8077
25,8659
25,9125
25,8543
25,5105
25,1492
24,7705
24,2693
23,7041
23,3428
22,8534
22,3756
21,9444
21,4433
20,8606
20,3361
19,6719
18,7862
18,0927
17,277
16,3505
15,4648
14,614
13,8798
13,1398
12,4056
11,6772
11,0188
10,2963
9,71356
8,99684
8,1461
7,17883
6,19407
5,2501
4,32361
3,51366
2,62796
1,95204
1,67817
1,45674
1,39265
1,74809
2,04527
2,33662
2,51142
2,60466
2,48229
2,02196
1,20618
0
-1,42761
-3,15822
-5,11608
-7,28371
-9,62615
-12,1259
-14,7364
-17,3935
-19,9749
-22,6203
-25,0851
-27,5091
-29,502
-31,3724
-32,7534
-33,8372
-34,7171
-35,3814
-35,7485
-36,1797
-36,6808
-37,3917
-38,3182
-39,3612
-40,5965
-41,9658
-43,3643
-44,8385
-46,1263
-47,35
-48,3289
-49,1621
-49,8148
-50,2926
-50,5956
-50,7005
-50,7587
-50,5257
-50,2227
-49,7215
-49,1913
-48,5911
-47,8219
-46,9829
-46,1729
-45,1882
-44,3025
-43,1196
-41,6046
-39,8681
-37,8928
-35,4455
-32,7534
-30,0439
-27,1362
-24,2169
-21,7346
-19,6369
-17,8538
-16,4845
-15,6629
-15,1035
-14,7481
-14,4917
-14,3635
-14,1887
-14,0255
-13,8857
-13,8682
-14,1071
-14,5558
-15,2841
-16,4321
-17,8888
-19,3572
-20,7557
-22,2357
-23,3021
-23,8323
-23,7973
-23,1972
-22,1192
-20,2953
-18,186
-15,6105
-12,9242
-10,1797
-7,43521
-4,97041
-2,7212
-0,821603
0,90318
2,31331
3,39712
4,42267
5,44239
6,36888
7,26041
8,38501
9,45135
10,6692
11,9453
13,2156
14,3518
15,3133
16,065
16,5428
16,8399
16,77
16,3505
15,4648
14,6024
13,4079
11,9977
10,5468
9,16
7,81397
6,54951
5,67547
5,12773
4,70819
4,76063
4,90631
5,2501
5,65216
6,10084
6,37471
6,47959
6,21155
5,62303
4,70819
3,60689
2,15598
0,582697
-1,01972
-2,48812
-3,92155
-5,02868
-5,82697
-6,25234
-6,28147
-5,90855
-5,08112
-4,05557
-2,71537
-1,22366
0,157328
1,56163
2,96593
4,02644
4,78977
5,3142
5,65216
5,78035
5,68712
5,66964
5,51231
5,5531
5,7046
5,89689
6,22903
6,68353
6,99819
7,41191
7,80814
7,96547
8,15193
8,40249
8,68219
9,0959
9,78931
11,0013
12,5105
14,3693
16,8516
19,7243
22,9116
26,268
29,7758
33,2254
36,4594
39,5943
42,3096
44,4889
46,4526
47,8802
48,7659
49,1272
49,1913
48,8125
48,0084
46,9479
45,6601
44,0111
42,3912
40,6781
39,029
37,3917
35,9874
34,787
33,7498
32,7884
32,0075
31,4889
30,9237
30,1721
29,3213
28,1792
26,7574
24,922
22,7368
20,4352
17,7897
15,0627
12,359
10,0049
7,86058
6,1999
5,10443
4,44015
4,20125
4,39354
4,81308
5,37829
5,83862
6,19407
6,25817
5,95516
5,38995
4,42267
3,09412
1,65486
-0,0815776
-1,99865
-3,80501
-5,62885
-7,45852
-9,15417
-10,7275
-12,225
-13,5652
-14,8413
-16,2398
-17,6382
-18,9784
-20,4352
-22,0201
-23,7857
-25,3998
-27,1187
-28,6803
-29,9972
-30,8771
-31,454
-31,4598
-30,947
-29,9856
-28,6862
-27,043
-25,225
-23,5584
-22,0376
-20,6857
-19,6369
-18,7745
-18,32
-18,0112
-17,6033
-17,0963
-16,4728
-15,424
-14,0605
-12,4348
-10,4478
-8,1228
-5,6172
-3,03002
-0,355445
2,20842
4,49259
6,73015
8,68219
10,0748
11,1528
11,9453
12,3881
12,3357
12,0735
11,6073
10,8906
10,0748
9,45135
8,98519
8,78707
8,76376
9,28236
9,92916
10,7566
11,8637
12,9708
13,9498
14,8238
15,1793
15,3832
15,3657
14,9229
14,2877
13,8449
13,4312
13,0874
13,0524
13,4603
14,0605
14,8937
15,7794
16,77
17,8014
18,6347
19,3572
19,7942
20,1264
20,2021
20,039
19,7418
19,3397
18,7687
18,0403
17,2362
16,5894
15,8668
15,2317
14,8238
14,9229
15,0919
15,7736
16,7758
17,9063
19,1533
20,4935
21,6472
22,6669
23,3487
23,6517
23,5468
23,2729
22,7485
21,8803
21,1636
20,4061
19,4329
18,2559
17,0206
15,6163
13,8915
11,7355
9,40473
6,76511
3,99147
1,17705
-1,5558
-4,16046
-6,48542
-8,40832
-10,0981
-11,4034
-12,3182
-13,2156
-13,8973
-14,3984
-14,6781
-14,9578
-14,9462
-14,7248
-14,2819
-13,4195
-12,3007
-10,9372
-9,41056
-7,6275
-5,80949
-4,02061
-2,30165
-0,646794
0,804122
2,31331
3,59524
4,75481
5,85611
7,09725
8,08783
9,18331
10,2846
11,4092
12,6212
13,8565
15,1559
16,4962
17,9529
19,3688
20,6624
21,8045
22,865
23,6866
24,1528
24,4558
24,549
24,4966
24,281
24,1644
24,0363
23,9314
24,1003
24,281
24,6015
25,0618
25,6387
26,1048
26,6176
27,2178
27,8646
28,3599
28,7852
29,0649
28,9426
28,6862
28,0452
27,0022
25,6562
24,1178
22,4164
20,6624
19,0309
17,8364
16,8166
16,2048
15,8377
15,6221
15,4939
15,3016
14,8937
14,2819
13,4486
12,4639
11,3626
10,3487
9,51544
8,90944
8,5773
8,58313
8,61809
8,76959
8,96771
8,98519
8,79873
8,63557
8,54234
8,49572
8,65305
9,33481
10,2846
11,6423
13,5827
15,5172
17,3644
19,264
20,7207
21,688
22,294
22,4571
22,1483
21,5948
20,8606
20,1089
19,3222
18,6463
17,9471
17,1022
16,0533
14,9054
13,3846
11,4908
9,53292
7,44104
5,29089
3,12326
1,3402
-0,0640967
-1,0372
-1,48005
-1,46257
-1,00224
-0,0640967
1,09547
2,34827
3,72343
5,05781
6,17659
7,26041
8,18107
8,67053
8,9444
9,22409
9,19496
9,12504
9,11921
9,07842
9,16582
9,57954
9,99908
10,6459
11,5083
12,4348
13,5011
14,5441
15,424
16,2048
16,5602
16,7758
16,7758
16,3155
15,5988
14,7422
13,9381
13,1515
12,5396
12,2833
12,1434
12,394
12,8718
13,437
14,043
14,5791
14,9112
14,9986
14,8063
14,4509
13,8682
13,4137
13,1223
12,9242
12,9359
13,3904
13,9614
14,614
15,3424
15,9076
16,3272
16,4379
16,2398
15,9368
15,4123
14,9287
14,6082
14,4858
14,6781
15,1676
15,8086
16,6943
17,5567
18,3375
18,9202
19,1649
18,9318
18,3724
17,7023
16,6185
15,4415
14,2703
13,2738
12,4872
12,0094
11,7006
11,8521
12,2891
12,8776
13,6992
14,4451
15,2026
15,9076
16,3447
16,4146
16,2398
15,6804
14,6898
13,3263
11,5257
9,44552
7,03898
4,44598
1,71313
-1,13626
-3,82249
-6,34557
-8,71715
-10,6925
-12,1958
-13,1165
-13,6293
-13,5652
-12,9009
-11,8521
-10,5002
-9,00267
-7,49348
-6,01926
-4,60331
-3,50784
-2,60466
-1,81219
-1,01972
-0,215598
0,594351
1,73644
2,89018
4,38188
6,12415
7,77901
9,31733
10,7508
11,5724
12,1376
12,1084
11,6073
10,7508
9,46883
8,02957
6,50873
5,11608
4,12549
3,46122
3,2631
3,52532
4,17794
5,0345
6,02509
7,17883
8,03539
8,57147
8,99684
9,02598
8,76959
8,60061
8,46659
8,49572
9,04346
10,1448
11,8171
14,0605
16,5311
19,2989
21,8337
24,1295
25,9999
26,8449
27,0488
26,4952
25,0793
23,3254
21,0412
18,5764
16,0358
13,7458
11,6539
9,65529
7,9946
6,5029
5,01702
3,64186
2,35992
1,20036
0,203944
-0,559389
-1,13043
-1,44509
-1,39265
-1,12461
-0,740025
-0,168982
0,506946
0,926488
1,28193
1,37516
1,26445
0,96145
0,483639
-0,180636
-0,798295
-1,53249
-2,05109
-2,68623
-3,47287
-4,11967
-4,7315
-5,51814
-6,29313
-7,173
-7,95381
-8,84534
-9,5504
-10,1739
-10,675
-10,7333
-10,5993
-10,407
-9,91168
-9,27071
-8,68219
-8,22186
-7,84893
-7,70908
-7,79066
-8,23934
-8,89196
-9,73104
-10,6109
-11,5607
-12,4755
-13,0291
-13,4312
-13,4486
-13,169
-12,6504
-11,887
-10,7857
-9,79514
-8,81621
-8,16359
-7,6916
-7,48766
-7,73239
-8,5132
-9,63198
-10,9838
-12,5746
-14,4159
-15,9368
-17,3527
-18,6055
-19,3106
-19,6719
-19,7243
-19,264
-18,4657
-17,5334
-16,4612
-15,2725
-14,2411
-13,303
-12,5163
-11,8054
-11,3101
-10,7741
-10,3312
-9,78931
-9,06677
-8,23351
-7,12638
-5,74539
-4,03226
-2,04527
0,0291349
2,15598
4,34692
6,39801
8,25099
9,69608
10,7508
11,4209
11,8637
12,0677
12,1551
12,3299
12,7552
13,3205
14,3751
15,8027
17,3877
19,1882
20,8955
22,3989
23,4594
24,0596
24,0071
23,3254
22,2124
20,7149
18,9668
17,1604
15,6512
14,1304
12,6853
11,4558
10,2263
9,09007
7,65664
6,03674
4,17794
2,22008
0,186463
-1,76557
-3,3913
-4,57417
-5,22679
-5,33168
-4,88883
-3,94486
-2,69789
-1,2528
0,128193
1,39847
2,34827
3,0242
3,29807
3,20483
2,94845
2,52891
2,05109
1,56746
1,20036
1,01389
0,891526
1,02555
1,11878
1,33438
1,56746
1,81801
1,69565
1,53832
1,41595
0,914834
0,32631
-0,501119
-1,16539
-1,78305
-2,29
-2,68623
-2,72702
-2,46481
-1,94621
-1,2528
-0,355445
0,874046
2,24921
3,77588
5,35499
6,96323
8,54817
10,2438
11,887
13,3904
14,783
16,065
17,0963
17,8422
18,3608
18,6347
18,5997
18,1044
17,5159
16,6185
15,5464
14,3052
12,8951
11,3742
9,95247
8,52486
6,93409
5,55893
4,31779
3,05916
1,88794
0,868219
0,128193
-0,425369
-0,722544
-0,774987
-0,506946
0,227252
1,30524
2,55221
3,96817
5,44822
6,83504
7,95964
8,84534
9,16582
8,89196
8,19855
7,09142
5,58224
3,92738
2,37158
0,978931
-0,145674
-0,821603
-0,891526
-0,588524
0,186463
1,35768
2,69789
4,10801
5,43074
6,41549
7,01567
7,28954
6,89913
5,91437
4,53338
2,81443
0,652621
-1,82967
-4,17794
-6,36305
-8,29761
-9,84175
-10,9722
-11,6947
-11,9103
-11,6481
-11,2402
-10,6284
-9,79514
-9,02015
-8,3617
-7,58672
-6,74763
-5,90272
-5,01702
-3,9332
-2,80277
-1,68399
-0,530254
0,536081
1,36351
1,81219
1,8355
1,47422
0,675929
-0,151501
-1,28193
-2,49977
-3,49618
-4,22455
-4,69654
-4,77229
-4,48094
-3,88659
-2,96593
-1,7073
-0,477812
0,82743
2,17929
3,43209
4,57417
5,57058
6,32809
6,69519
6,74763
6,46794
5,64633
4,37605
2,95427
1,22366
-0,920661
-3,01837
-4,97041
-6,86417
-8,47824
-9,66112
-10,5119
-10,9722
-10,9664
-10,5818
-9,9175
-8,97353
-7,74987
-6,61361
-5,13939
-3,53114
-2,10354
-0,82743
0,419542
1,54415
2,45898
3,15239
3,7584
4,11384
4,47511
4,86552
5,30254
5,91437
6,67188
7,67995
8,76376
9,88837
11,1528
12,2192
13,0815
13,8274
14,0721
13,8973
13,6642
13,0175
12,0327
10,9197
9,78348
8,53068
7,22544
6,11832
5,01119
4,18959
3,61272
3,22231
3,08829
3,20483
3,43791
3,81084
4,28865
4,75481
5,00537
5,0345
4,87135
4,5159
3,95069
3,39712
2,94262
2,70954
2,86104
3,56611
4,92379
6,87
9,42221
12,5571
15,9193
19,4329
22,9408
26,0232
28,6512
30,6266
31,7337
32,1183
31,8794
31,1335
29,9681
28,6396
27,5674
26,6934
26,2971
26,4719
27,0721
28,1384
29,5369
30,9412
32,2231
33,2021
33,6216
33,3128
32,4679
30,8888
28,8668
26,4661
24,0013
21,7229
19,7534
18,3841
17,7956
17,9471
18,7745
20,3594
22,3756
24,6248
26,9614
29,129
31,0286
32,5611
33,6041
34,2684
34,5073
34,3733
34,012
33,3478
32,5786
31,7803
30,8188
29,8982
29,0008
28,0743
27,4275
27,1071
27,0255
27,2935
28,1035
29,1232
30,4925
32,1357
33,8081
35,4513
36,8614
37,9918
38,8426
39,1805
39,3612
39,1048
38,5512
37,9103
37,2984
36,5409
36,0573
35,7368
35,4979
35,5503
35,7776
36,1156
36,4885
36,8439
37,1586
37,0712
36,7624
36,203
35,2182
33,9013
32,5553
30,9412
29,1698
27,445
25,6853
23,9022
22,0609
20,103
17,9412
15,5522
13,0408
10,5002
7,79066
5,1627
2,80277
0,740025
-0,920661
-1,97534
-2,68623
-3,05916
-3,03585
-2,82608
-2,58717
-2,17929
-1,80636
-1,52667
-1,06634
-0,611832
-0,174809
0,303002
0,943969
1,57911
1,99282
2,55804
2,84356
2,85522
2,85522
2,76198
2,48812
2,34827
2,38323
2,62796
3,1116
3,88659
4,95875
6,36888
7,94799
9,71356
11,4325
13,0874
14,7306
16,3155
17,6907
18,7803
19,6252
20,0156
20,0098
19,9166
19,3397
18,3841
17,2828
16,0242
14,684
13,4486
12,3881
11,5432
11,1412
11,1703
11,3801
11,8113
12,6445
13,6235
14,7189
16,0883
17,5159
19,0134
20,6624
22,4455
24,4267
26,536
28,5347
30,341
31,9493
33,3885
34,3558
34,7171
34,7521
34,5015
33,9304
32,9748
32,06
31,1044
30,0497
29,0649
27,9986
26,4661
24,7938
22,8009
20,4002
17,6674
14,649
11,718
8,70549
6,00178
3,59524
1,68399
0,227252
-0,774987
-1,4917
-2,17929
-2,81443
-3,6943
-4,85387
-6,33974
-8,11697
-10,2788
-12,7261
-15,255
-17,6382
-19,6602
-21,3558
-22,597
-23,3254
-23,3603
-22,7543
-21,8162
-20,575
-19,1183
-17,8364
-16,7234
-16,0009
-15,7095
-15,8727
-16,368
-17,1837
-18,1335
-18,926
-19,264
-19,1533
-18,6113
-17,2653
-15,3599
-12,8543
-10,1273
-7,173
-4,17211
-1,29941
1,38099
3,71761
5,75705
7,53427
9,14834
10,4419
11,6073
12,5338
13,134
13,4253
13,4079
12,8834
11,788
10,2613
8,41415
6,18242
3,85163
1,68982
-0,122366
-1,46257
-2,0744
-1,89377
-1,00807
0,646794
2,75033
5,25593
7,91303
10,5293
12,5921
14,2586
15,5464
16,065
15,9892
15,5988
14,8238
13,8624
12,7669
11,753
10,7915
10,0049
9,36394
8,82203
8,06453
7,41773
6,68353
5,75122
4,65575
3,53114
2,16763
0,949796
-0,19229
-1,34603
-2,40654
-3,18153
-4,00896
-4,68488
-5,22679
-5,63468
-6,07753
-6,48542
-6,68936
-7,04481
-7,06811
-6,90496
-6,7185
-6,54951
-6,21738
-5,81532
-5,73957
-5,68712
-5,80366
-6,10084
-6,6544
-7,2371
-7,74404
-8,32091
-8,7288
-8,99684
-9,11338
-9,17165
-8,88613
-8,73463
-8,62392
-8,46659
-8,33257
-8,53068
-8,65888
-8,95023
-9,29402
-9,45717
-9,56789
-9,74269
-9,66112
-9,3756
-8,92109
-8,21603
-7,27206
-6,20572
-5,18018
-3,83997
-2,70954
-1,63155
-0,652621
0,186463
1,03137
1,51501
1,99282
2,48229
2,83191
3,0242
3,19901
3,19318
2,86104
2,22008
1,19453
-0,396234
-2,34244
-4,62079
-7,31867
-10,0457
-12,8193
-15,459
-17,8655
-19,8234
-21,4899
-22,8767
-23,8848
-24,7413
-25,4464
-25,9941
-26,3554
-26,74
-26,8682
-26,8973
-26,7691
-26,3379
-25,5921
-24,6947
-23,6167
-22,4688
-21,216
-19,8525
-18,6696
-17,5508
-16,5719
-15,9135
-15,4007
-15,0569
-15,0336
-15,4007
-15,9076
-16,6535
-17,6907
-18,7046
-19,7068
-20,6857
-21,554
-22,0959
-22,3872
-22,5038
-22,4164
-22,2765
-22,0726
-21,8628
-21,8628
-21,9385
-22,1134
-22,3523
-22,7077
-22,9291
-22,9874
-22,7427
-22,1134
-21,0936
-19,8059
-18,1918
-16,1873
-14,0488
-11,7647
-9,62033
-7,76152
-6,15911
-5,11025
-4,58583
-4,76646
-5,72791
-7,16717
-8,92692
-11,0946
-13,3612
-15,4182
-17,1604
-18,5414
-19,1824
-19,0309
-18,5123
-17,3702
-15,861
-14,0838
-12,1958
-10,576
-9,16582
-8,06453
-7,38277
-7,13221
-7,28954
-7,77318
-8,6414
-9,82427
-11,1353
-12,6678
-14,1945
-15,8027
-17,3294
-18,7512
-20,1147
-21,4433
-22,5445
-23,5934
-24,5956
-25,5979
-26,6293
-27,8471
-29,0533
-30,51
-32,0425
-33,5342
-34,9327
-36,3486
-37,5432
-38,4464
-39,2155
-39,8273
-40,2352
-40,7189
-41,3307
-42,0882
-43,0788
-44,4773
-46,1729
-48,0259
-49,9313
-51,8426
-53,4158
-54,5113
-54,8609
-54,3773
-52,9963
-50,6888
-47,5481
-43,5449
-38,9533
-34,1402
-29,0999
-24,0945
-19,5611
-15,5697
-12,2599
-9,78931
-8,24516
-7,49931
-7,76152
-8,59478
-9,99325
-11,9569
-14,1362
-16,3621
-18,4482
-20,2604
-21,787
-22,8592
-23,5759
-23,809
-23,8265
-23,7391
-23,8265
-23,7915
-24,0537
-24,6889
-25,7436
-26,9964
-28,424
-30,073
-31,6579
-32,9457
-34,1169
-34,8395
-35,0492
-34,9152
-34,4374
-33,4934
-32,2523
-30,8014
-29,0766
-27,311
-25,4697
-23,5177
-21,4433
-19,5495
-17,6732
-15,9251
-14,5266
-13,3612
-12,6154
-12,2192
-12,5396
-13,1806
-14,2003
-15,6979
-17,5275
-19,5087
-21,5015
-23,5118
-25,3124
-26,8332
-28,1617
-29,1931
-29,7467
-30,038
-30,0672
-29,7933
-29,3038
-28,6454
-27,818
-26,9206
-26,1689
-25,1725
-24,3509
-23,6458
-23,0398
-22,5853
-22,3639
-22,1774
-21,9735
-21,7754
-21,7404
-21,4316
-20,9421
-20,3594
-19,6194
-18,8619
-18,1685
-17,545
-17,0905
-16,974
-17,3294
-17,813
-18,3899
-19,2698
-20,1497
-20,878
-21,385
-21,8337
-21,8337
-21,5831
-21,2277
-20,8081
-20,5051
-20,2604
-20,0564
-19,9632
-19,9108
-19,7884
-19,5378
-19,2115
-18,5414
-17,6091
-16,4087
-15,1734
-13,9789
-12,8893
-12,0793
-11,6714
-11,6481
-12,0385
-12,7844
-13,775
-14,8996
-15,9193
-16,8516
-17,5683
-18,0053
-18,1161
-17,8422
-17,51
-17,1022
-16,7642
-16,368
-16,3097
-16,5078
-16,7817
-17,3935
-18,0286
-18,8153
-19,4912
-19,7942
-19,8758
-19,5961
-19,0542
-18,0986
-16,8225
-15,3016
-13,6934
-12,1492
-10,6925
-9,5271
-8,39666
-7,20214
-6,21155
-5,21514
-3,98565
-2,55221
-0,833257
1,17705
3,44374
5,78618
8,23351
10,7216
12,965
15,0278
16,9273
18,5589
20,0448
21,2976
22,6086
23,6517
24,7238
25,7785
26,5885
27,4101
27,9054
28,1326
28,2142
28,0452
27,6723
27,0838
26,402
25,6503
24,8695
23,9955
23,0806
22,1134
21,1169
20,1613
19,1591
18,1102
17,2304
16,5719
15,9717
15,6862
15,5988
15,727
15,9834
16,3213
16,8574
17,4343
18,0053
18,792
19,5903
20,5576
21,7754
23,2729
24,8287
26,5069
28,2025
29,7816
31,1743
32,0425
32,5553
32,6369
32,1765
31,1452
29,805
28,2841
26,6059
24,9336
23,1506
21,3908
19,6485
17,9121
16,0591
14,043
12,0036
9,74269
7,34781
4,85969
2,48229
0,19229
-2,01613
-3,97982
-5,57058
-6,87
-7,98878
-8,88613
-9,49796
-10,0399
-10,5177
-10,8964
-11,4209
-12,0327
-12,7436
-13,5419
-14,5208
-15,4881
-16,3621
-17,0789
-17,5217
-17,2595
-16,502
-14,9578
-12,5455
-9,49796
-5,59972
-1,28193
3,36799
8,1228
12,627
16,5136
19,7942
22,259
23,7857
24,3859
24,2519
23,4885
22,1833
20,4876
18,7512
17,0264
15,1618
13,4661
11,9395
10,5293
9,20661
8,01791
6,9574
5,76287
4,59165
3,44957
2,26669
1,00807
-0,44285
-1,98117
-3,74091
-5,57641
-7,29537
-9,28236
-11,0246
-12,5047
-13,7983
-14,6956
-15,2259
-15,3832
-15,2667
-14,8879
-14,346
-13,7167
-13,1923
-12,7319
-12,4114
-12,2308
-12,0502
-11,9162
-11,6481
-11,2402
-10,6051
-9,72521
-8,4899
-7,0856
-5,48901
-3,78753
-1,81801
0,0466158
1,8355
3,82832
5,85028
7,91303
10,0865
12,3182
14,7772
17,2653
19,6777
21,9852
23,8381
25,4289
26,3496
26,4894
25,9533
24,8462
23,0282
20,7265
18,1976
15,5172
12,8718
10,4244
8,32674
6,49707
5,01119
3,92738
3,07081
2,34244
1,74809
1,2528
0,681756
0,268041
-0,163155
-0,553562
-0,786641
-0,722544
-0,640967
-0,209771
0,63514
1,68399
2,93097
4,41102
5,89689
7,20214
8,4899
9,42804
10,0632
10,1331
9,8942
9,32898
8,50738
7,69743
6,91079
6,19407
5,82697
5,89107
6,25817
6,92827
7,94216
9,15417
10,4594
11,8113
13,1515
14,381
15,4531
16,5661
17,3469
17,9471
18,4773
18,6463
18,7337
18,7803
18,6463
18,3608
18,1743
18,2035
18,2792
18,4948
19,0775
19,7243
20,5401
21,4258
22,2299
23,0224
23,7507
24,5607
25,2949
26,1048
27,0605
28,1909
29,5835
31,017
32,6136
33,9479
35,0842
35,9349
36,2263
36,1564
35,6436
34,9385
33,9654
33,103
32,4737
32,1241
32,328
32,9166
33,7789
34,8569
35,9699
36,8148
37,4091
37,5199
37,1761
36,1389
34,5889
32,7709
30,4634
27,8587
25,3531
22,9583
20,6391
18,588
16,8866
15,6221
14,8413
14,4625
14,3926
14,5558
14,7481
15,0802
15,2667
15,3191
15,0452
14,5616
13,8099
12,7261
11,5257
10,2788
9,23575
8,30343
7,47018
6,95158
6,70102
6,64275
7,03315
7,65081
8,19272
8,72297
9,28236
9,65529
9,71356
9,41638
8,83951
7,7557
6,38053
4,82473
3,06499
1,14791
-0,582697
-2,11519
-3,39712
-4,30613
-4,74315
-4,89466
-4,69071
-4,15463
-3,44957
-2,77364
-2,03361
-1,54997
-1,22949
-1,24697
-1,42761
-1,91125
-2,63379
-3,44957
-4,39936
-5,21514
-5,64633
-5,94934
-6,03674
-5,68712
-5,11025
-4,41102
-3,57193
-2,60466
-1,94038
-1,45674
-1,23532
-1,28776
-1,73061
-2,32496
-3,14074
-4,18376
-5,17435
-6,25234
-7,42939
-8,61226
-9,77766
-10,9664
-12,4639
-14,1071
-15,8435
-17,8597
-19,9166
-21,9619
-24,281
-26,4137
-28,3074
-29,9506
-31,3841
-32,4329
-33,0447
-33,3885
-33,4759
-33,4118
-33,4118
-33,2487
-33,138
-33,3536
-33,7964
-34,519
-35,5678
-36,9197
-38,3415
-39,9672
-41,826
-43,6673
-45,328
-46,9071
-48,2881
-49,3136
-50,0537
-50,5373
-50,6247
-50,3975
-50,0945
-49,739
-49,2379
-48,7717
-48,5911
-48,5969
-48,9174
-49,5759
-50,2926
-51,2599
-52,2796
-53,2527
-54,1151
-54,7793
-55,1464
-55,129
-54,7968
-54,1908
-53,2935
-52,2738
-51,1841
-50,1353
-49,133
-48,2124
-47,4782
-46,9362
-46,878
-47,0644
-47,3616
-47,886
-48,7834
-49,8206
-50,9452
-52,0523
-53,2119
-54,185
-54,9425
-55,5369
-55,8748
-55,8748
-55,7408
-55,3446
-54,6453
-53,8121
-52,8098
-51,5279
-50,1702
-48,5795
-46,8197
-44,9842
-43,1837
-41,3307
-39,6176
-38,2074
-37,1061
-36,3545
-35,8708
-35,7601
-36,0165
-36,2671
-36,6342
-36,978
-37,0712
-37,0654
-36,6983
-36,0456
-35,1133
-34,0528
-32,7417
-31,2384
-29,869
-28,4706
-27,0488
-25,9125
-24,9569
-24,1761
-23,506
-23,1506
-22,7543
-22,294
-21,8453
-21,2277
-20,2604
-19,1707
-18,0694
-16,8341
-15,7678
-15,0802
-14,7481
-14,9928
-15,8727
-17,3411
-19,2407
-21,4025
-23,7158
-25,9067
-27,6315
-29,0416
-29,8632
-30,2128
-30,1604
-29,7292
-28,9775
-28,3715
-27,917
-27,4217
-26,9556
-26,9323
-26,7691
-26,6293
-26,7866
-26,7808
-26,7283
-26,9031
-27,2644
-27,6781
-28,2433
-29,1931
-30,0963
-30,9354
-31,9085
-32,6893
-33,0739
-33,1904
-32,8699
-32,3688
-31,4889
-30,3877
-29,0708
-27,6839
-26,3263
-25,0327
-23,8556
-22,7543
-21,8162
-20,9421
-20,1147
-19,4446
-18,7221
-17,9937
-17,4168
-16,6477
-15,7969
-14,9811
-14,3577
-13,5069
-12,7028
-12,0385
-11,4617
-10,9664
-10,5934
-10,337
-10,0515
-9,78931
-9,47465
-8,96771
-8,50155
-7,93051
-7,06811
-6,18824
-5,15104
-4,0614
-2,98924
-1,7073
-0,419542
0,926488
2,28417
3,56028
4,87717
6,14745
7,173
7,88972
8,37336
8,62392
8,44328
8,03539
7,43521
6,67188
5,84445
4,85969
3,82832
2,8086
1,84132
0,809949
-0,308829
-1,33438
-2,27835
-3,20483
-3,86911
-4,32361
-4,72567
-5,01119
-5,12773
-5,3142
-5,54145
-6,01343
-6,74763
-7,72656
-8,89196
-9,97577
-11,0946
-11,9453
-12,3299
-12,1492
-11,3684
-9,85923
-8,01208
-5,85028
-3,44957
-0,932315
1,27028
2,98341
4,5159
5,60555
6,18242
6,58448
6,91079
7,1089
7,54593
8,02374
8,6647
9,52127
10,4944
11,2927
11,9919
12,6562
12,8426
12,7028
12,3299
11,7938
10,7741
9,60285
8,44328
7,35946
6,17659
5,11025
4,18959
3,09995
2,26669
1,39265
0,448677
-0,524427
-1,51501
-2,49394
-3,38547
-4,11384
-4,76063
-5,20348
-5,4657
-5,36664
-5,16852
-4,80142
-4,25952
-3,71761
-3,36799
-2,91349
-2,63962
-2,42985
-2,18511
-1,86463
-1,35186
-0,407888
0,938142
2,54639
4,61496
6,92827
9,2474
11,3859
13,0932
14,2761
14,5907
13,9265
12,5105
10,4478
7,80231
4,91214
2,00448
-0,594351
-2,75033
-4,39354
-5,44822
-5,99013
-5,97847
-5,57058
-5,04616
-4,32361
-3,55445
-2,82025
-2,05692
-1,41595
-0,734198
-0,157328
0,396234
0,868219
1,05468
1,13626
1,07799
0,891526
0,699236
0,495292
0,425369
0,693409
1,36934
2,41237
3,96234
5,7687
8,00626
10,2788
12,5105
14,6024
16,3854
17,6674
18,588
19,1824
19,3455
19,3397
19,2698
19,2581
19,3455
19,5611
19,8234
19,9574
20,1264
20,0564
19,532
18,5065
16,9099
15,086
12,8135
10,3312
7,84893
5,62303
3,83415
2,46481
1,62572
1,3169
1,44509
1,96952
2,71537
3,48453
4,12549
4,53921
4,83639
4,92962
4,69071
4,22455
3,71178
3,14656
2,57552
2,03361
1,52667
0,990585
0,606005
0,174809
-0,145674
-0,419542
-0,664275
-0,833257
-1,24114
-1,43926
-1,66069
-2,08023
-2,44733
-2,84939
-3,10578
-3,48453
-3,76422
-3,85163
-3,58941
-3,21066
-2,63962
-1,75975
-0,804122
0,13402
1,04303
1,71313
2,05109
2,16181
1,89377
1,46257
0,466158
-0,681756
-1,84132
-2,84356
-3,83997
-4,81308
-5,55893
-6,08336
-6,61361
-6,96323
-7,3245
-7,69743
-8,12862
-8,61809
-9,04928
-9,3989
-9,42221
-9,32315
-9,04346
-8,40832
-7,3886
-6,08336
-4,58
-2,87852
-1,08964
0,763333
2,52308
4,34109
6,08336
7,77901
9,45135
11,1761
12,9126
14,8122
16,601
18,454
20,3012
22,0259
23,64
25,0152
26,0058
26,4836
26,5943
26,3088
25,4347
23,978
22,1774
19,9574
17,4401
14,7655
12,0327
9,36394
7,10308
4,98206
3,3272
2,25504
1,62572
1,39265
1,56163
1,987
2,39488
2,73868
2,97175
2,93679
2,45898
1,68982
0,670102
-0,705063
-2,19677
-3,73509
-5,13939
-6,47376
-7,62168
-8,51903
-9,29402
-10,0515
-10,5643
-10,978
-11,316
-11,4558
-11,5432
-11,7472
-11,9336
-11,8346
-11,9395
-12,1318
-12,5513
-13,134
-14,0313
-15,1734
-16,7992
-18,5997
-20,5867
-22,935
-25,3706
-27,8238
-30,4809
-33,2254
-35,9641
-38,7144
-41,6395
-44,5122
-47,2159
-50,0012
-52,6001
-54,9075
-56,9004
-58,4445
-59,7731
-60,717
-61,2007
-61,4104
-61,2182
-60,8452
-60,2567
-59,4642
-58,6193
-57,7628
-56,743
-55,5369
-54,2316
-53,0196
-51,592
-49,8789
-47,8977
-45,6019
-42,7933
-39,5884
-36,0223
-32,0891
-28,0219
-23,8614
-19,8408
-16,1465
-12,9767
-10,4303
-8,33839
-6,92244
-5,87941
-5,0986
-4,60331
-3,85745
-2,87852
-1,71896
-0,297175
1,21784
2,82608
4,25952
5,45404
6,36305
6,68353
6,7418
6,567
6,0717
5,65799
5,57641
5,64051
5,97264
6,73015
7,8431
9,06677
10,2729
11,3509
12,2833
12,7844
12,8776
12,7378
12,1842
11,2694
10,2555
9,15417
7,96547
7,02733
6,38053
5,85028
5,57641
5,81532
6,25817
7,02733
7,9946
9,0318
10,0224
10,9256
11,6073
12,0443
12,2658
12,2366
11,8637
11,3917
10,9197
10,2438
9,63781
9,10173
8,30926
7,31285
6,38053
5,30837
3,98565
2,57552
1,15957
-0,180636
-1,39847
-2,3774
-3,08247
-3,57193
-3,79918
-3,82832
-3,91572
-4,09053
-4,47511
-5,12191
-6,06588
-7,28954
-8,47824
-9,82427
-10,8848
-11,4908
-11,5724
-11,1004
-9,85341
-8,02374
-5,61137
-2,75033
0,174809
3,00089
5,64051
7,88972
9,57371
10,8149
11,5549
11,8579
11,7996
11,7647
11,7705
11,7355
11,9162
12,5047
13,4253
14,7655
16,4612
18,5589
21,1169
23,9896
27,2003
30,5858
33,8838
36,8964
39,6467
41,7386
42,8632
43,1312
42,4786
40,9986
38,7086
36,0165
33,0506
30,1138
27,4217
25,1783
23,3953
21,8103
20,645
19,8234
19,0251
18,1219
17,1196
16,1174
14,9345
13,7924
12,8426
11,9686
11,1994
10,7508
10,6925
10,6051
10,6517
10,7508
10,8848
10,9605
10,978
11,1179
11,3043
11,5199
12,1259
12,9067
13,8041
14,8238
16,0824
17,4809
18,8852
20,1497
21,385
22,597
23,7973
24,9511
26,2447
27,6898
29,2397
31,116
33,1729
35,3347
37,584
39,8914
42,0824
43,8596
45,363
46,3302
46,7148
46,6857
46,1729
45,1124
43,6324
42,0474
40,2003
38,1841
36,1272
34,0412
32,025
29,8632
27,7655
25,8601
23,943
22,1658
20,6391
19,3514
18,2442
17,3469
16,4495
15,8202
15,1793
14,4218
13,3263
12,1201
10,6226
8,92109
6,97488
4,91796
2,83191
0,909007
-0,885699
-2,3774
-3,51366
-4,24786
-4,56834
-4,5159
-4,00313
-3,30389
-2,55221
-1,6199
-0,629313
0,221425
0,780814
1,31107
1,46257
1,24697
0,856565
0,367099
-0,244733
-1,01389
-1,64321
-2,17929
-2,73868
-3,04168
-3,11743
-3,30972
-3,2398
-3,33303
-3,37382
-3,49036
-3,57776
-3,68265
-3,76422
-3,71761
-3,40878
-2,90766
-2,06275
-1,10712
0,19229
1,59659
3,03002
4,35857
5,59389
6,567
7,2371
7,61585
7,98295
8,29178
8,46076
8,74046
9,3756
10,2438
11,4325
12,9767
14,6898
16,4903
18,32
20,0564
21,6996
22,9816
24,0421
24,6772
24,9103
25,1317
25,1084
24,9919
24,7879
24,6248
24,4674
24,3917
24,3043
24,2227
23,8381
23,3836
22,7485
21,8453
20,5401
18,9959
17,3236
15,5697
13,7167
11,9395
10,0632
8,55399
7,173
5,83862
4,64992
3,79336
3,01837
2,18511
1,59659
1,22366
1,00807
1,11878
1,50919
2,42985
3,64768
5,21514
6,99819
9,04346
10,9664
12,4522
13,4603
13,9206
13,4894
12,0968
9,93498
7,11473
3,78753
-0,0407888
-3,59524
-6,85252
-9,68442
-11,7239
-12,8368
-13,1456
-12,7785
-11,7297
-10,1855
-8,52486
-6,84086
-5,34916
-4,27117
-3,57193
-3,11743
-3,16404
-3,30389
-3,33885
-3,28641
-2,99506
-2,39488
-1,42178
0,00582697
1,6199
3,22814
4,93544
6,36888
7,44687
8,11697
8,4258
8,39084
7,9946
7,47018
6,95158
6,56117
6,25817
6,17076
6,54951
6,88748
7,30702
7,9072
8,46076
8,89196
9,06094
9,25323
9,20661
8,9444
8,69384
8,38501
7,88389
7,36529
6,91661
6,27565
5,57641
4,89466
4,10801
3,40295
2,7445
2,22008
1,86463
1,73061
1,74809
2,03944
2,45315
3,09412
3,75257
4,58583
5,40743
6,0484
6,79425
7,57506
8,47241
9,26488
10,203
11,3393
12,4464
13,6468
14,917
16,065
16,9623
17,5858
17,8946
17,6266
16,8866
15,6862
13,9498
12,0036
9,81844
7,44104
4,9471
2,63962
0,407888
-1,79471
-4,04974
-6,31061
-8,67053
-11,1237
-13,7866
-16,5719
-19,5029
-22,3639
-25,1317
-27,6781
-30,0147
-32,0658
-33,8547
-35,1483
-36,1039
-36,7857
-37,1528
-37,1644
-36,7798
-36,1272
-34,991
-33,4177
-31,5297
-29,4845
-27,2178
-24,9336
-22,696
-20,5342
-18,7862
-17,3935
-16,2106
-15,3133
-14,7539
-14,2586
-13,9556
-13,7808
-13,6235
-13,7342
-13,8682
-14,078
-14,6373
-15,2434
-16,0766
-17,0381
-17,9121
-18,8153
-19,5495
-20,1905
-20,5983
-20,8722
-20,7557
-20,4235
-20,0739
-19,497
-19,0018
-18,489
-18,1335
-17,8305
-17,8364
-18,0053
-18,4831
-18,8852
-19,5204
-20,2196
-20,5867
-20,9713
-20,948
-20,4468
-19,6078
-18,285
-16,4962
-14,3693
-11,9744
-9,50962
-7,16135
-4,87717
-2,8727
-1,41013
-0,314656
0,285522
0,63514
0,658448
0,448677
0,180636
-0,0757506
-0,0116539
-0,0233079
0,0990585
0,180636
0,163155
0,0407888
-0,483639
-1,3402
-2,63962
-4,28865
-6,18824
-8,1461
-10,0632
-11,5374
-12,8951
-13,5477
-13,5885
-13,437
-12,6853
-11,7821
-10,6517
-9,44552
-8,40249
-7,6042
-6,91661
-6,35722
-5,96682
-5,79201
-5,77453
-5,93186
-6,25234
-6,60778
-7,29537
-8,19855
-9,20079
-10,337
-11,281
-12,1667
-13,2039
-13,7458
-14,0139
-14,0488
-13,9672
-13,8332
-13,7983
-13,874
-14,2003
-14,8471
-15,8086
-17,0555
-18,5006
-20,1089
-21,4899
-22,8301
-23,9605
-24,6189
-25,1142
-25,2483
-25,155
-24,7705
-24,4966
-24,0129
-23,4943
-23,1098
-22,9
-22,6436
-22,3464
-22,1017
-21,6239
-21,1053
-20,4352
-19,4563
-18,1743
-16,7176
-15,3075
-13,7983
-12,2017
-10,7566
-9,63198
-8,85699
-8,57147
-8,50738
-8,64722
-9,3756
-10,3429
-11,3335
-12,3765
-13,3321
-14,0663
-14,5441
-14,7597
-14,7131
-14,4625
-14,1362
-13,5477
-12,7902
-12,2133
-11,7938
-11,281
-10,7391
-10,372
-9,99325
-9,463
-8,96771
-8,40249
-7,66829
-7,03315
-6,34557
-5,58806
-5,01119
-4,48677
-4,14298
-3,92738
-3,9099
-4,13715
-4,46929
-5,06364
-5,85611
-6,49124
-7,33616
-8,28595
-8,84534
-9,13086
-9,14252
-8,85699
-8,14028
-6,99236
-5,51231
-3,79918
-1,99282
-0,297175
1,31107
2,78529
3,62438
4,2129
4,54504
4,59165
4,26534
3,95651
3,71761
3,57776
3,68847
3,85745
4,20125
4,7315
5,30254
5,95516
6,42715
6,57865
6,46211
6,14163
5,33168
4,32361
2,896
1,39847
-0,19229
-1,74809
-3,3272
-4,63827
-5,67547
-6,38053
-6,81756
-6,90496
-6,66605
-6,27565
-5,66382
-4,87135
-4,07888
-3,07081
-2,29583
-1,7073
-1,06051
-0,506946
-0,157328
-0,0524427
0,122366
0,198117
0,0116539
-0,238906
-0,501119
-0,990585
-1,66651
-2,55804
-3,81667
-5,4016
-7,15552
-9,14252
-11,1237
-13,1456
-14,8238
-16,2398
-17,1779
-17,4226
-16,9507
-16,1349
-14,7539
-13,2097
-11,6073
-10,1797
-9,07842
-8,37918
-8,26264
-8,52486
-9,31733
-10,407
-11,5316
-12,7144
-13,7109
-14,5616
-15,1268
-15,4415
-15,5464
-15,3599
-15,0977
-14,917
-14,4858
-14,0605
-13,7983
-13,5011
-13,2564
-13,0874
-12,9708
-13,0233
-12,9825
-13
-12,9592
-12,7611
-12,4581
-11,7588
-10,6226
-9,36977
-7,87224
-6,08336
-4,3644
-2,63962
-1,42178
-0,536081
-0,186463
-0,419542
-1,06634
-2,14433
-3,3913
-4,76646
-6,10666
-7,34198
-8,21603
-8,67636
-8,85117
-8,77542
-8,32091
-7,54593
-6,57282
-5,26175
-3,58359
-1,87628
0,0699236
2,0744
4,23038
6,27565
8,16359
9,80679
11,1761
12,1842
12,7203
12,965
13,0524
12,866
12,4872
12,0968
11,6306
11,0771
10,6226
10,1098
9,43386
8,65305
7,87806
7,09725
6,09501
5,13939
4,16628
3,37382
2,593
2,06857
1,81801
1,85298
2,12684
2,70954
3,49618
4,50425
5,50649
6,51455
7,2371
7,83145
8,08201
7,83728
7,26041
6,31644
5,04616
3,6943
2,14433
0,547735
-1,04303
-2,59883
-4,11384
-5,62303
-7,03898
-8,39084
-9,71939
-10,9489
-11,9103
-12,7203
-13,2272
-13,3729
-13,3205
-13
-12,3998
-11,6656
-10,9897
-10,4478
-9,9175
-9,52127
-9,20661
-9,10173
-9,03763
-8,88613
-8,60061
-8,32674
-7,88389
-7,40025
-6,81756
-6,08336
-5,43656
-4,50425
-3,6302
-2,61631
-1,42761
-0,180636
1,1013
2,42402
3,61272
4,63244
5,37829
5,82114
5,85611
5,41326
4,84221
4,24203
3,44374
2,90183
2,93097
3,26893
4,02061
5,34333
7,07977
8,85117
10,6459
12,3998
13,5419
14,0954
13,9148
12,9417
11,2519
9,0959
6,29313
3,0242
-0,233079
-3,37964
-6,37471
-8,95605
-10,9314
-12,3415
-13,0466
-13,0699
-12,4464
-11,2752
-9,77766
-7,94799
-5,84445
-3,83997
-1,8355
-0,0233079
1,74809
3,38547
4,74898
6,01926
7,1089
8,11697
8,79873
9,28819
9,34063
8,91526
7,93633
6,48542
4,70819
2,43567
0,221425
-1,81801
-3,3913
-4,277
-4,46346
-3,85163
-2,27835
0,0874046
2,86687
5,83862
8,83951
11,5491
13,8682
15,5405
16,7992
17,4518
17,6441
17,6091
17,6382
17,4285
17,3119
17,3469
17,4634
17,6149
17,9995
18,3433
18,8444
19,3572
20,0098
20,8198
21,7637
22,6553
23,7857
24,7646
25,5396
26,0058
26,0873
25,8426
25,0618
23,8731
22,294
20,5517
18,8153
16,9215
15,1326
13,3729
11,8404
10,3604
8,8803
7,23127
5,50066
3,71178
1,63155
-0,623486
-3,00672
-5,44822
-7,94216
-10,1622
-12,359
-14,0547
-15,424
-16,1174
-16,4903
-16,1873
-15,1793
-13,6934
-11,6598
-9,16582
-6,41549
-3,44957
-0,5186
2,40071
5,05781
7,6042
9,8301
11,6481
13,2971
14,7597
16,0708
17,207
18,4191
19,6369
20,8897
22,1308
23,3254
24,38
25,1317
25,8543
26,1748
25,9592
25,4231
24,6714
23,5177
22,3523
20,9654
19,5844
18,5997
17,7548
17,2711
17,0148
17,1429
17,5916
18,1918
18,9726
19,7418
20,3303
20,8256
21,3209
21,6064
21,4025
20,9946
20,4177
19,4737
18,5239
17,51
16,4262
15,4007
14,7889
14,4043
14,4509
14,7889
15,7853
16,8516
18,0927
19,5961
20,7906
21,554
22,0026
22,09
21,6122
20,8606
19,6136
18,4249
17,0905
15,8435
14,7248
13,7691
13,1515
12,5047
11,8637
11,3509
10,6983
10,0515
9,13669
8,28595
7,35364
6,39219
5,57058
4,81308
4,09053
3,53114
2,99506
2,52308
2,10936
1,74809
1,33438
1,06634
0,874046
0,734198
0,536081
0,693409
1,00807
1,27028
1,50336
2,16763
2,77946
3,2398
3,66516
4,23038
4,80725
5,32002
5,97847
6,61361
7,41191
8,33257
9,07842
9,80679
10,5119
10,9256
10,8906
10,576
10,1214
9,33481
8,18689
7,17883
6,42132
6,03674
5,99013
6,55534
7,52845
8,79873
10,506
12,1376
13,5594
14,7364
15,3482
15,7386
15,762
15,4473
14,9637
14,6024
14,4101
14,1654
14,1712
14,3751
14,4451
14,2528
13,8682
13,1515
12,0036
10,71
9,10755
7,37694
5,65216
4,17794
2,91931
1,54415
0,559389
-0,308829
-1,37516
-2,38906
-3,43209
-4,62079
-5,88524
-7,26623
-8,55982
-9,80096
-10,844
-11,7413
-12,8135
-13,5652
-14,177
-14,8122
-15,4415
-16,0999
-16,7001
-17,3178
-17,7548
-18,1044
-18,355
-18,3375
-18,1277
-17,8247
-17,1429
-16,2223
-15,2434
-14,1304
-12,7552
-11,2344
-9,57371
-7,80231
-5,83862
-3,77588
-1,64321
0,705063
2,95427
5,1627
7,34781
9,22409
10,8615
12,0793
12,6387
12,8485
12,5746
11,8287
10,6634
9,18331
7,66829
6,1999
4,76063
3,44957
2,55221
1,95204
1,56746
1,41595
1,28776
1,22366
1,21784
1,00807
0,646794
0,180636
-0,297175
-0,96145
-1,54997
-1,87628
-2,14433
-2,33079
-2,12102
-1,59076
-0,868219
0,0757506
0,850738
1,68399
2,47646
3,12326
3,46705
3,50784
3,48453
3,25728
3,07081
3,00089
2,98924
3,14656
3,6302
4,65575
5,99013
7,52845
9,40473
11,6656
14,0605
16,502
18,9784
21,3384
23,5701
25,3182
26,6409
27,4509
27,649
27,2877
26,1922
24,7471
23,0748
21,0645
19,0775
17,3119
15,7678
14,5849
13,74
13,0699
12,9067
12,7611
12,5921
12,2133
11,7297
11,1528
10,2788
9,36394
8,55399
7,74404
6,93992
6,43298
6,18824
6,14745
6,2873
6,51455
6,89913
7,26623
7,66247
8,1228
8,6414
9,29402
9,9175
10,8323
11,887
13,0582
14,3227
15,4764
16,6535
17,6149
18,2792
18,7454
18,9202
18,8619
18,6463
18,2093
17,6907
17,2012
16,6768
16,2339
15,8435
15,5988
15,4182
15,4648
15,7736
16,0941
16,4962
17,0148
17,813
18,4249
18,7104
18,7395
18,4657
17,7664
16,5952
15,121
13,4836
11,7355
10,1855
8,96188
8,30343
8,07035
8,5773
9,64364
11,4092
13,7808
16,2165
18,8794
21,6938
24,4325
26,8449
29,0999
30,8422
32,2348
33,1671
33,6333
33,7498
33,4701
32,9224
32,1824
31,4773
30,8014
30,1196
29,5777
29,2397
29,0474
28,7037
28,4997
28,1559
27,6781
26,9497
26,1806
25,2774
24,2577
23,1972
22,3115
