500
3994
-5,7685
-3,58741
-1,66343
-0,978384
-0,314049
-0,384797
-1,21306
-2,11897
-3,50631
-4,58995
-5,27327
-5,28362
-4,83153
-3,43038
-1,49777
0,7903
3,37689
6,0998
8,38443
10,5086
11,9287
13,1297
14,1029
14,7016
14,9829
15,366
15,6731
15,894
16,2115
15,8992
15,4281
14,4376
12,7777
10,3136
7,93924
5,11797
1,9861
-0,517664
-2,61075
-3,86005
-4,51403
-4,17582
-3,05939
-1,47707
0,056943
1,5737
3,4718
4,47779
4,96439
5,10071
4,71246
4,08092
3,4787
2,43474
1,76868
1,06466
0,669512
-0,00172555
-0,00690218
0,0431386
-0,0552175
0,0983561
0,638452
1,21306
1,76178
2,74189
4,02052
5,33021
6,6261
8,01343
9,28516
10,6432
11,4076
11,9494
12,6206
12,9036
12,8898
12,5533
12,2169
12,1513
11,9097
11,4093
11,4663
11,4128
11,04
10,745
10,6156
10,2118
9,99263
9,28516
8,29642
7,78739
6,82453
6,18953
5,82199
5,57351
5,35092
5,48206
5,91862
6,38624
6,75206
6,87285
7,44573
7,54754
7,21623
7,17827
6,96258
6,70547
6,28961
5,75124
5,30778
4,80047
3,75996
2,67977
1,63064
0,50731
-0,512487
-1,20271
-1,5737
-1,58233
-1,13886
-0,388248
0,222595
0,528017
0,567704
-0,0897284
-1,81182
-4,07056
-6,64508
-9,96675
-12,7414
-15,0554
-16,5739
-17,0415
-15,9164
-13,9062
-10,9952
-7,46471
-3,28889
0,976659
4,41222
7,73562
10,4068
12,5982
14,2754
15,4868
16,1597
16,9656
17,3521
17,4867
17,6834
17,837
17,6144
16,9518
16,3495
15,347
13,9769
12,7293
10,9589
8,96593
6,86077
4,72972
2,23976
-0,243302
-2,80919
-5,21287
-7,30769
-9,44564
-10,9589
-12,0478
-12,4205
-11,9546
-10,8347
-8,91589
-6,33448
-3,34066
-0,155299
2,91617
6,07392
8,63463
11,059
12,8035
13,8475
14,5377
15,2694
15,4247
15,6524
15,6507
16,0493
16,0165
16,2426
16,6256
16,8016
16,8965
17,3141
17,7472
18,1769
18,931
19,7195
20,1388
20,5426
20,3494
19,9145
18,572
16,3772
14,0149
10,9348
7,82362
5,25601
3,14222
1,61684
1,27173
2,01371
3,38725
5,26119
7,34737
9,36799
10,2221
10,5707
9,70792
7,91508
5,48551
2,57451
-0,667786
-3,58741
-4,96785
-5,89964
-5,43719
-3,99981
-1,36491
1,72382
5,43892
8,74334
11,5249
13,7854
15,1158
15,7335
15,8164
15,5265
14,9915
14,3876
13,8803
13,5507
13,1607
12,9968
12,6931
11,6664
10,1945
8,70193
6,64508
4,33975
2,02234
-0,0224321
-2,13105
-3,58396
-4,66933
-5,97039
-6,85042
-7,55616
-8,49659
-9,35246
-10,0875
-10,374
-10,9313
-10,852
-10,0944
-8,84515
-7,5993
-5,37335
-3,50976
-1,91881
-0,412405
0,389973
0,83689
0,809281
0,226046
-0,848968
-1,87567
-2,94378
-3,7289
-4,32249
-4,60203
-4,71419
-4,59685
-4,45191
-4,12578
-3,8773
-3,48388
-3,26991
-2,94551
-2,4589
-1,57542
-0,816183
0,281264
1,86186
3,34066
4,79529
6,14639
7,08336
7,73735
7,5924
7,07646
6,23267
4,26382
2,33811
0,408954
-1,77386
-3,48388
-4,68658
-5,62355
-5,68395
-5,20942
-4,57615
-3,5736
-1,91536
-0,788574
0,388248
1,23549
1,69276
1,62029
1,06121
0,0534919
-1,08709
-2,66597
-4,47261
-5,98247
-7,56479
-8,69675
-9,29724
-9,59403
-9,34901
-8,83134
-8,06175
-7,26455
-6,4104
-5,63908
-5,3837
-5,6132
-5,82199
-6,3966
-7,21278
-7,84088
-8,29642
-8,28952
-7,78049
-6,69857
-5,15766
-2,86613
-0,0552175
2,67977
5,57351
8,77612
11,2954
13,3954
15,064
16,0786
15,8215
15,1883
14,1616
12,3877
10,2273
7,991
5,95313
3,70475
2,52447
2,0465
2,10344
2,66252
3,93252
5,74607
7,6735
9,88565
11,9287
13,4247
14,6982
15,4247
15,0882
14,1754
12,8363
11,0987
8,89519
6,66406
4,55026
2,70048
1,77041
1,24584
1,3511
2,08964
3,20261
4,44501
5,66669
6,70029
7,07991
6,37934
5,48378
3,8704
1,44083
-1,0405
-3,23195
-4,90228
-6,48633
-7,28353
-7,37153
-7,57342
-7,2007
-6,27926
-5,69257
-5,36817
-5,14213
-5,10589
-5,32331
-5,09899
-4,86086
-5,06965
-4,28453
-3,43038
-3,0939
-2,39506
-1,67378
-0,99564
-0,434837
0,115612
0,595313
1,13368
1,63754
2,65734
3,69094
4,44846
5,38543
6,22922
7,07474
7,42502
7,79429
7,78221
7,59585
7,66832
7,60793
7,1869
7,56997
7,91508
7,89955
8,32576
8,78648
8,79683
8,89174
8,77267
8,6329
8,37235
8,24121
8,11697
8,19807
9,21269
10,317
11,6302
13,8095
15,63
17,9854
20,0198
21,7591
22,6892
23,3156
23,3484
22,9411
21,5452
20,0681
18,4409
16,158
14,5826
13,1538
11,939
10,9244
10,4188
10,393
10,4827
10,921
11,5698
11,8649
12,1116
12,2807
12,0046
11,5008
11,0866
10,6104
10,6052
10,7605
11,5819
13,0727
14,8449
17,4988
19,9318
22,3165
24,5959
26,0195
26,9565
26,444
25,2534
23,4657
21,3036
18,7032
16,0528
13,5852
11,6888
10,317
9,18508
9,31795
9,60266
9,95122
10,9175
12,3187
13,5662
14,7413
15,6283
16,0942
16,4065
16,5048
16,1822
15,4816
14,712
13,6301
12,7483
11,9494
11,0797
10,5431
9,86149
9,00045
8,27054
6,7279
5,24911
3,54255
1,35283
-1,31141
-3,53909
-5,64944
-7,69766
-9,39905
-10,5448
-11,4076
-11,6371
-11,5404
-11,4542
-11,399
-10,9054
-10,6742
-10,4775
-10,1255
-9,28344
-8,51384
-7,31286
-5,67532
-3,66161
-1,37699
1,14749
3,36481
5,34747
6,95222
7,92371
8,56733
8,18771
7,44055
6,29134
4,60376
3,55635
2,51412
1,50122
0,990463
0,809281
0,345109
0,056943
-0,037962
-0,377894
-1,22859
-2,2225
-3,19571
-4,20515
-4,94541
-5,18009
-4,84878
-3,64953
-1,75661
0,636726
3,60121
6,62092
9,65788
11,9529
13,7215
14,3772
14,0201
12,876
10,852
8,09108
5,17146
2,13968
-0,693669
-3,05422
-5,09554
-6,29652
-7,04195
-7,45436
-6,93497
-6,86767
-6,62264
-6,00317
-5,59594
-5,32331
-4,7349
-4,31904
-3,90664
-3,60984
-2,6746
-1,69621
-0,835164
-0,0258832
0,919716
1,47879
1,76523
1,66343
0,974933
0,0172555
-1,20616
-3,11461
-5,11624
-7,0385
-8,90554
-10,2394
-11,2661
-12,1323
-12,4653
-12,4912
-11,8769
-11,1367
-10,1773
-9,31104
-8,37235
-7,53201
-6,67441
-5,64426
-4,97647
-4,39669
-3,91009
-3,83416
-3,81863
-3,99291
-4,52093
-5,21978
-5,83062
-6,56052
-7,22141
-7,64072
-7,56997
-7,15239
-6,43629
-5,22495
-3,88593
-2,43129
-0,781672
0,648805
1,39769
2,26219
2,81264
2,87476
2,78331
2,40023
1,77559
1,45463
1,27345
1,1889
0,819634
0,638452
0,469348
0,346835
0,229498
0,113886
0,0534919
-0,234674
-0,312324
0,115612
0,105258
0,723004
1,39424
1,9861
2,39333
3,02488
3,4925
3,7824
3,88593
3,9446
3,8773
3,90318
3,87385
3,77204
3,9446
4,07056
4,02052
4,20515
4,46054
4,77631
4,9713
5,21805
5,51312
5,71156
5,98764
6,0187
5,45963
4,79702
3,9515
2,7557
1,58923
0,640177
0,108709
0,056943
0,338207
1,64444
3,44246
5,34056
7,73735
9,58023
10,6794
11,2437
11,1039
10,2014
8,30505
6,29652
4,22241
2,08273
0,398601
-0,690218
-1,24239
-1,12678
-0,921441
-0,343384
0,402052
0,873126
1,1958
1,56334
1,89637
2,16556
2,57451
3,27336
3,98256
4,72454
5,85478
6,69857
7,29906
7,55444
7,268
6,54672
5,28017
3,71337
2,24148
0,45727
-1,22341
-2,73499
-3,83071
-4,86431
-5,33884
-5,66669
-5,82544
-5,88756
-5,67704
-5,46308
-5,32331
-4,85396
-4,49332
-4,56579
-4,42602
-4,5192
-5,0731
-5,46998
-6,08255
-6,80038
-7,3422
-7,49232
-7,54581
-7,12478
-6,36209
-5,23358
-3,88765
-2,58142
-1,63064
-0,667786
-0,18981
-0,200163
-0,381346
-0,907637
-1,55127
-2,02752
-2,44682
-2,37435
-2,09999
-1,29416
-0,386522
0,921441
2,58314
4,30351
6,08772
7,89265
9,50431
11,3644
12,8639
14,2012
15,1969
16,0303
16,2822
16,2771
16,1442
15,4039
14,7638
14,2133
13,7405
13,1763
13,0261
13,4455
14,1236
14,6119
15,4574
16,2581
17,0846
17,5022
17,5315
17,4332
16,9259
16,0165
14,6792
13,3109
12,0426
10,286
8,82099
7,54409
6,38452
5,3768
4,5123
3,99636
3,40795
2,95586
2,72119
2,18109
1,82218
1,29761
0,7903
0,310598
-0,0224321
-0,274362
-0,293343
-0,374443
-0,307147
-0,056943
0,0880028
0,443465
0,931795
1,11815
1,12333
1,63927
2,05512
2,46063
2,78158
3,32685
3,88938
4,13786
4,37081
4,3363
4,1068
3,55117
2,3709
1,36836
0,222595
-0,778221
-1,83253
-2,45027
-2,51412
-2,41749
-1,84806
-1,08192
-0,144946
0,659158
1,36146
1,8239
1,97575
1,92916
1,729
1,35455
0,771319
0,540096
0,414131
-0,0483153
-0,34856
-1,18718
-2,22423
-3,59086
-4,96094
-6,91944
-9,05739
-10,8882
-12,1962
-13,2211
-13,5248
-12,8985
-11,8372
-10,1893
-8,06865
-6,18263
-4,54854
-3,15085
-2,05167
-1,82563
-1,83598
-1,86704
-2,05685
-2,12415
-1,83943
-0,878303
0,384797
1,89637
3,64263
5,17491
6,65198
7,64934
8,01861
7,73562
7,2007
6,25855
4,89537
3,84452
2,8506
2,41059
2,03269
2,14485
2,32431
2,81436
3,42693
3,88075
4,1206
4,29488
4,40532
4,37253
4,51575
4,88675
5,30088
5,87376
6,98846
8,07038
8,91244
9,94259
10,8658
11,5594
12,1634
12,7052
13,0986
13,4731
13,9769
14,6136
15,2987
16,1701
16,8776
17,2572
17,4556
17,3849
16,7395
15,6179
14,3065
12,6137
10,6794
8,7882
7,1127
5,49931
4,25174
3,37862
2,70048
2,31223
2,20007
2,07411
1,8843
1,65997
1,32177
0,698846
-0,00690218
-0,500408
-1,25447
-1,90155
-2,08791
-2,03614
-1,80837
-1,20098
-0,360639
0,415856
1,44083
2,41231
3,10771
3,44074
3,62365
3,49941
3,18881
2,73154
2,48651
2,17074
1,93606
2,04822
2,25011
2,54173
3,13359
3,59604
3,84106
4,02052
4,13613
3,94287
3,7289
3,57878
3,20434
3,12496
3,25265
3,52702
3,86695
4,77113
5,82544
6,65715
7,49577
8,32231
8,70193
8,70193
8,41721
7,65625
6,17918
4,49332
2,48479
0,26746
-1,78594
-3,45627
-4,89882
-5,73054
-6,01525
-5,31123
-4,49677
-3,20261
-1,37526
0,39515
1,92398
3,02316
3,83244
4,22241
4,49332
4,59168
4,44501
4,59513
5,08173
5,68567
6,77967
8,01171
9,14539
10,1497
11,0124
11,0901
10,5724
9,68376
8,29815
6,262
4,01017
1,97748
-0,0224321
-1,75488
-2,87303
-3,50631
-3,86522
-3,73236
-3,27509
-2,76087
-2,10171
-1,47016
-0,947325
-0,748887
-0,303696
-0,056943
0,125965
0,396875
0,536645
1,16819
1,79457
2,48479
2,99037
3,5667
4,47089
5,1473
5,60112
6,10498
6,53982
6,70547
6,98328
7,23176
7,40949
7,51475
7,75115
7,87712
7,81672
7,99445
8,19634
8,02034
7,90818
7,86676
7,69248
7,38188
7,02642
6,74688
6,19816
5,77195
5,34401
4,8367
4,61583
4,22931
3,86005
3,61329
3,53909
3,30442
3,10253
2,68322
2,13968
1,76523
1,38906
1,03533
0,593588
0,424484
0,705748
1,26482
2,03614
3,27163
4,57787
5,90999
7,22141
8,41549
9,18163
9,7131
10,0824
9,90808
9,42148
9,05049
8,59494
8,13767
7,96857
8,03932
8,42239
8,86758
9,81145
10,9727
12,298
13,97
15,611
17,3297
19,0776
20,7152
21,7954
22,7461
23,2638
23,0412
22,2509
20,6789
18,9172
17,0208
14,8552
13,0486
11,5094
10,424
10,0755
10,2204
10,7191
11,6285
12,6017
13,2953
13,8855
14,0874
13,6663
13,0727
12,3221
11,3696
10,4378
9,65788
9,04186
8,62255
8,50349
8,70193
8,74852
8,81754
9,02978
9,04876
8,83307
8,79856
8,71228
8,35509
8,52765
8,60012
8,66396
8,97456
9,42493
9,83388
10,16
10,1186
10,0996
9,51638
8,83997
8,04277
7,01952
5,91862
5,24911
4,8298
4,67623
5,11279
6,04631
7,06783
8,3689
9,4905
10,1911
10,6501
10,5897
9,98228
8,74334
7,268
5,87031
4,29488
3,09045
2,26564
1,65135
1,44428
1,63754
1,81182
1,86186
2,04132
1,99991
1,79112
1,59268
1,53746
1,5133
1,73245
2,03097
2,84715
3,722
4,68831
5,5459
6,12569
6,50703
6,78657
6,63472
6,13949
5,75642
5,27327
4,53818
4,01534
3,51321
2,97139
2,36055
1,729
0,693669
-0,338207
-1,25792
-2,23803
-3,33548
-3,96703
-4,30351
-4,39324
-3,72028
-2,50032
-1,32004
0,44174
2,45718
4,30179
5,73571
6,90391
7,57687
7,64072
6,99019
5,56488
3,92389
1,96195
-0,502134
-2,72981
-4,79702
-6,49668
-7,69938
-8,60702
-8,96766
-8,73299
-8,23775
-7,53718
-6,37589
-5,00926
-3,6271
-1,92916
0,105258
1,77386
3,79793
5,75124
7,41467
8,75197
9,8149
10,0875
9,89083
9,44391
8,2136
6,52946
5,07483
3,64608
2,23631
1,19235
0,764417
0,96458
1,4115
2,18972
3,33203
4,63999
5,73399
6,28444
6,69857
6,58813
5,82199
4,33975
2,10171
-0,474525
-3,53564
-6,87802
-10,3326
-13,4196
-16,2926
-18,6635
-20,2234
-21,2173
-21,559
-21,0171
-19,9732
-18,6946
-17,1019
-15,3436
-13,8579
-12,5378
-11,5301
-10,9331
-10,7709
-10,6794
-10,9089
-11,311
-11,5197
-11,3541
-11,0124
-10,217
-8,73989
-6,84179
-4,74698
-2,37435
-0,231223
1,83425
3,42866
4,33284
4,49677
3,98428
3,18363
1,98955
0,607392
-0,707474
-1,74453
-2,70048
-3,07147
-2,99555
-2,78848
-2,12587
-1,16474
0,0414131
1,28726
2,87994
4,69176
6,42248
8,20324
9,81145
10,8796
11,3662
11,1539
10,1151
8,11352
5,61838
2,57106
-0,755789
-3,77377
-6,28789
-8,15493
-9,07637
-8,70365
-7,38016
-5,24221
-2,61075
0,52284
3,50113
6,31722
8,7071
10,3032
11,1401
11,5146
11,235
10,3291
9,30587
8,1532
6,7952
5,64944
4,80737
4,25692
3,74616
3,57015
3,42348
3,28026
3,29924
2,87648
2,30015
1,60648
0,843792
-0,0811006
-1,12506
-1,78249
-2,58659
-3,32513
-3,75651
-4,15166
-4,69003
-5,11107
-5,18354
-5,51484
-5,8496
-6,05321
-5,88066
-5,8634
-5,46825
-4,95749
-4,58305
-4,16374
-4,05331
-4,51575
-5,35264
-6,36381
-7,9703
-9,82181
-11,7492
-13,5369
-15,1227
-16,3737
-16,8845
-16,9121
-16,1891
-15,1589
-14,1236
-12,7604
-10,9589
-9,35591
-7,98755
-6,85042
-5,7616
-5,10071
-4,5054
-3,82036
-3,58913
-3,61329
-3,42521
-3,31822
-3,30787
-3,19226
-2,74017
-2,16038
-1,63927
-0,747161
0,113886
0,83689
1,71002
1,8912
2,10171
1,87739
1,19063
0,177731
-0,940422
-2,50722
-3,74271
-4,89365
-5,6943
-6,34828
-6,58986
-6,52084
-6,28099
-6,01008
-5,64081
-5,01789
-5,04722
-5,18872
-5,56834
-6,05494
-6,98328
-8,02034
-9,20751
-10,7536
-11,9718
-12,807
-13,5127
-14,0477
-14,1581
-13,6698
-12,9899
-11,9925
-10,6104
-9,39214
-8,37062
-7,18172
-6,65198
-6,42248
-6,57778
-6,94532
-7,67868
-8,4707
-9,29034
-9,75451
-10,0064
-10,0099
-9,48187
-8,81064
-7,65279
-6,42421
-5,20942
-4,00154
-3,09735
-2,72636
-2,69185
-3,0732
-3,7824
-4,95577
-6,13086
-7,50612
-8,91417
-9,91844
-10,8571
-11,713
-12,5206
-12,8156
-12,7811
-13,4213
-13,6939
-13,9562
-14,4687
-14,869
-14,8311
-15,1106
-15,1503
-14,7534
-14,5653
-14,4877
-14,1874
-14,0701
-14,0045
-14,0874
-14,1667
-13,9976
-13,7578
-12,9468
-11,5681
-10,0185
-7,85468
-5,49414
-3,09563
-0,776496
1,37526
2,70566
3,5529
4,1206
3,96185
3,68059
3,50286
3,21297
3,05249
3,45454
4,32767
4,9713
5,57869
6,60194
7,17827
7,22831
7,02297
6,47252
5,41304
4,35355
3,54772
2,66079
2,05685
1,86359
1,99301
2,27254
2,46063
2,66252
2,58314
2,10171
1,22169
-0,0672963
-1,78594
-3,23367
-4,84533
-6,16537
-6,63817
-6,57433
-6,34138
-5,35954
-3,99981
-2,97657
-2,17419
-1,99128
-2,56589
-3,88938
-5,84787
-8,53455
-11,5008
-14,2616
-16,5808
-18,1786
-19,1277
-18,9085
-18,0647
-16,2132
-13,7681
-11,204
-8,6329
-6,07047
-3,58741
-1,41322
0,282989
1,6755
2,9317
3,68749
4,25347
4,53473
4,39669
4,14649
3,71683
3,04214
2,46408
2,12932
1,8981
1,78076
2,29843
2,92653
3,4856
3,97221
4,42085
4,50367
3,97048
3,08355
1,53574
-0,232949
-2,25011
-4,26727
-6,07219
-7,95477
-9,01425
-9,77522
-9,84424
-9,65615
-8,91935
-7,89437
-6,61574
-5,32331
-4,15166
-2,98002
-2,04995
-1,55817
-1,42875
-1,46326
-2,30878
-3,32685
-4,43465
-5,7754
-7,67868
-9,64753
-11,3403
-13,0469
-14,6326
-15,8957
-16,8189
-17,4384
-17,6282
-17,2986
-16,8206
-16,1925
-15,2901
-14,6119
-13,8061
-13,3747
-13,1366
-13,354
-13,5662
-13,6715
-13,9855
-14,1305
-13,7785
-13,3609
-12,9433
-11,9684
-10,8382
-9,48187
-8,24466
-7,19553
-6,21887
-5,28707
-4,4174
-4,11888
-3,68577
-3,59949
-3,80655
-4,31559
-4,32249
-4,4381
-4,96612
-5,38888
-5,32676
-5,11452
-4,78494
-4,1137
-3,36826
-2,76605
-2,23113
-1,68068
-1,44946
-1,39252
-1,92571
-2,75397
-3,83761
-4,94541
-6,33965
-8,12905
-9,58886
-10,7381
-11,9304
-12,5723
-12,5482
-12,1513
-11,2833
-9,81145
-8,04104
-6,20506
-4,39842
-2,85923
-2,22768
-2,15176
-2,64008
-3,91354
-5,63563
-7,31286
-8,97284
-10,5431
-11,1384
-11,0918
-10,7346
-9,7407
-8,84342
-7,81154
-7,06611
-6,62092
-6,66751
-7,27317
-8,03932
-8,88311
-9,26963
-9,30759
-8,76405
-7,78221
-6,48115
-4,69521
-3,01625
-1,97575
-1,29243
-1,37008
-2,15348
-3,46835
-5,08173
-7,06438
-8,86413
-9,94777
-10,4171
-10,5379
-9,63027
-8,19634
-6,58468
-5,00581
-3,36481
-2,15176
-1,64272
-1,20616
-1,48915
-2,03959
-2,33811
-2,73326
-2,69875
-2,1276
-1,16129
0,125965
1,95849
3,99981
5,9376
7,63554
9,2472
10,443
10,9037
11,0228
11,2488
11,04
10,5362
10,217
10,0392
9,70274
9,69066
9,43528
9,01252
8,57424
8,09108
6,97293
5,49931
4,15856
2,50549
0,690218
-0,855871
-1,91708
-2,69185
-2,99037
-2,41231
-1,6755
0,176006
2,69703
5,41649
8,26536
11,3662
14,1236
16,579
18,3667
19,3865
19,4969
18,7481
17,2347
15,0053
12,084
9,24375
6,43629
3,32858
0,869675
-1,07156
-2,75915
-4,14821
-4,96094
-5,77885
-6,45699
-6,77794
-6,97811
-7,2611
-7,22486
-6,79347
-6,30859
-5,44065
-4,22759
-2,74189
-1,56162
-0,34856
0,655707
1,09572
1,34075
0,997365
0,11216
-1,24757
-2,50204
-3,80483
-5,46135
-6,97983
-8,21015
-9,61992
-10,7398
-11,1746
-11,3127
-11,147
-10,8105
-9,49395
-7,89092
-5,58904
-3,27163
-0,72818
1,85841
4,33457
6,05149
7,29906
7,88919
8,01688
7,28698
6,3362
5,50794
4,44501
3,56843
3,03006
2,79366
2,70393
3,04559
3,21642
3,18708
3,00245
2,73154
2,21905
1,41667
0,500408
-0,324403
-1,11125
-1,43393
-1,61511
-1,63237
-1,52538
-1,46326
-1,89637
-2,4658
-3,21642
-3,98946
-5,42339
-6,75724
-8,02379
-9,02633
-9,44909
-9,67686
-9,64925
-9,33175
-8,89346
-8,58631
-8,5449
-8,80201
-9,30759
-10,3119
-11,0366
-11,8114
-12,2341
-12,3808
-12,015
-11,4628
-9,93397
-8,46035
-6,74516
-5,23531
-3,6478
-2,24666
-0,824811
0,274362
1,31659
1,98093
2,50377
2,92653
3,21642
3,18191
3,10943
2,65216
1,82045
1,05776
0,60049
0,0310598
-0,217419
-0,229498
-0,248479
0,0500408
0,384797
0,683316
0,767868
0,705748
0,49178
-0,0638452
-0,714376
-1,60821
-2,55208
-2,98347
-3,84106
-4,35528
-4,8091
-5,11107
-5,73744
-6,04286
-6,3155
-6,45872
-6,70892
-6,79692
-6,65198
-6,34483
-6,0187
-5,43892
-4,62619
-4,23794
-3,57015
-3,19571
-3,30442
-3,72373
-4,43465
-5,42166
-7,12823
-8,61047
-10,2946
-11,782
-12,8398
-13,3488
-13,1538
-12,6552
-11,5387
-9,86149
-7,98928
-6,15847
-4,60721
-3,24057
-2,64871
-2,79538
-3,13704
-4,10335
-5,0524
-5,9238
-6,77449
-7,33529
-7,24384
-6,68994
-5,79783
-4,46571
-3,01453
-1,48224
-0,0845517
0,778221
1,47879
1,91363
2,01889
1,96885
1,87394
1,817
1,82908
1,81355
2,38298
2,76432
3,42693
3,80828
4,24657
4,48469
4,18962
4,16719
3,95322
3,57706
3,14912
2,92998
3,13704
3,68749
4,72282
6,03596
7,68213
9,55262
11,4697
12,9882
14,4722
15,4108
15,6024
15,0416
13,8216
11,9132
9,20751
5,98592
2,54345
-0,861047
-4,24484
-7,28353
-9,92016
-11,9339
-13,1072
-13,7509
-13,7112
-12,7673
-11,7613
-10,3757
-8,7071
-6,58468
-4,64344
-2,96966
-1,24067
-0,0500408
0,814458
1,47534
1,57542
1,20098
0,517664
-0,362365
-1,42185
-2,44165
-3,01108
-3,19744
-3,03696
-2,02234
-0,593588
1,01462
3,0128
4,904
6,45527
7,3422
7,86676
7,49577
6,28444
4,65207
2,65907
0,476251
-1,47362
-2,62283
-3,48388
-3,47007
-2,78848
-1,6548
-0,120788
1,56334
3,21297
4,24829
4,82808
4,79184
4,0326
2,84888
1,26655
-0,591862
-2,68322
-4,35183
-5,86685
-7,28698
-8,18599
-8,56216
-8,6864
-8,28607
-7,30078
-6,34828
-5,11452
-3,50113
-2,00681
-0,752338
0,110435
0,377894
-0,0828262
-0,828262
-1,88947
-3,69094
-5,66669
-7,28698
-8,5311
-9,53536
-10,0979
-10,1324
-9,84941
-9,8149
-9,64753
-9,8753
-10,8968
-12,2393
-13,5869
-15,2987
-16,8862
-18,1182
-18,9172
-19,2795
-18,8723
-18,1803
-17,4694
-16,5117
-16,1011
-16,4669
-16,9483
-18,0475
-19,6833
-21,2397
-22,4079
-23,3156
-23,6486
-22,8721
-21,5641
-19,3744
-16,8154
-14,4152
-12,3221
-10,6501
-9,54917
-9,40422
-10,4844
-12,3463
-14,448
-17,0432
-19,6729
-21,6314
-23,1654
-23,9126
-23,3328
-22,0715
-20,3545
-17,906
-15,19
-12,6569
-10,4723
-8,77958
-7,81672
-7,41122
-7,19035
-7,53373
-7,77876
-7,57342
-7,31631
-6,721
-5,67532
-4,54336
-3,51666
-2,63491
-2,16901
-2,56761
-3,49596
-4,89365
-6,81936
-8,82962
-10,9158
-12,5758
-14,0218
-15,0882
-15,4799
-15,5213
-15,4971
-15,1658
-14,8518
-14,8414
-14,7413
-14,574
-14,6671
-14,6016
-14,215
-13,7888
-13,4351
-12,7777
-12,122
-11,6854
-11,3213
-11,0366
-11,1677
-11,5215
-11,7734
-12,1806
-12,6465
-12,8967
-13,0745
-13,1487
-13,0399
-12,857
-12,5723
-12,1582
-11,5163
-11,097
-10,5966
-9,89428
-9,11951
-8,51212
-7,50785
-6,65543
-6,04114
-5,36472
-4,82117
-4,48987
-4,28971
-4,10852
-4,1068
-4,41395
-4,57787
-4,83843
-5,4579
-5,90309
-6,20851
-6,66923
-6,90218
-7,02124
-6,9574
-7,06956
-7,01952
-6,67096
-6,65715
-6,86077
-6,86077
-7,21278
-7,89092
-8,47588
-9,11778
-10,1341
-10,8243
-11,2316
-11,5991
-11,6267
-11,323
-10,8485
-10,1324
-9,12469
-8,14112
-7,2611
-6,36209
-5,77885
-5,47516
-5,69257
-6,00145
-7,04885
-8,55353
-9,4974
-10,9624
-12,1254
-12,7397
-13,0538
-12,7173
-11,6474
-10,0841
-8,21532
-6,23267
-4,18272
-2,52275
-1,50295
-0,916265
-0,678139
-1,05086
-1,73245
-1,99301
-2,40714
-2,68495
-2,18109
-1,5668
-0,869675
-0,0707474
0,676414
1,094
0,954227
0,367541
-0,607392
-1,98265
-3,65298
-4,93333
-6,61229
-7,7408
-8,2947
-8,85895
-8,50349
-7,48197
-6,75033
-5,3768
-3,64263
-1,77214
0,018981
1,92571
3,56843
4,91608
6,01008
6,92807
7,23866
7,07991
6,92979
6,53982
5,70293
5,09209
4,53646
4,05848
3,79965
3,8031
3,73408
3,63572
3,9584
4,05848
4,05848
4,10507
4,23794
4,181
3,86522
3,89283
3,722
2,90927
2,20352
1,20616
-0,25193
-1,63064
-3,546
-5,33194
-6,72618
-7,65452
-7,9979
-7,7339
-6,40523
-4,55026
-2,16901
0,741985
3,75479
6,18263
8,15665
9,60956
10,0444
9,38007
8,37235
6,76241
4,81082
3,03006
1,67896
0,754063
0,667786
1,53228
2,61765
4,40359
6,46734
8,49486
9,98056
11,2333
11,9494
11,7406
10,94
9,94432
8,46035
6,37244
4,22586
1,95332
0,0603941
-1,88084
-3,9446
-5,77022
-7,50095
-8,62255
-9,7338
-10,4706
-10,5621
-10,481
-10,1566
-9,08672
-7,77531
-6,6261
-5,32848
-3,94805
-2,8506
-1,86014
-0,974933
-0,635001
-0,56943
-0,414131
-0,276087
-0,238125
-0,193261
0,169103
0,674688
1,52366
2,93343
4,48297
6,02215
7,73044
9,29897
10,2756
10,8554
11,0297
10,4758
9,19026
7,09372
4,78839
2,33121
0,056943
-1,98955
-4,02052
-5,24911
-5,96521
-6,633
-6,74343
-6,41385
-6,14639
-6,0187
-5,75469
-5,48033
-5,47516
-5,64426
-5,52347
-5,56316
-5,51484
-5,11969
-4,77286
-4,33284
-3,55635
-2,55553
-1,32177
0,157025
1,85669
3,48043
5,11797
6,92461
8,91417
10,6397
12,1789
13,4627
15,0053
16,0355
16,9725
18,1907
19,1518
20,0836
20,8515
21,4019
21,911
22,1871
21,9765
21,6056
21,0499
19,8576
18,453
17,1588
15,8612
14,3945
13,0883
12,0063
10,6345
9,38697
8,20497
6,43801
4,37598
2,23113
0,0741985
-2,41059
-5,10761
-7,36981
-9,66478
-11,4317
-12,26
-13,121
-13,4403
-13,6249
-13,1866
-12,8657
-12,8985
-12,4653
-12,2255
-12,0184
-11,5008
-10,7191
-9,54054
-7,79429
-5,53728
-3,19744
-0,272636
2,82127
5,41821
7,74943
9,46979
10,4344
10,4568
9,66823
8,65016
7,07129
5,44065
4,05676
3,00072
2,85233
3,8031
5,10416
6,76759
9,12814
11,782
13,599
15,3125
16,315
15,7767
14,9173
13,3247
11,2005
8,60357
6,15675
3,81173
1,80665
0,443465
-0,571156
-1,14059
-1,31487
-1,2769
-1,35283
-1,75143
-1,84288
-2,48133
-3,78585
-5,10244
-6,50876
-7,95304
-9,54744
-10,8123
-11,87
-12,8657
-13,4437
-13,5076
-13,6473
-13,7768
-13,2039
-12,8829
-12,329
-11,4404
-10,4137
-8,99699
-7,05921
-4,80737
-2,46926
0,320951
2,98174
5,67532
8,03241
10,0358
11,4231
12,2186
12,4843
12,1461
11,097
9,90463
8,2205
6,04114
3,69784
1,65307
-0,904186
-3,3096
-5,26637
-6,71927
-8,00308
-8,77267
-8,66914
-8,626
-7,95304
-6,73653
-5,75469
-5,05412
-4,5123
-4,12405
-4,75733
-5,74262
-6,81936
-8,03759
-9,55262
-10,9469
-12,3031
-13,5386
-14,3514
-14,8466
-15,2331
-15,649
-15,6024
-15,3643
-14,7655
-13,6439
-12,0995
-10,1479
-7,27835
-4,16029
-0,659158
3,05939
6,78139
9,84596
12,493
14,2547
15,3349
15,9337
15,6317
15,0692
13,6749
12,7397
11,6215
10,1134
8,7813
7,5251
6,03078
4,13096
2,0465
-0,11216
-2,64871
-5,25256
-7,43538
-9,55607
-11,1626
-12,1151
-12,9416
-13,511
-13,7198
-13,8924
-14,5394
-15,4298
-16,7447
-18,4426
-20,4615
-22,3199
-24,4027
-26,1972
-27,3344
-27,9211
-28,2213
-27,8279
-27,2429
-26,1627
-25,2534
-24,8289
-24,3336
-24,118
-24,0179
-23,904
-24,0765
-24,0541
-23,7487
-22,9722
-21,8903
-20,3407
-18,7722
-16,8551
-14,7655
-12,8139
-11,2954
-9,57505
-8,31195
-7,31631
-6,52084
-5,83925
-5,31468
-5,04204
-4,78321
-4,64517
-4,51748
-4,48642
-4,45708
-4,65725
-4,79184
-4,63136
-5,01271
-5,66842
-6,32585
-7,21796
-8,03414
-9,35073
-10,7484
-11,8372
-13,0934
-13,8803
-14,7344
-15,3936
-15,6852
-15,8336
-16,2598
-16,8689
-17,8974
-19,2036
-20,7583
-22,4959
-24,6132
-26,1455
-27,0548
-27,469
-27,186
-26,0005
-24,0817
-21,7643
-19,2243
-16,9
-15,2901
-14,4601
-14,0494
-14,8207
-16,51
-18,4806
-20,8411
-23,0636
-24,9152
-25,947
-26,1817
-26,0022
-25,2396
-23,6434
-21,6004
-19,6419
-17,3348
-15,6559
-13,9424
-12,4118
-11,2661
-10,3205
-9,38007
-8,46553
-7,63899
-6,84006
-5,85823
-5,23876
-4,40877
-3,85142
-3,35274
-3,01453
-2,97484
-3,04214
-3,52529
-4,0464
-4,77976
-5,58559
-6,04286
-6,15847
-6,54154
-6,1809
-5,27154
-4,23967
-2,64181
-1,17337
0,239851
1,86531
2,88511
4,19825
5,04032
5,72363
6,55362
7,58032
8,73471
10,5672
13,0641
15,6162
18,0458
20,8895
23,2845
25,0049
26,211
26,7132
26,1731
25,1585
23,6555
22,3148
20,8256
19,4055
18,7084
18,3132
18,2545
18,5065
18,4444
18,4737
17,8784
16,8413
15,397
13,5645
10,8813
8,35164
5,93243
3,65643
1,83943
0,243302
-0,419308
-0,655707
-0,241576
0,681591
1,53228
3,13877
4,53128
5,89446
7,14376
8,32231
9,78384
10,7881
11,7147
12,9554
13,8337
14,6344
15,8267
16,7792
17,6075
18,3201
19,1001
20,094
20,8774
21,8937
22,9101
23,5968
24,6149
25,5087
26,054
26,2973
26,3025
25,6157
24,9755
24,042
22,6788
21,3277
20,2648
19,7385
19,1743
18,9586
19,3623
19,6988
20,5702
21,0275
21,3812
21,7367
21,8765
21,4951
20,515
19,6246
18,4927
16,8379
15,3384
13,9165
12,1237
10,5103
9,09535
7,76841
6,55707
5,78058
5,3026
4,75905
4,40359
4,88502
5,07138
5,10589
5,45963
6,01525
6,03596
6,11016
6,26028
6,28271
6,174
6,52601
6,98156
7,84606
9,15402
11,0021
12,669
14,8224
17,2399
19,3969
21,471
23,3432
24,4631
25,2637
25,9505
25,7072
25,2085
24,5217
23,6831
22,439
21,2415
20,3476
19,4969
18,6635
18,1803
17,8214
17,2641
17,0156
17,1053
16,8586
16,6032
16,46
16,1252
15,3901
14,8915
14,429
13,5404
12,3653
11,5888
10,569
9,27826
8,29987
7,49922
6,72618
6,85732
7,34737
7,87194
9,15229
10,9124
13,0175
14,7741
16,636
17,9077
18,7895
19,207
19,0414
18,3253
17,8301
17,2434
16,7775
16,6067
17,0553
18,0061
19,1639
20,6099
22,2716
23,2
24,2681
25,1257
25,3069
25,1326
24,7478
23,7159
21,8765
19,7144
17,2417
13,9113
9,98056
6,11533
2,03959
-2,31741
-6,11361
-9,44736
-11,8459
-13,2246
-13,744
-13,0589
-11,6492
-9,36799
-6,80383
-4,20688
-1,46326
0,576332
2,0534
2,74017
2,80919
1,96712
0,324403
-2,07411
-5,01789
-8,51384
-11,6509
-14,5325
-17,5643
-19,371
-20,7807
-21,8765
-21,6918
-20,9119
-20,0163
-18,6635
-17,0277
-15,9716
-15,0864
-14,6223
-14,6602
-15,0174
-15,8595
-16,7223
-17,4815
-18,2235
-18,7429
-19,0155
-18,7273
-17,7214
-16,8379
-15,592
-14,0114
-12,3238
-10,6932
-9,27136
-7,76323
-6,32067
-5,38025
-4,16202
-3,20779
-2,37435
-1,59958
-0,688493
-0,512487
-0,481427
0,314049
0,509036
0,493506
1,03878
1,22686
1,41667
1,98093
2,20007
2,47443
2,71256
2,65389
2,26392
1,81527
0,93352
-0,422759
-1,78249
-3,06112
-4,24657
-5,76505
-6,6537
-6,92116
-7,53546
-7,54409
-7,12823
-6,79865
-6,58813
-6,46389
-6,26718
-6,46044
-7,08509
-7,58377
-8,45345
-9,34038
-10,2118
-10,8778
-11,2385
-11,1108
-11,0107
-10,443
-9,61647
-8,45517
-7,45091
-6,63472
-5,93243
-5,43029
-5,10071
-5,20079
-5,05585
-5,10244
-5,01098
-4,97647
-4,4985
-4,02225
-3,42521
-3,17673
-3,12151
-3,0939
-3,75134
-5,10244
-6,61229
-8,03069
-9,68549
-11,0935
-11,8096
-12,3808
-12,4567
-11,8321
-10,745
-9,45426
-8,19289
-7,0523
-6,37762
-6,11361
-6,07219
-6,04804
-6,02733
-6,16537
-6,12914
-5,67014
-5,02479
-3,87903
-2,73326
-1,87567
-0,921441
-0,0448642
0,469348
0,719553
1,0267
1,28035
1,50468
2,26737
2,80574
3,91181
4,84533
5,7012
6,49668
6,74688
6,65888
6,11533
4,95059
3,78757
2,65216
1,4995
0,548723
0,139769
-0,0845517
0,0690218
0,45727
0,495232
0,595313
0,74371
0,105258
-1,19235
-2,26046
-3,68059
-4,80047
-5,67704
-6,53464
-6,52429
-6,36726
-5,44065
-4,21723
-3,03351
-1,35628
0,0293343
1,03015
1,98265
2,54691
2,64354
2,80746
2,71428
2,57624
2,38125
2,1483
2,31741
2,49169
2,75915
3,41658
4,02397
4,44501
5,02651
5,29397
5,29397
5,12314
4,31041
2,75397
1,47016
-0,253655
-2,59522
-5,00581
-6,86422
-8,7002
-9,90118
-10,8105
-11,1902
-10,8744
-10,1635
-9,05394
-8,19634
-7,36635
-6,39487
-6,36036
-6,66061
-7,21796
-7,90818
-9,0246
-9,82871
-9,99436
-10,053
-9,26618
-7,45953
-5,4579
-3,20089
-0,776496
1,14231
2,31051
3,02488
2,45027
0,971482
-1,02152
-3,40795
-6,26028
-8,42411
-9,8822
-10,6949
-10,9969
-10,2083
-9,02288
-8,00308
-6,88493
-6,30687
-6,05149
-6,68131
-7,86504
-9,5716
-11,5957
-13,2919
-14,6878
-15,9768
-16,7274
-16,6619
-16,1649
-15,5834
-14,5291
-13,2953
-12,2531
-11,0349
-9,76486
-8,93488
-8,13422
-6,93497
-5,92897
-4,95404
-3,80655
-3,04386
-2,21387
-1,22514
-0,429661
-0,279538
-0,155299
-0,200163
-0,63155
-1,83598
-2,94206
-4,29833
-5,7685
-7,00917
-8,16011
-8,51557
-8,58114
-7,49922
-5,80474
-3,87558
-1,21478
1,49605
3,7082
5,6063
6,91944
7,29216
6,77277
5,70638
4,21378
2,43129
0,769593
-0,258832
-1,07501
-1,09745
-0,281264
0,676414
1,96367
3,62192
5,4579
6,84869
8,12214
9,34383
9,60094
10,0962
10,7398
10,8865
10,657
11,078
11,3575
11,3006
11,2212
11,3403
11,5059
11,4248
11,5404
11,3023
10,9865
10,8209
10,4361
9,77694
8,65879
7,64072
6,50703
5,07656
3,75996
2,47616
1,30279
0,452093
-0,115612
-0,736808
-1,24584
-1,57197
-2,32949
-3,40623
-4,38116
-6,04114
-8,33266
-10,355
-12,4377
-14,888
-16,9276
-18,6169
-20,2096
-21,5728
-22,5356
-23,3915
-23,8608
-24,1887
-24,3423
-24,1231
-23,9092
-23,0705
-21,7263
-20,1872
-17,9163
-15,7887
-13,6594
-11,2333
-9,11261
-7,49577
-6,17055
-5,21115
-4,81772
-4,49505
-4,03778
-3,64953
-3,26646
-2,42094
-1,37526
-0,869675
-0,0793751
0,540096
0,370992
0,162201
-0,314049
-1,15266
-1,91708
-2,23976
-1,96885
-1,15957
0,509036
2,72291
5,28707
7,80809
9,66478
10,9037
11,273
10,1376
8,10316
5,03169
1,43048
-2,33294
-5,98592
-8,74679
-10,5258
-11,6768
-11,5491
-10,5034
-8,97801
-7,05058
-5,00581
-2,86786
-1,24067
0,153574
1,45118
2,47961
2,80574
3,39587
3,42521
3,31305
2,70393
1,8032
0,707474
-0,705748
-2,12242
-3,49768
-4,67623
-5,40268
-5,70983
-5,5321
-4,46399
-3,10598
-1,54091
-0,103533
1,39769
2,88166
3,45627
4,12751
4,14476
3,70475
3,21642
2,62801
1,94642
1,61856
1,12506
1,00599
0,96458
1,17165
1,51158
1,84461
2,15521
2,43992
2,62455
2,7557
2,97829
3,14912
3,65643
4,23967
5,03514
5,77885
6,86249
8,09626
9,17473
9,9564
10,4154
10,619
10,2187
9,68894
8,68295
7,16101
5,65634
4,65897
3,48043
2,11552
1,77214
1,38044
1,01807
0,833439
0,705748
0,636726
0,495232
0,336481
0,338207
0,443465
0,990463
1,69276
2,6073
3,90491
5,28707
6,53292
7,57515
8,13422
8,22395
7,91508
6,89873
5,63391
4,55544
3,38725
2,41749
1,77559
1,68068
2,3778
3,22332
4,4916
5,92207
7,23176
8,23085
9,261
9,82871
9,87875
9,68204
9,40767
8,71401
7,54409
6,27408
5,18009
3,69439
2,26392
0,510761
-1,21996
-2,67287
-3,82726
-5,09381
-6,07565
-6,72618
-7,08509
-7,23176
-7,02297
-6,8763
-6,63472
-6,43111
-6,36554
-6,38279
-6,61057
-7,18862
-7,68558
-8,29297
-8,81064
-9,25065
-9,72517
-9,70965
-9,085
-8,20497
-6,83661
-5,14385
-3,10598
-0,82136
1,18545
3,29234
5,68912
7,79601
9,83216
11,7389
13,4679
15,045
16,4289
17,183
17,7162
17,3797
16,1528
13,9838
11,4231
7,92371
4,32077
0,893833
-2,0603
-4,04123
-4,92643
-4,52956
-2,8506
-0,372718
2,54691
5,82199
9,28689
11,8338
13,5921
14,4963
14,6965
14,2634
13,0572
11,801
10,2929
8,98664
8,02724
7,24384
6,67786
6,08772
5,6943
5,00753
4,56924
4,26382
3,95668
3,50458
3,3303
3,47525
3,46317
3,5529
3,81173
3,56153
3,06112
2,46063
1,43911
0,0500408
-1,33385
-2,45027
-3,34928
-3,90664
-4,00154
-3,61674
-2,74534
-1,87394
-1,21133
-0,698846
-0,433112
-0,869675
-1,5133
-2,80401
-3,84797
-4,86776
-5,46135
-5,60457
-5,00408
-4,11715
-2,42267
0,0345109
2,14485
4,62274
6,92807
8,83997
10,4154
11,7941
12,5085
12,8708
13,1469
12,719
12,1116
11,1815
10,1669
8,89691
7,38016
5,95831
4,4985
2,78503
1,20443
-0,117337
-1,60821
-3,18536
-4,42085
-5,48896
-6,71582
-7,36463
-7,7546
-7,56652
-7,16274
-5,8358
-4,08092
-2,2967
0,124239
2,67977
5,03169
7,29561
8,97629
10,3412
11,4455
12,1271
12,3256
12,2186
12,2169
11,6388
11,0004
10,4223
9,58541
8,71055
7,7546
7,26282
6,55535
6,22922
6,19643
6,61057
7,21451
7,96857
8,88483
9,46289
9,77004
9,9633
9,3956
8,41031
7,35428
5,58214
3,9584
2,45718
1,42703
0,50731
-0,124239
-0,0241576
0,314049
0,869675
1,52883
2,28807
2,85405
3,40968
3,5598
3,67541
3,7082
3,59431
3,25438
3,10598
3,15947
3,18191
3,44764
3,8773
4,55889
5,32503
6,23267
7,19553
8,37235
9,16265
10,0962
10,7778
11,3886
11,9925
12,4274
12,5223
12,9243
12,9071
12,5861
12,5085
12,2755
11,5698
10,4033
9,173
7,93406
6,262
4,68486
3,04386
1,62201
0,120788
-0,510761
-1,43911
-2,07411
-2,49169
-2,80919
-3,09045
-3,29579
-3,58913
-3,88938
-3,97393
-3,73926
-3,17328
-2,27772
-1,2631
0,315775
2,1276
3,89801
5,63218
7,08509
8,21532
8,98492
9,03151
8,99872
8,79338
7,79774
7,19725
7,03677
6,94532
6,92979
7,27317
8,1394
9,02805
9,96848
10,5517
10,8433
10,5638
9,98228
8,70193
7,02987
4,95404
3,11634
0,854145
-0,873126
-1,94469
-2,78331
-2,87994
-2,46408
-1,79112
-0,988738
-0,2364
0,0845517
0,0534919
-0,583234
-1,99128
-3,59259
-5,84787
-8,17563
-10,1151
-11,8027
-13,052
-13,6146
-13,6991
-13,0037
-12,3463
-11,801
-11,1246
-10,6242
-10,4568
-10,9296
-11,3869
-12,2911
-13,1141
-13,4472
-13,5145
-13,2229
-12,8864
-12,084
-10,8261
-9,68894
-8,56906
-7,43365
-6,56915
-5,77713
-4,99028
-4,19308
-3,44764
-2,57106
-1,63237
-0,85242
0,0362365
0,633275
1,08709
1,13713
1,19925
0,911088
0,177731
-0,36409
-0,64708
-1,07501
-1,07329
-0,736808
-0,274362
0,628099
1,37353
2,16211
2,89374
3,54255
3,67369
3,62537
3,175
2,26737
1,37871
0,182908
-0,636726
-1,48224
-2,50549
-3,07665
-2,89892
-2,83507
-2,69875
-2,05512
-1,57025
-1,23031
-0,942148
-0,974933
-1,44428
-1,88602
-2,72809
-3,7151
-4,98338
-6,14122
-7,23004
-8,18254
-8,92452
-9,65615
-10,286
-10,7795
-11,1039
-11,3817
-11,6664
-11,8165
-11,8355
-11,6871
-11,3524
-10,8088
-10,3999
-9,71482
-8,88483
-8,02206
-7,35255
-6,90563
-6,33448
-5,75987
-5,31468
-4,3639
-3,89973
-2,87648
-1,35628
0,402052
2,20525
4,25865
6,1671
7,63554
9,10743
9,94259
10,3999
10,3654
10,3826
10,1393
9,80628
9,74933
10,179
10,7916
11,6474
12,9657
13,9493
14,6205
15,1814
15,2055
14,6689
13,8665
12,4308
10,8416
9,44564
8,05312
6,58468
5,58559
4,85741
4,34147
3,86522
3,52529
3,48043
2,82127
2,42784
2,24321
1,57197
1,2493
1,23894
1,10607
0,999091
1,32004
1,83253
2,35019
2,94896
3,72545
4,32077
4,76941
5,54763
6,07565
6,174
6,37244
6,35346
5,98592
5,72881
5,45963
5,16111
4,94024
5,00581
4,93333
5,16628
5,63218
6,03423
6,24648
6,33965
6,27926
5,55798
4,91953
4,25002
3,1474
1,86531
1,05086
0,733357
0,20534
-0,0310598
0,0258832
0,0396875
0,269185
0,598764
0,543547
0,188084
-0,162201
-0,500408
-0,961129
-1,30969
-1,33385
-1,44946
-1,01635
0,018981
1,35628
2,90064
5,23531
7,5044
9,67341
11,7717
13,8958
15,1934
16,0959
16,4099
15,9251
15,102
14,1598
13,1538
11,9097
11,43
11,5387
11,7579
12,5482
13,8613
15,221
15,9354
16,667
16,7274
15,8388
14,605
12,9744
10,5241
8,538
6,78312
5,25774
