500
3994
-3,0067
-1,18061
0,100335
1,31773
3,07359
3,97995
4,63882
5,77595
6,64552
7,29435
8,22412
9,27764
9,82614
10,495
11,7225
12,4482
13,0703
14,077
15,0636
15,7559
16,7961
18,0837
18,7559
19,5419
20,572
20,8262
20,5586
20,2576
19,6355
17,8964
16,4115
14,5887
12,2476
9,84286
8,13716
5,72578
3,47159
1,90302
0,197325
-1,64549
-2,71239
-3,50838
-4,26089
-4,61875
-4,18062
-3,79266
-3,1639
-2,12376
-0,943149
-0,337794
0,541809
1,28763
1,43479
1,03679
1,10034
0,491641
-0,344483
-0,682278
-0,759201
-1,44148
-1,10703
-0,414718
0,103679
0,996661
2,77928
4,37795
5,70237
7,42479
9,09704
10,097
11,271
12,1338
11,9766
11,7225
11,6188
10,776
9,84286
9,47496
9,07697
8,46493
8,57195
9,07697
9,67898
10,0034
11,0368
11,2409
11,0402
11,0569
10,8529
9,63216
8,70907
8,24753
7,13716
6,1104
5,87294
5,18397
4,39133
4,11373
3,74918
2,87627
2,47493
2,32108
1,98329
1,38128
1,92309
2,38128
2,60871
3,42142
4,05688
4,12711
4,36457
4,32778
3,48162
2,36456
1,60201
0,060201
-1,49834
-2,28764
-3,22744
-4,5619
-5,32444
-5,64551
-6,59535
-7,64887
-8,24419
-9,62881
-11,2643
-12,4348
-13,5185
-15,2476
-15,9566
-16,174
-16,2877
-15,9432
-14,5185
-13,3479
-11,8228
-9,70573
-7,26759
-5,31106
-2,87292
0,227426
2,82276
5,72244
9,01342
11,6991
14,3646
17,1105
19,3279
20,5519
21,8128
22,3145
22,2242
21,7125
21,5486
20,4382
19,2376
18,4951
17,4717
15,7058
14,1874
12,5385
10,0703
7,16057
4,26758
0,56522
-3,15721
-6,74251
-9,94319
-13,1338
-15,0068
-15,8395
-15,9934
-14,7793
-12,1673
-9,22747
-5,84953
-1,56857
2,82276
5,9599
9,25423
11,8562
13,5285
14,6991
15,8496
15,9566
16,1305
16,7091
17,6556
18,1707
19,2643
20,7927
21,9566
23,1306
24,6088
24,9767
24,95
24,9734
24,4048
22,9332
21,5419
19,7894
17,6188
15,2074
13,0904
10,679
8,13716
6,30438
4,52845
2,8261
2,14717
2,08028
2,32777
3,02008
4,64551
5,82612
6,90973
8,06024
8,84285
8,26091
7,57529
6,4114
4,34116
2,2174
0,692311
-0,996661
-2,56857
-2,68898
-2,23747
-1,62543
0,0769235
2,43145
4,41808
6,66893
9,29102
10,9465
12,2041
13,2375
14,0569
13,7626
13,5519
13,1907
12,1439
10,9733
10,3211
8,89302
7,3579
5,96993
4,49501
2,24081
0,464885
-1,37124
-3,65888
-6,0502
-7,65556
-9,70908
-11,8562
-13,368
-14,6021
-16,2242
-16,9299
-17,1941
-17,2743
-17,0068
-15,5553
-13,9499
-11,9399
-9,09704
-6,00672
-3,6455
-0,655522
2,10034
3,78932
4,9532
6,09368
6,17394
5,47829
5,11708
4,53514
3,5853
3,25085
3,0067
2,86624
2,93313
3,5853
3,82611
3,92979
4,5318
4,87293
4,85621
5,52511
6,42144
6,90304
7,82613
9,62547
10,9231
11,9733
13,2409
14,1907
14,0068
13,7124
13,0469
11,5218
9,36125
7,76258
5,15387
2,87961
1,16389
-0,33445
-2,07359
-2,68229
-2,72911
-2,80269
-2,37459
-0,775924
0,183947
1,25084
2,63546
3,74584
3,96323
3,90972
3,3144
1,77258
-0,418062
-2,41473
-5,00671
-7,63883
-9,33449
-10,4482
-11,5251
-11,1472
-9,82948
-8,50506
-6,94987
-4,75922
-3,11707
-2,07693
-1,01673
-0,474919
-0,822747
-0,939804
-0,913048
-1,24415
-0,889637
0,170569
1,22743
2,59868
4,83614
7,08699
8,83951
11,077
13,1639
14,2676
15,1506
16,2275
16,3446
15,5385
15,0536
14,3211
12,7626
11,5285
10,6121
9,27764
8,1773
8,25757
7,91643
8,02011
9,07362
10,4047
11,3211
12,8596
14,7492
15,8228
16,5252
17,3981
17,1807
16,0904
14,8061
12,8395
9,90306
7,12713
4,51842
1,71573
-0,662211
-1,78596
-2,86289
-3,06356
-2,28429
-1,28429
-0,421407
0,806024
1,9465
2,15051
1,50837
1,08027
-0,63211
-3,0368
-5,27762
-7,49502
-10,0134
-11,9432
-13,0369
-13,99
-14,3613
-13,6322
-13,0335
-12,378
-10,9967
-9,68567
-9,06359
-8,03683
-7,07696
-6,79937
-6,8696
-6,15388
-6,58197
-7,25422
-7,42479
-7,95656
-9,03683
-9,60874
-9,86627
-10,271
-10,1104
-9,11376
-8,06359
-6,65221
-4,6221
-2,35787
-0,658866
1,30101
2,97326
3,86624
4,26089
4,46491
3,89969
2,86958
2,12041
1,89968
1,11037
0,80268
1,2776
1,69901
2,21406
3,52176
4,21072
4,78598
5,66224
6,45823
6,59201
7,10037
8,05355
8,39804
9,19403
10,8094
11,7292
12,9566
14,3011
15,6255
16,1238
16,8061
17,261
16,96
16,3579
16,1506
15,5553
14,592
14,2777
13,7927
13,271
13,174
13,5385
13,6155
13,776
14,6088
14,9399
14,9432
15,5385
16,3278
16,378
16,5686
17,3078
17,4449
17,5854
18,281
18,4248
18,465
18,7961
19,358
18,9867
18,97
19,174
18,7727
18,4483
18,261
17,6857
16,669
16,2342
15,6723
14,5787
13,9098
13,5151
12,98
12,368
12,6221
12,4348
12,4282
12,6355
12,9499
12,6121
12,7894
13,0235
12,7292
12,5151
12,4482
12,0067
11,1807
10,7693
10,2877
9,2375
8,44151
7,8696
6,74251
5,64886
4,93982
3,91641
2,39132
1,25419
-0,013378
-2,04014
-3,93313
-5,64886
-7,92981
-10,087
-11,6054
-13,4315
-15,2175
-16,077
-16,5686
-17,4817
-17,97
-17,9198
-18,2844
-18,7426
-18,6322
-18,6891
-18,7927
-18,0235
-16,7125
-15,2208
-12,7994
-9,89637
-6,74585
-3,72912
-0,387962
1,90302
3,06356
3,68564
3,77259
2,20737
0,491641
-1,07358
-3,36457
-5,17394
-5,87294
-6,23414
-6,28431
-5,36458
-3,97326
-3,01005
-1,76924
-0,578598
0,0033445
0,287627
0,83278
0,561876
-0,020067
0,026756
0,204014
-0,197325
-0,020067
0,63211
0,973249
1,17392
2,03346
2,3378
2,20068
2,16723
2,11038
1,42141
0,882948
0,284282
-0,709034
-1,68563
-1,86289
-2,35787
-3,11707
-3,11373
-2,74918
-3,16055
-2,78597
-2,25419
-2,43814
-2,60202
-2,16723
-2,33446
-2,66891
-2,59199
-2,2475
-2,34784
-1,9766
-1,34449
-0,986627
-0,76589
-0,080268
0,0434785
-0,341139
-0,709034
-1,29432
-2,77593
-4,11039
-5,2308
-6,77595
-8,27429
-9,00339
-9,71242
-10,3111
-9,99671
-8,87295
-8,12044
-6,45154
-4,42143
-2,62878
-1,11037
0,806024
1,93981
2,23078
2,46155
2,2776
0,986627
-0,026756
-0,956527
-2,2475
-3,28095
-3,52845
-3,87627
-3,98664
-3,42142
-2,63546
-2,3378
-1,75921
-0,829436
-0,545153
-0,474919
0,103679
0,404684
0,217392
0,648833
1,16054
1,10703
1,4582
2,08697
2,22409
2,32443
3,00336
3,14383
2,77928
3,17058
3,45152
3,09366
3,11373
3,40804
3,32109
3,09366
3,37125
3,47159
2,97995
3,09366
3,11038
2,60536
2,44817
2,38128
2,13713
1,81941
2,01004
1,91974
1,69232
2,07693
2,6756
2,86624
3,6455
4,5619
5,09702
5,61207
6,23749
6,15722
5,74585
5,28765
4,66223
3,34784
2,48831
2,04014
1,3077
1,01338
1,66222
2,29098
3,06022
4,37795
5,74585
6,49836
7,03682
7,61208
7,37796
6,51508
6,13047
4,85956
3,33446
2,20737
1,22743
0,224081
-0,454852
-0,361206
-0,394651
-0,404684
0,344483
0,678933
0,759201
1,06689
1,11372
0,628766
0,214048
-0,294316
-0,759201
-1,23412
-1,16054
-0,993316
-0,558531
0,842814
2,56523
3,77259
5,63214
7,57529
8,67897
9,31443
9,82948
9,44486
8,2977
6,95656
5,5017
3,27761
1,51171
0,006689
-1,6689
-3,14048
-3,83948
-4,71909
-5,70237
-6,37796
-6,75923
-7,66225
-8,19737
-8,23415
-8,54854
-8,86292
-8,30104
-7,90974
-7,83282
-7,17395
-6,47495
-6,37127
-6,30772
-5,89635
-6,16725
-6,55522
-6,39134
-6,56859
-6,90973
-6,33782
-5,54183
-5,03347
-3,97995
-2,51172
-1,24081
-0,100335
1,398
2,40804
2,94316
3,77594
4,19735
4,06357
4,24082
4,63213
4,90972
5,25086
6,34451
7,41475
8,40138
9,99002
11,592
12,669
13,8128
15,1104
15,5653
15,6422
16,0268
15,8563
15,2543
14,9232
15,0803
14,4817
14,5553
15,0302
15,3178
15,6422
16,9967
17,7359
18,2476
19,1573
20,1807
20,5887
20,97
21,3914
21,2309
20,7927
20,4884
19,184
17,5486
15,9566
14,0703
11,4984
9,14386
7,05355
4,63547
2,44817
1,20736
-0,157191
-1,23746
-1,62877
-1,53512
-1,68563
-1,26088
-0,561876
-0,150502
0,0234115
0,665555
1,02676
0,812713
1,06355
1,44482
1,5184
2,09031
3,3445
4,01674
4,92645
6,55187
7,67897
8,19068
8,62212
8,92981
8,25088
7,44485
6,70572
5,5318
4,6221
4,34116
4,17393
3,9833
4,56524
5,43815
5,61207
5,98665
6,20404
5,60872
4,40805
3,43146
2,01004
0,361206
-0,705689
-1,34449
-1,9766
-1,98998
-1,40803
-1,14382
-1,29432
-1,02342
-1,74248
-3,194
-4,80939
-6,66893
-9,53182
-11,8362
-13,388
-14,8763
-15,9232
-15,5419
-14,7559
-13,7927
-11,9399
-9,63216
-8,01007
-6,16057
-4,32778
-3,22744
-2,56523
-1,58864
-1,1271
-1,00669
-0,448163
0,307694
0,715723
1,49499
2,71573
3,60871
4,09701
4,93648
5,12712
4,71574
4,09367
3,35453
1,8863
0,341139
-0,715723
-2,16389
-3,32778
-3,77928
-4,14383
-4,52176
-4,1037
-3,30771
-2,96323
-2,2776
-1,13378
-0,361206
0,327761
1,68897
2,75587
3,57192
4,81273
6,3512
7,25087
8,51175
9,99671
11,0569
11,893
13,2275
14,2442
14,9098
16,0101
17,184
17,8262
18,6389
19,7192
20,2677
20,3379
20,5553
20,1707
19,0135
17,659
16,271
13,9967
11,6455
9,56861
7,24753
4,96658
3,48162
1,98663
0,558531
-0,117057
-0,257526
-0,655522
-0,622077
-0,150502
0,0501675
0,0167225
0,391306
0,478263
0,0100335
-0,173914
-0,214048
-0,80268
-1,17057
-1,03011
-1,04014
-1,14047
-0,49833
-0,006689
0,314383
0,909704
1,68228
1,8562
2,18061
2,75587
2,89634
2,66222
2,93981
2,9766
2,56857
2,42811
2,63881
2,23412
1,98329
2,08028
2,04014
1,95319
2,46824
2,85286
2,92309
3,46156
4,24751
4,51507
4,70905
5,09702
5,09702
4,57193
4,25755
3,51841
2,28095
1,26088
0,344483
-1,06021
-2,27426
-3,07025
-4,0736
-5,08029
-5,48832
-5,99
-6,76926
-7,00004
-7,07696
-7,38465
-7,57194
-7,2977
-7,15054
-7,19067
-6,69903
-6,42478
-6,49167
-6,21408
-5,56525
-5,31441
-4,89969
-3,893
-2,86958
-1,796
0,127091
1,97325
3,50169
5,25086
7,0502
7,92312
8,31777
8,41476
7,61877
5,98331
4,23748
1,87292
-0,953182
-3,50503
-5,70906
-8,02011
-9,73583
-10,6857
-11,3914
-11,8094
-11,3111
-10,7927
-10,2944
-9,50172
-8,1773
-7,37127
-6,50839
-5,26424
-4,41139
-3,63213
-2,33446
-1,29432
-0,588632
0,411373
1,61539
2,33446
3,11038
4,20738
4,86625
5,16391
5,91642
6,27762
6,25421
6,44485
6,79602
6,73248
6,75589
7,26759
7,6288
7,75924
8,4783
8,9666
9,19403
9,73249
10,291
10,3312
10,3713
10,7358
10,6322
10,2442
10,3512
9,99002
9,20406
8,77931
8,60539
7,88298
7,40137
7,31107
6,98666
6,52846
6,60873
6,45488
5,85956
5,51508
5,25421
4,3746
3,62209
3,30436
2,75587
2,25754
2,46824
2,73914
2,99333
3,75587
4,93314
5,42143
5,96993
6,90973
7,19402
7,13382
7,4783
7,47495
7,34786
7,76927
8,8161
9,75925
11,3077
13,582
15,7459
17,883
20,3245
22,2543
23,1908
23,756
24,0068
22,9299
21,4951
20,1004
18,261
16,2911
15,1573
14,3345
13,6757
13,8964
14,8262
15,6088
16,6155
17,9098
18,6422
18,7426
18,9365
18,4182
17,0603
15,9499
14,9834
13,4449
12,3412
11,8061
11,2509
10,8596
11,174
11,4716
11,291
11,3512
11,5385
11,0168
10,4281
10,1004
9,50841
8,55857
8,34118
8,0569
7,45489
7,45823
7,79937
7,71241
7,8696
8,3278
8,55857
8,24753
8,43817
8,35121
7,78934
7,39469
7,38465
6,88967
6,63883
7,06358
7,34117
7,51174
8,39804
9,14386
9,49169
9,87296
10,3245
10,1171
9,68567
9,39135
8,75924
7,76258
7,46826
7,02679
6,31776
6,23749
6,48164
6,23414
6,01675
6,14719
5,91307
5,41809
5,33782
5,09367
4,53848
4,49835
4,82277
5,02344
5,44819
6,31107
6,82947
6,9298
7,30438
7,31442
6,60204
5,94986
5,42812
4,17393
3,12711
2,59533
1,92643
1,15051
0,896326
0,862881
0,384617
0,290971
0,642144
0,508364
0,518397
1,14716
1,49499
1,71238
2,47827
2,96991
2,89299
3,18062
3,45487
3,06022
2,54182
2,37125
1,94984
1,43145
1,44148
1,35118
1,11372
1,11037
1,11372
0,672244
0,0836125
-0,418062
-1,44817
-2,93647
-4,05019
-5,31106
-6,70906
-7,46492
-7,54853
-7,60873
-7,21408
-5,92645
-4,4047
-3,07694
-1,05017
0,799335
2,08362
3,47493
4,94651
5,41474
5,9298
6,58197
6,62211
6,24083
6,27762
6,01341
5,31106
4,79936
4,6221
4,08363
3,66223
3,66557
3,67895
3,57192
3,78932
3,79601
3,31774
2,43479
1,3679
-0,816058
-3,58196
-6,50839
-10,1706
-14,1004
-17,6255
-20,7994
-23,7794
-25,6088
-26,1138
-26,3011
-25,5888
-23,776
-21,8061
-19,9299
-17,7626
-15,8763
-14,6991
-13,5987
-12,8663
-12,8295
-12,7325
-12,1138
-11,7191
-11,291
-9,98667
-8,42479
-6,85957
-4,77594
-2,29433
-0,351172
1,398
3,29433
4,36791
4,6823
4,93314
4,70905
3,59534
2,4649
1,60201
0,43144
-0,448163
-0,739134
-0,829436
-0,93646
-0,147158
0,655522
1,18061
2,02677
3,0669
3,64885
4,0134
4,81608
5,46491
5,72578
6,42478
6,96325
7,18064
7,50505
7,70572
7,15723
6,27762
5,49501
3,88965
1,79265
-0,073579
-2,07359
-4,2843
-5,78264
-6,32445
-6,67896
-6,03348
-4,28096
-1,92978
0,581943
3,87293
7,13716
9,79604
12,1171
14,0469
14,7492
14,6456
14,2141
13,0001
11,0636
9,33784
7,71576
5,86959
4,46491
3,89634
3,19734
2,80938
2,92644
2,90971
2,62209
2,55185
2,15051
1,24415
0,33445
-0,247493
-1,49499
-2,5853
-3,04684
-3,58196
-4,41139
-4,58531
-4,6221
-5,13046
-5,24083
-5,11708
-5,24083
-5,52177
-5,08364
-4,69568
-4,54517
-3,87293
-3,33781
-3,22744
-3,13714
-3,0368
-3,75253
-4,75253
-5,83949
-7,23081
-9,00339
-10,2442
-11,2643
-12,3178
-12,6589
-12,1606
-11,5352
-10,5352
-8,89302
-7,30104
-5,90638
-4,3445
-2,92309
-2,20737
-1,34783
-0,214048
0,234115
0,598665
1,64215
2,54851
3,32778
4,72912
6,03682
6,82612
7,7191
8,89971
9,11376
8,92981
8,92981
8,17061
6,99669
5,82277
4,45487
2,72577
1,25084
-0,0836125
-1,4582
-2,6455
-3,13045
-3,71239
-4,17728
-4,10704
-4,03347
-4,30437
-4,36791
-4,1037
-4,58196
-5,15722
-5,61541
-6,41809
-7,78934
-8,78265
-9,80607
-11,2576
-12,3479
-12,7425
-13,4449
-13,8027
-13,4081
-12,9833
-12,7225
-11,7425
-10,8161
-10,4348
-9,8161
-8,94653
-8,94319
-8,93984
-8,55188
-8,45489
-8,8763
-8,77931
-8,67228
-8,81944
-8,63215
-8,25422
-8,1472
-7,89636
-7,16726
-6,61876
-6,22746
-5,40805
-4,86959
-4,76257
-4,42143
-4,00671
-4,20069
-4,59869
-4,6522
-5,17728
-6,2308
-6,91642
-7,69569
-8,9967
-10,0569
-10,8161
-11,8763
-13,0201
-13,3847
-13,7793
-14,3479
-14,2342
-13,8462
-13,7359
-13,0001
-11,9633
-11,5486
-11,1305
-10,184
-9,79269
-9,98333
-9,99002
-10,1138
-10,5285
-10,6823
-10,2308
-9,78935
-8,94988
-7,11709
-5,12712
-2,83279
-0,130435
2,58195
4,6522
6,70237
8,70238
9,65222
10,2743
11,0368
11,2576
11,0937
11,3713
11,4783
11,1004
10,8128
10,8128
9,99002
8,71576
7,57529
5,96659
3,90303
2,18061
0,555187
-1,01004
-1,93646
-1,95988
-1,98329
-1,55185
-0,397995
0,785957
1,42476
2,18396
2,56523
2,07024
1,37459
0,846158
-0,344483
-1,50502
-2,12376
-2,69901
-3,45487
-3,44483
-3,33446
-3,67895
-4,07025
-4,38464
-5,51173
-7,02679
-8,51175
-10,475
-12,766
-14,5084
-16,1071
-17,6054
-18,4817
-18,3145
-17,9666
-17,0737
-15,3379
-13,3178
-11,1974
-8,49837
-5,62879
-3,31774
-0,80268
1,91974
4,01674
5,65555
7,47161
8,69904
9,03015
9,44821
9,27764
8,15389
7,11375
6,1104
4,51842
2,90971
2,08697
1,1572
0,100335
-0,341139
-0,284282
-0,635455
-0,836125
-0,739134
-1,35118
-2,21406
-3,09366
-4,48832
-6,25756
-8,06024
-9,62881
-11,5419
-13,0034
-13,679
-14,1405
-14,0502
-12,8429
-11,1773
-9,61543
-7,20405
-4,73247
-2,91975
-1,32108
0,130435
0,53512
0,274249
-0,170569
-1,39466
-3,40135
-5,27093
-7,1706
-9,42814
-11,3412
-12,7358
-14,2944
-15,5653
-16,067
-16,4549
-16,9834
-16,9031
-16,6656
-16,7894
-16,4449
-15,8797
-15,6222
-15,4482
-14,8195
-14,291
-14,1305
-13,6188
-12,8262
-12,5118
-12,0001
-10,9064
-10,3044
-9,85289
-8,61543
-7,57194
-6,87294
-5,85287
-4,64216
-3,94651
-2,9164
-1,50502
-0,508364
0,257526
1,6087
2,52844
2,72911
2,93981
3,0067
2,44148
1,79265
1,32442
0,391306
-0,494986
-0,772579
-0,862881
-0,959871
-0,357861
0,207359
0,254182
0,046823
-0,053512
-1,06021
-2,72911
-4,20738
-6,14384
-8,39135
-9,91978
-10,8863
-11,5987
-11,2743
-9,7559
-8,23415
-6,38465
-3,9532
-1,89968
-0,779268
0,224081
0,595321
-0,307694
-1,41138
-2,495
-4,19066
-5,85622
-6,64886
-7,23081
-7,83616
-7,60204
-7,41475
-7,52178
-7,50171
-7,41141
-8,00673
-9,01342
-9,73249
-10,7425
-11,9098
-12,3078
-12,0569
-11,9064
-11,194
-9,62881
-8,27763
-6,84284
-5,21407
-4,15721
-3,93647
-3,99333
-4,44818
-5,7726
-7,03348
-7,93649
-9,10372
-9,93985
-9,67898
-9,22413
-8,60205
-7,20405
-5,43481
-3,98999
-2,5552
-0,752512
0,344483
1,2776
2,5552
3,3144
3,9833
5,0736
6,08364
6,63883
7,4783
8,69904
9,38801
9,94654
10,9566
11,5887
11,7593
12,2643
12,5954
12,3178
12,1238
12,1238
11,495
10,592
10,1238
9,40807
8,2676
7,59201
7,12713
6,24083
5,64217
5,592
4,94651
4,3445
4,194
3,76591
3,07025
2,86624
2,94985
2,72577
3,2542
4,45153
5,73581
7,4482
9,89972
12,1338
14,0837
16,1907
17,8262
18,1773
18,2643
17,9566
16,5553
14,4315
12,5185
10,2576
7,80606
5,98665
4,31775
2,37794
0,979938
0,210703
-0,953182
-2,25754
-2,98329
-4,00002
-5,54852
-6,57528
-7,2977
-8,35456
-8,89302
-8,66894
-8,45824
-7,95991
-6,68565
-5,4716
-4,52176
-3,15721
-2,2174
-2,03346
-2,14048
-2,29098
-3,53179
-5,28096
-6,8395
-8,80272
-11,1807
-12,9031
-14,3512
-15,5319
-15,8496
-15,0569
-13,786
-12,0101
-8,9365
-5,75588
-2,68563
0,93646
4,30771
6,46157
8,35456
9,9365
10,4014
9,94319
9,60874
8,81944
7,17729
5,96659
4,9833
3,72912
2,81607
2,56857
2,07359
1,73579
2,06021
2,22409
2,18061
2,44483
2,66891
2,29098
2,04349
2,13379
1,50837
0,685622
0,193981
-0,578598
-1,78262
-2,81607
-3,84617
-5,28431
-6,55522
-7,32445
-8,51844
-9,57864
-9,76928
-10,1773
-10,7258
-10,5385
-10,3412
-10,6422
-10,8295
-10,7526
-11,2676
-12,1004
-12,2308
-12,8061
-13,5252
-13,8128
-13,5385
-13,5118
-12,9599
-11,8362
-10,7091
-9,45824
-7,59536
-5,79936
-4,21741
-2,22409
-0,0100335
1,51506
3,24082
5,20069
6,48164
7,27428
8,1773
8,37462
7,69569
6,84284
5,73581
3,78263
1,99332
0,605354
-1,18395
-2,64215
-3,31105
-3,82276
-4,44149
-4,45153
-4,22745
-4,54183
-4,68564
-4,61206
-5,14718
-5,70237
-6,08364
-6,28766
-6,99335
-7,16726
-7,01007
-6,96325
-6,69234
-5,78264
-5,03681
-4,15052
-2,56189
-1,01673
-0,0702345
1,02342
2,23412
2,3378
2,22409
1,87626
0,525086
-1,38462
-3,08363
-4,88297
-7,15723
-8,57195
-9,49838
-10,3211
-10,3947
-9,64888
-8,90305
-8,32446
-7,21408
-6,47495
-6,56525
-6,54518
-6,65221
-7,4783
-8,28767
-8,53182
-8,81944
-9,09704
-8,22412
-6,99335
-5,86625
-4,08698
-1,84951
-0,0367895
1,80268
3,87627
5,24083
6,12043
7,19736
7,73248
7,33448
7,15054
6,88298
6,0201
5,3211
5,05019
4,44818
3,82276
4,08029
4,00336
3,73246
3,79935
4,09367
3,78932
3,53179
3,95989
3,92644
4,05019
4,80939
5,65889
6,3813
7,81275
9,63216
10,8496
12,2241
13,8663
14,7459
14,8997
15,3044
15,0034
13,6589
12,1338
10,3144
7,59536
4,58531
1,60536
-1,77593
-5,25086
-8,05021
-10,7258
-13,4482
-15,0703
-15,7994
-16,3546
-15,9967
-14,6757
-13,5185
-11,9833
-9,82279
-7,83282
-6,60873
-5,17059
-3,85955
-3,57861
-3,33112
-2,85286
-2,87961
-3,0067
-2,63212
-2,36122
-2,31774
-1,56188
-0,304349
0,488297
1,52175
3,11038
4,36457
5,33113
6,74251
7,67562
7,87295
7,96994
7,91308
6,8997
5,57193
4,41474
2,61205
0,642144
-0,652177
-1,98998
-3,4047
-4,11039
-4,35119
-4,78598
-4,82611
-4,23413
-3,91306
-3,99333
-3,5251
-3,30771
-3,67226
-3,7057
-3,79601
-4,49835
-5,22076
-5,36792
-5,88297
-6,55856
-6,5987
-6,74585
-7,21408
-6,98666
-6,47495
-6,49502
-6,36124
-5,63882
-5,4114
-5,37126
-4,94651
-4,7726
-5,31775
-5,63548
-5,70906
-6,67227
-7,54184
-7,97663
-8,79938
-9,78266
-10,4281
-11,1572
-12,2175
-13,0703
-13,7058
-14,9867
-16,2342
-16,873
-17,8763
-18,9633
-19,3078
-19,6155
-20,0603
-19,97
-19,4717
-19,5452
-19,5419
-18,9767
-19,2175
-19,9432
-20,2141
-21,1573
-22,7426
-23,8028
-24,5352
-25,7928
-26,6389
-26,6958
-26,6824
-26,3613
-25,1707
-23,9098
-23,1038
-21,8429
-20,4315
-19,7827
-19,3412
-18,6355
-18,485
-18,8429
-18,9098
-19,0937
-19,8329
-20,1941
-20,2576
-20,8529
-21,0503
-20,6356
-20,4315
-20,1673
-19,1071
-17,9232
-17,0135
-15,6021
-13,8997
-12,9332
-11,7459
-10,1539
-9,32446
-8,6957
-7,5385
-6,79268
-6,90304
-6,59201
-6,21742
-6,56191
-7,23081
-7,80271
-8,97329
-10,3746
-11,3813
-12,5787
-14,0636
-14,9599
-15,5218
-16,3981
-16,8529
-16,6589
-16,8195
-17,2543
-17,0536
-17,0569
-17,6857
-17,8663
-17,6991
-18,0569
-18,2175
-17,6422
-17,3513
-17,2743
-16,6021
-16,1941
-16,4683
-16,562
-16,6255
-17,562
-18,3914
-18,7493
-19,4616
-20,2442
-19,8596
-19,4215
-18,8931
-17,6422
-15,8195
-14,3044
-12,6355
-10,5753
-8,97998
-8,02011
-6,70572
-6,06692
-6,06358
-5,98331
-6,03013
-6,63883
-7,04686
-6,84284
-6,92311
-7,09034
-6,43816
-5,92645
-6,0803
-5,84618
-5,45153
-6,04685
-6,78933
-7,19736
-8,22747
-9,59202
-10,3011
-10,9967
-12,1439
-12,7124
-12,7961
-13,3947
-13,7793
-13,5385
-13,6355
-14,0636
-14,0469
-13,9833
-14,1506
-13,9399
-13,2208
-12,9633
-12,7358
-11,6455
-10,9967
-10,7994
-10,2609
-10,1639
-10,6154
-11,1907
-11,5452
-12,6623
-13,6924
-13,9298
-14,5486
-14,9934
-14,4482
-13,8395
-13,4549
-12,3379
-10,7124
-9,6656
-8,43148
-6,65221
-5,36458
-4,44149
-3,05687
-1,9164
-1,398
-0,842814
-0,100335
-0,260871
-0,551842
-0,354517
-0,642144
-1,32108
-1,5485
-1,83279
-2,56857
-2,89968
-2,85286
-3,58865
-4,25755
-4,5318
-5,11374
-6,22411
-6,65221
-6,9298
-7,91977
-8,08031
-7,46492
-7,21743
-6,14719
-4,1338
-2,07024
-0,013378
2,96991
5,75254
7,83616
9,80941
11,5686
12,077
11,9666
11,7358
10,7659
9,12379
7,96994
6,8696
5,55187
4,95655
5,05019
4,81942
4,86959
5,53849
5,75588
5,30437
5,0736
4,50169
2,99667
1,62543
0,63211
-0,969905
-2,42811
-3,04349
-3,69233
-4,44818
-4,07694
-3,99668
-4,194
-3,91306
-3,38463
-3,38129
-3,32778
-2,5251
-2,16389
-1,94315
-1,03011
0,0635455
0,481608
1,20067
2,23747
2,62543
2,79935
3,41808
3,74918
3,70905
4,20403
4,86625
5,25421
6,09033
7,54519
8,31777
9,30774
10,8596
11,8997
12,0168
12,4516
12,4482
11,291
10,0302
8,70573
6,44485
3,79935
1,52844
-1,13713
-3,81607
-5,94317
-7,97663
-10,0469
-11,5619
-12,1405
-13,0837
-13,4148
-12,7057
-12,1205
-11,6188
-10,0669
-8,39135
-7,34452
-5,87628
-4,21407
-3,26089
-2,48496
-1,36121
-0,769235
-0,692311
-0,120402
0,354517
0,491641
1,08696
2,18396
2,83613
3,84283
5,83281
7,56526
8,94653
10,9198
12,5285
13,2375
13,8161
14,0001
12,9265
11,1606
9,19068
6,55522
3,38798
0,695656
-1,84951
-4,49501
-6,03682
-6,70572
-7,51174
-7,52512
-6,45488
-5,56525
-4,93314
-3,67226
-2,60536
-2,2174
-1,68228
-0,923082
-1,25753
-1,36456
-0,979938
-1,10703
-1,32442
-0,856192
-0,270904
0,137124
1,32777
3,29433
4,89969
7,00672
10,0803
13,0068
15,6088
18,7258
21,4182
23,4215
25,1908
26,7159
27,3246
27,562
28,0068
27,9266
27,4717
27,4851
27,4149
26,8296
26,6055
26,6088
25,5352
24,3045
23,2342
21,4616
18,9165
16,5686
13,8094
10,087
6,8997
3,84283
0,086957
-3,29099
-6,0201
-8,91643
-11,7124
-13,5151
-14,8964
-16,5486
-17,2509
-16,8429
-16,7793
-15,98
-14,4114
-12,6288
-11,0536
-8,92312
-6,88298
-5,57193
-4,14718
-2,61874
-2,01339
-1,58864
-0,715723
-0,13378
-0,0033445
1,11372
2,30101
3,02677
4,42143
6,05354
7,14719
8,30439
9,83617
10,8596
11,4148
12,6556
13,5519
13,9934
14,9332
16,3847
17,0737
17,9165
19,3212
20,1874
20,2175
20,7392
20,7727
19,4784
18,281
16,9098
14,7793
12,2476
10,2208
7,87295
5,42143
3,80938
2,33446
0,658866
-0,371239
-0,795991
-1,75586
-2,65219
-3,08363
-4,09367
-5,65555
-6,84619
-8,24084
-10,1673
-11,7392
-12,7425
-14,1405
-14,7526
-14,2409
-13,5653
-12,5051
-10,5419
-8,28767
-6,51508
-4,24082
-1,796
-0,434785
0,672244
2,04349
2,85286
3,07359
3,95989
4,90972
5,40805
6,33448
7,89971
8,82948
9,86627
11,0904
11,679
11,4984
11,5519
10,873
9,2375
7,56526
5,99334
3,68229
1,26088
-0,76589
-2,72911
-5,23414
-6,91977
-8,27763
-10,1472
-11,2108
-11,6088
-12,5251
-12,8897
-12,5853
-12,3044
-12,3646
-11,8128
-11,3144
-11,5118
-11,5218
-11,2542
-11,8797
-12,4616
-12,3947
-12,6857
-13,2977
-12,9733
-12,4449
-12,0603
-10,9164
-8,97663
-6,98666
-4,46491
-0,959871
2,45821
5,96324
10,0904
14,0703
16,9834
19,8128
22,3446
23,6958
24,1339
24,5252
24,1339
22,5419
21,4182
19,7894
17,3847
15,2141
13,1004
10,2108
7,2977
4,93982
2,2174
-0,973249
-3,23747
-5,4415
-8,05355
-9,94319
-11,4649
-13,592
-15,4951
-16,8763
-18,6957
-20,9499
-22,5051
-24,0068
-26,1406
-27,6824
-28,3145
-29,3078
-29,7995
-29,5018
-29,2476
-29,1473
-28,0503
-27,0336
-26,4884
-25,552
-24,2275
-23,4918
-22,7794
-21,4014
-20,3145
-19,6355
-18,3446
-17,0703
-16,0803
-14,7024
-12,8462
-11,5586
-10,1205
-7,8395
-5,9298
-4,56858
-2,65219
-1,2174
-0,531775
0,053512
0,615388
0,234115
-0,371239
-0,484952
-1,09031
-2,23412
-2,39132
-2,47827
-3,21741
-3,4649
-3,17058
-3,72243
-4,32778
-4,48497
-5,30772
-6,64552
-7,59536
-8,83951
-10,7024
-12,4315
-13,7124
-15,8897
-17,9064
-19,3379
-21,0302
-22,97
-24,2209
-25,4784
-26,9466
-27,9199
-28,0871
-28,9098
-29,348
-28,9065
-28,5754
-28,4516
-27,4884
-26,3714
-25,7526
-24,8195
-23,5285
-22,9867
-22,756
-22,2342
-22,3279
-23,3011
-23,9767
-24,7928
-26,2041
-27,0871
-27,057
-27,1941
-26,7326
-25,0637
-22,9934
-20,9901
-18,1807
-15,2409
-13,291
-11,3412
-9,51175
-9,00005
-8,93984
-8,67228
-9,06359
-9,97998
-10,2041
-10,1974
-10,5954
-10,1673
-9,15389
-8,44151
-7,58198
-6,1104
-4,9532
-4,50838
-3,53848
-2,95319
-3,20737
-3,44818
-3,35788
-4,04015
-4,76925
-4,94317
-5,20404
-5,59869
-5,09367
-4,35788
-3,77928
-2,48831
-0,130435
1,84616
4,26758
7,73917
11,097
14,2007
18,1773
21,9399
24,7426
27,4717
30,2142
31,4383
32,0336
32,5921
32,1406
30,4684
29,2242
27,6289
25,4383
23,5988
22,3111
20,6623
19,1974
18,6021
17,8128
16,5854
16,1339
15,4683
14,2643
13,1439
12,3613
10,7057
9,0569
7,91643
6,36458
4,58865
3,45821
2,41138
0,762546
-0,0234115
-0,0501675
-0,578598
-0,367895
0,531775
1,47158
2,53179
4,45822
6,64886
8,19737
10,2576
12,9432
14,7693
16,5185
18,883
20,6289
21,6523
22,9767
24,077
24,378
24,6322
25,2175
24,9901
24,7125
25,2075
25,4349
25,2409
25,6757
26,261
25,8998
25,756
25,8162
24,756
23,4918
22,5653
21,2944
19,358
18,1941
17,1238
15,6757
14,9365
14,5987
13,8897
13,5653
13,6522
13,3646
12,5787
12,6455
12,5987
11,8496
11,3278
11,2509
10,3847
9,60874
9,28767
8,59202
7,16392
6,46826
5,60872
4,10035
2,89968
2,495
1,40134
0,648833
0,849503
1,10703
0,969905
2,05018
3,42477
4,37795
5,68565
7,7793
9,33115
10,9867
13,2041
15,3947
16,8797
18,9332
20,7325
21,9934
23,4282
24,9232
25,6122
26,2643
27,1975
27,5687
27,4684
27,6155
27,5419
26,6256
25,7794
25,0001
23,1005
21,0269
19,5854
17,6389
15,2409
13,7793
12,5285
10,7994
9,76928
9,47496
8,61877
7,75589
7,7191
7,25756
6,12043
5,51508
5,25421
4,50838
4,16724
4,79267
5,04685
5,84953
7,79937
9,49169
11,097
13,4215
15,5051
16,7961
18,1874
19,7426
20,3513
20,8463
21,659
22,2008
22,475
23,4249
24,4249
24,9366
25,7192
27,1339
27,5252
27,6858
28,1406
27,873
26,6757
25,8597
24,4951
22,2309
20,0603
18,3279
15,5252
12,689
10,271
7,67562
4,46491
1,75252
-0,979938
-4,12377
-6,67562
-8,54854
-10,7024
-11,9566
-11,9934
-11,6522
-10,9365
-8,83616
-6,29435
-4,10035
-1,63212
1,14716
2,56189
3,24751
3,6154
2,85286
0,618732
-1,70235
-4,49835
-8,14051
-11,3579
-13,9265
-16,6088
-18,5653
-19,174
-19,4349
-19,5586
-18,4115
-17,0636
-16,1238
-14,5619
-12,7492
-11,893
-11,2141
-10,3713
-10,3278
-11,1138
-11,6489
-12,5419
-14,2308
-15,5419
-16,2743
-17,4616
-18,0001
-17,2476
-16,3278
-15,4583
-13,3178
-11,0368
-9,26426
-7,27763
-4,96992
-3,62209
-2,53847
-0,963216
0,107024
0,799335
2,11038
3,4649
4,35454
5,53514
6,96325
7,45154
7,80271
8,64218
8,62546
7,9967
7,82947
7,48164
6,70906
6,3211
6,53849
6,13381
5,97662
6,52512
6,60538
6,28431
6,54184
6,51508
5,64886
4,94317
4,4348
2,95319
1,37124
0,337794
-1,23412
-3,2241
-4,44484
-5,37461
-6,70906
-7,5987
-7,59536
-8,09034
-8,4181
-8,0569
-7,90974
-8,31442
-8,05021
-8,00673
-8,32446
-8,24753
-7,53515
-7,388
-6,96993
-5,67227
-4,48497
-3,9532
-2,91306
-1,78262
-1,59198
-1,28094
-0,89967
-1,2475
-1,71238
-1,57526
-1,95319
-2,95654
-3,19734
-3,58196
-4,73247
-5,6823
-6,2609
-7,76927
-9,19068
-9,7559
-10,6522
-11,873
-12,0569
-11,98
-12,0803
-11,6054
-10,2475
-9,4549
-8,43482
-6,55187
-5,02009
-3,86624
-2,04683
-0,53512
0,180603
0,979938
2,13045
2,30101
2,3077
3,09366
3,59199
3,66891
4,6823
5,86959
6,81609
8,18399
9,98667
10,4817
11,1238
11,8596
11,6054
10,4716
9,65557
8,56526
7,05355
6,04351
6,04685
5,64217
5,55521
6,49502
7,45489
7,85957
8,63884
9,10707
8,388
7,51509
6,75589
4,81608
2,75921
1,22074
-0,745823
-2,82276
-4,0435
-5,13715
-6,23749
-6,84953
-6,48498
-6,48164
-5,99669
-4,25755
-2,80938
-1,41807
0,839469
2,8261
4,12711
5,51173
6,57528
6,53515
6,04685
5,61876
4,69568
3,10035
2,25085
1,75921
0,973249
1,10034
2,16723
2,50837
3,02008
3,98999
4,35788
3,45152
2,90637
1,67559
-0,742479
-3,11707
-4,9532
-7,48164
-9,26092
-10,1104
-10,572
-10,9633
-10,281
-9,22747
-8,83616
-8,06693
-6,92646
-6,94318
-6,95656
-6,45488
-6,13381
-6,21408
-5,4114
-4,20069
-3,14717
-1,72242
0,374584
1,60536
2,49834
3,72577
3,98999
3,31105
3,0368
1,94984
0,331105
-0,725756
-1,20736
-2,25754
-3,01674
-2,83279
-2,91975
-3,88965
-4,17059
-4,98999
-6,92646
-8,89971
-10,883
-13,689
-16,6222
-18,5185
-20,3546
-22,3178
-22,756
-22,7158
-22,6456
-21,9132
-20,1539
-18,8529
-17,5921
-15,6723
-13,99
-12,9231
-11,4716
-9,95323
-9,2375
-8,32446
-6,90973
-6,29769
-5,80939
-4,90638
-4,49501
-4,60537
-4,1037
-3,79601
-4,2542
-4,36457
-3,74584
-3,69567
-3,82611
-2,95988
-2,33112
-2,11038
-1,15051
0,046823
0,745823
1,66222
3,30436
4,03012
4,58865
5,79267
6,29435
6,01341
5,97327
5,73247
4,66892
3,5552
3,06022
2,0067
1,11372
1,05352
1,17726
0,779268
1,37459
2,13045
2,27426
2,78262
3,88296
4,40805
4,77929
6,07695
7,32111
7,85288
9,2375
10,8362
11,495
12,1037
13,281
13,3479
12,9165
12,7793
12,1974
10,8429
10,0502
9,38466
8,2676
7,43148
7,32111
6,8395
6,36792
6,50505
6,689
6,26425
6,37127
6,48833
5,94986
5,48163
5,5318
4,77594
3,62544
3,07359
2,02677
0,123746
-1,21405
-2,87627
-5,56859
-8,03683
-10,0201
-12,8061
-15,7091
-17,6489
-19,4917
-21,562
-22,4416
-22,7861
-23,1306
-22,6857
-21,2476
-20,2442
-18,9867
-17,1673
-15,6456
-14,8362
-13,7492
-12,7057
-12,6924
-12,7358
-12,1238
-12,2175
-12,2843
-11,6255
-10,9231
-10,4215
-9,10372
-7,55857
-6,42478
-5,24752
-3,29433
-2,26423
-1,64215
-0,53512
-0,250837
-0,785957
-0,531775
-0,769235
-1,60536
-2,08028
-1,86957
-2,00001
-1,66222
-0,545153
0,725756
1,51171
2,93313
4,33781
4,84618
5,16056
5,34116
4,52511
3,15386
2,11372
0,561876
-1,57191
-2,84951
-3,89969
-5,30772
-6,10037
-6,04351
-6,39803
-6,46157
-5,88966
-5,35454
-5,39802
-4,82611
-3,95654
-3,78597
-3,38798
-2,32108
-2,22075
-1,85954
-1,15385
-0,889637
-1,29432
-1,02342
-0,782613
-0,996661
-0,909704
-0,173914
0,033445
0,214048
1,32108
1,95988
1,69901
1,78596
1,56857
0,444818
-0,946493
-1,80937
-3,68898
-5,42812
-6,1104
-6,70572
-7,3278
-6,84284
-5,79936
-4,99668
-3,53848
-1,39466
0,046823
1,56188
3,46824
5,00337
5,49501
6,59201
7,45489
7,48499
7,48499
8,00673
7,67562
7,07361
7,24084
7,12044
6,40137
6,34117
6,34786
5,65555
5,16391
5,23748
4,51842
3,44483
2,96323
2,21406
0,866225
-0,0234115
-0,585287
-1,73245
-2,26088
-2,02677
-2,53847
-2,57192
-1,80268
-1,11706
-0,926426
-0,0969905
0,806024
0,913048
1,32777
2,25085
2,44148
2,59533
3,41808
3,94316
3,76925
4,23079
4,81942
4,54183
4,52845
4,82611
4,36457
3,74249
3,77259
3,52845
2,62543
2,69232
2,77259
2,41473
2,1873
2,88965
2,83948
2,69232
3,14383
3,29099
2,63881
2,32777
1,68563
0,317727
-1,06021
-2,1572
-4,30771
-6,48164
-8,08365
-9,60205
-11,7659
-12,8529
-13,8161
-15,0703
-15,5419
-15,2375
-15,3847
-15,3145
-14,4716
-13,7425
-13,5619
-12,7258
-12,1238
-11,9599
-11,8027
-11,1004
-11,2375
-11,2843
-10,7024
-10,1773
-10,0201
-8,86292
-7,39134
-6,16725
-4,38129
-1,90971
0,086957
2,17392
4,81608
6,92646
8,38466
10,0803
11,3077
11,4716
11,4583
11,5787
10,6756
9,38466
8,51175
7,388
5,71575
4,92645
4,2241
3,30102
3,05018
3,68898
3,99668
4,62544
5,87628
6,94987
7,36793
8,28432
8,88968
8,72914
8,42145
8,54185
7,88967
7,12378
7,26759
7,16726
6,84953
7,44151
7,97663
8,02011
8,16726
8,786
8,00004
7,21074
6,45823
5,16725
3,26423
2,18061
1,09031
-0,324416
-1,28763
-1,25419
-1,76924
-2,22744
-2,06356
-2,33112
-3,51172
-4,194
-5,19066
-6,8395
-8,33115
-9,16727
-10,5251
-11,3813
-11,3613
-11,2977
-11,6188
-11,0302
-10,4716
-10,2375
-9,89637
-8,78934
-8,44486
-7,8696
-6,36792
-4,73581
-3,43814
-1,07024
1,34449
3,04684
5,18397
7,48164
8,82279
9,76928
10,9833
11,572
11,388
11,7793
11,9766
11,5051
11,0101
11,1171
10,2375
9,00005
8,19068
6,87294
4,75588
3,16724
1,57191
-0,658866
-2,2776
-3,15052
-4,31106
-5,44484
-5,2308
-5,10036
-5,06692
-4,39133
-3,21741
-2,40135
-1,28429
0,80268
2,34784
3,8328
6,09702
7,94987
9,06025
10,5686
11,6455
11,5887
11,3579
11,4583
10,4281
9,23416
8,76259
8,24084
7,38131
7,4783
8,11375
8,15054
8,76927
9,92647
10,4081
10,6154
11,0502
10,9666
9,96661
9,32112
8,6656
7,09034
5,53514
4,9532
3,40804
1,8863
0,903015
-0,093646
-1,71907
-2,69901
-3,28095
-4,46825
-5,29434
-5,16725
-5,12712
-4,87962
-3,72912
-2,60871
-1,77258
-0,314383
1,26088
2,097
3,02677
4,46825
5,27093
6,02679
7,41141
8,80606
9,74252
11,4516
13,1305
14,3178
15,271
16,5084
16,5854
16,2977
16,1405
15,3044
13,3011
12,0971
10,7526
8,76593
7,22412
6,46826
5,3813
4,31775
4,17059
4,23748
3,56858
3,77928
3,94651
3,5251
2,87627
2,83948
1,84282
0,615388
-0,190636
-1,24081
-2,89634
-3,56858
-3,93982
-4,44818
-4,33113
-3,04015
-1,87961
-0,458196
1,71238
3,91975
5,30772
7,18398
8,66225
9,27095
9,74252
10,3077
9,86627
9,54185
9,85958
9,64888
9,2375
9,63884
10,3044
10,5051
10,7124
11,5385
11,4315
10,8897
10,5251
9,64219
7,61208
6,06358
4,12377
1,68897
-0,558531
-1,70904
-3,39801
-4,5318
-4,8629
-5,20404
-5,81608
-5,75588
-5,88632
-6,85957
-7,87295
-8,51175
-10,0001
-11,5552
-12,291
-12,9298
-13,9399
-13,7593
-13,184
-12,8864
-12,2041
-10,9298
-10,5485
-10,1873
-9,65557
-9,34787
-9,93985
-10,0402
-10,0268
-10,5218
-10,495
-10,0402
-10,0669
-9,89972
-9,08366
-8,44486
-8,53516
-7,89636
-7,00672
-6,78599
-6,31776
-5,26758
-4,60537
-3,88296
-2,75921
-1,93312
-1,65553
-0,852847
-0,331105
-0,685622
-0,909704
-0,769235
-1,31104
-2,16389
-2,21071
-2,54182
-3,4047
-3,4047
-3,4047
-3,96658
-4,17393
-3,78932
-4,03681
-4,24417
-3,66223
-3,13045
-3,08363
-2,14717
-1,25753
-0,598665
0,314383
1,78262
2,48162
3,0368
4,17393
4,61875
4,20738
4,24417
3,87962
2,8261
1,71238
1,04348
-0,36455
-1,57526
-2,11707
-2,8261
-3,77928
-3,60537
-3,26423
-3,47159
-3,62209
-2,94985
-3,23413
-3,93982
-4,32778
-5,3813
-7,05689
-8,42145
-9,90306
-11,6991
-13,0536
-13,5519
-14,1773
-14,3211
-13,4683
-12,4248
-11,8997
-10,5385
-9,30774
-8,78265
-8,23081
-7,49837
-7,4181
-7,36459
-6,84619
-6,1405
-5,97662
-4,72243
-3,2241
-2,00001
-0,434785
1,77927
3,25085
4,58196
6,49836
7,89302
8,49168
9,65557
11,0067
11,3345
11,9365
13,0904
13,4348
13,6623
14,2242
14,465
14,1405
14,1974
14,3111
13,8061
13,4884
13,9767
13,8362
13,6389
14,2844
14,592
14,0837
13,8864
13,4683
12,087
10,4348
9,16393
7,01341
4,55521
2,95319
1,40469
-0,424751
-1,04348
-1,00669
-1,13378
-0,575254
1,19399
2,24081
3,28764
5,1338
6,68565
7,21743
8,26426
9,15389
9,18734
9,24085
9,63216
9,2375
8,82613
8,786
8,40807
7,34786
6,98331
6,66224
5,5318
4,7124
4,4348
3,40804
2,34115
1,87961
1,38797
0,0434785
-0,411373
-0,642144
-1,44482
-1,8863
-1,37793
-1,20736
-1,24415
-0,60201
-0,143813
-0,471574
-0,250837
-0,505019
-1,68897
-2,65888
-3,18396
-4,39802
-5,40471
-5,2609
-4,82946
-4,61206
-3,0669
-0,909704
1,13378
3,30102
6,03682
8,08031
9,9365
11,9231
13,4449
13,97
14,99
15,8462
16,0201
16,3111
17,174
17,4549
17,3981
18,1773
18,7192
18,2978
18,4717
18,5285
17,8763
16,8529
16,5854
15,3111
13,8395
12,7392
11,4549
9,55523
8,46827
7,4783
6,05689
