500
3994
8,59921
12,6462
16,6341
20,5333
24,0321
27,0472
29,3932
31,2313
32,3465
33,2145
33,5289
33,545
33,3972
33,3166
33,3327
33,6982
34,3001
35,1224
36,2107
37,5356
38,7663
39,9326
40,8167
41,3004
41,1902
40,6178
39,3629
37,5275
35,4046
32,9162
30,3284
27,5954
25,1312
22,9572
21,103
19,5713
18,491
17,8676
17,3973
17,451
17,666
17,9509
18,4426
18,929
19,2219
19,4853
19,6116
19,3079
18,7543
18,0046
16,8813
15,5753
14,1995
12,5441
10,8861
9,44032
8,05908
6,72082
5,68354
4,62476
3,6063
2,71413
1,75746
0,811551
-0,115552
-0,978161
-1,93751
-2,81356
-3,61973
-4,15449
-4,60595
-5,01979
-5,49275
-5,77491
-6,0517
-6,3258
-6,54078
-6,75038
-6,89818
-6,79875
-6,67783
-6,36611
-5,62174
-5,03591
-4,29154
-3,55255
-2,96673
-2,41853
-2,08262
-2,06381
-2,35941
-2,60664
-3,21127
-4,05775
-5,00635
-6,16187
-7,54312
-9,09367
-10,7598
-12,5145
-14,3499
-16,0698
-17,5908
-18,9129
-19,8373
-20,1705
-20,1867
-19,7997
-19,2837
-18,5447
-17,9374
-17,5854
-17,6983
-18,1551
-19,0419
-20,2968
-21,7775
-23,2313
-24,7335
-26,0879
-27,3052
-28,1436
-28,9444
-29,6942
-30,4224
-31,2904
-32,3814
-33,6525
-34,9639
-36,5789
-38,0327
-39,3575
-40,4781
-41,2117
-41,4697
-41,3192
-40,5426
-39,3065
-37,3824
-34,8564
-31,8547
-28,2108
-24,1047
-19,582
-14,9411
-10,2868
-5,60292
-1,34094
2,31373
5,46587
7,96502
9,44032
10,4642
10,8888
10,8753
10,3459
9,54244
8,54816
7,21259
5,56799
3,52299
1,1797
-1,58817
-4,81825
-8,39767
-12,0147
-15,5162
-19,0096
-21,9441
-24,1638
-25,5504
-26,0261
-25,6955
-24,3277
-22,4198
-19,9717
-17,3409
-14,5488
-11,918
-9,81116
-8,07789
-6,93312
-6,14575
-5,57337
-5,24821
-4,97948
-4,32648
-3,41013
-2,0665
-0,198857
1,91601
4,31036
6,7047
9,04798
10,9989
12,2915
12,8988
12,7564
11,8239
10,0826
7,66942
4,56564
1,23882
-2,34866
-6,01676
-9,30327
-12,0926
-14,1887
-15,6156
-15,9945
-15,312
-13,8447
-11,531
-8,80882
-5,80984
-3,00166
-0,497142
1,26838
2,20086
2,09875
1,06684
-0,747057
-3,13334
-5,76685
-8,40036
-10,749
-12,6462
-13,8904
-14,4762
-14,4252
-13,8394
-12,9257
-11,9072
-10,7544
-9,82191
-9,1501
-8,75776
-8,83569
-9,09367
-9,7413
-10,6791
-11,9314
-13,4927
-15,1964
-17,099
-19,2461
-21,3717
-23,6532
-25,8111
-27,9098
-29,7076
-31,2286
-32,4943
-33,5127
-34,1174
-34,4372
-34,6495
-34,6844
-34,4479
-34,112
-33,5101
-32,5641
-31,0324
-29,0707
-26,4372
-22,9465
-18,792
-14,006
-8,69058
-3,10109
2,69532
8,34661
13,7346
18,6872
22,9196
26,6683
29,541
31,8735
33,4671
34,6038
35,109
34,8806
34,241
33,115
31,3361
29,2749
26,8403
24,3358
21,6593
19,3025
17,3409
15,7822
14,624
14,0893
14,1161
14,4359
14,7933
15,0728
15,0782
14,6482
13,5411
11,8965
9,72517
6,87937
3,76484
0,376216
-2,85386
-5,90121
-8,63952
-10,8377
-12,3802
-13,3637
-13,6324
-13,3234
-12,485
-11,4826
-10,2277
-9,04798
-8,10207
-7,36039
-7,1884
-7,55656
-8,20419
-9,25759
-10,5367
-11,6681
-12,5925
-13,1622
-13,1595
-12,4984
-11,2757
-9,59887
-7,65867
-5,69429
-3,86158
-2,25192
-1,14477
-0,604632
-0,542825
-0,79274
-1,39737
-1,9617
-2,41315
-2,37016
-2,06919
-1,2012
0,233791
2,10949
4,19749
6,48703
8,85988
10,9613
12,7752
14,3876
15,6909
16,7443
17,3838
18,0019
18,7114
19,5229
20,4769
21,7399
23,2179
24,8867
26,8806
28,974
31,1963
33,2978
35,3051
37,111
38,546
39,6827
40,2255
40,067
39,2124
37,6995
35,3374
32,1637
28,2726
23,8494
19,0338
14,057
9,33821
4,96336
1,24689
-1,78702
-3,6681
-4,82362
-5,35301
-5,21327
-4,84781
-4,5549
-4,49309
-5,16222
-6,27474
-8,06982
-10,5502
-13,4228
-16,3546
-19,1091
-21,5894
-23,3845
-24,3385
-24,4728
-23,8279
-22,4816
-20,6569
-18,4991
-16,3708
-14,3741
-12,743
-11,5928
-11,0124
-11,1199
-11,617
-12,7241
-14,135
-15,7473
-17,529
-19,1198
-20,5414
-21,5598
-22,0355
-21,6781
-20,9283
-19,3375
-17,1044
-14,4709
-11,4504
-8,2015
-5,0171
-1,99126
0,76318
3,06884
4,73225
6,00601
6,84981
7,15078
7,4007
7,30127
6,83637
6,21831
5,59218
4,79675
3,90189
2,83774
1,88645
0,865296
-0,0859921
-0,835736
-1,40812
-1,69566
-1,78434
-1,58011
-1,18777
-0,752431
-0,0591196
0,472957
0,964724
1,47262
1,98588
2,34866
2,91298
3,55792
4,36948
5,56799
6,93312
8,59115
10,3647
12,4635
14,4843
16,5615
18,6039
20,5226
22,194
23,7043
24,9297
26,0126
26,9988
27,8695
28,3882
28,9471
29,3394
29,5544
29,6404
29,5759
29,4254
28,9955
28,5521
27,8346
26,9639
26,0502
25,0775
24,2417
23,2931
22,5917
22,0597
21,8608
21,8501
22,2693
22,8793
23,5995
24,5803
25,4456
26,1765
26,7059
27,0177
26,7946
26,2921
25,5101
24,6287
23,5645
22,5568
21,7748
21,0278
20,6139
20,2726
20,0792
19,8346
19,5632
18,9774
18,0637
16,6878
14,9546
12,6247
10,0557
7,01373
3,75409
0,268725
-3,23814
-6,72888
-9,99659
-13,0627
-15,7043
-17,9697
-19,8292
-21,2723
-22,3983
-23,3415
-24,1611
-25,1823
-26,2787
-27,504
-28,8987
-30,3821
-31,5887
-32,3115
-32,376
-31,5994
-29,6592
-26,6979
-22,9518
-18,3298
-13,4524
-8,66102
-4,27273
-0,752431
1,65804
3,18708
3,58748
3,10378
2,15787
0,854547
-0,30366
-1,23345
-1,6661
-1,67416
-1,34363
-0,857234
-0,41115
-0,177359
-0,427273
-1,0534
-2,06112
-3,51224
-5,25627
-6,92505
-8,39229
-9,58006
-10,3459
-10,6684
-10,5555
-10,0208
-9,26297
-8,33586
-7,37383
-6,41716
-5,63786
-4,84243
-3,93951
-3,13603
-2,45078
-1,58011
-0,631505
0,467582
1,66341
2,77862
3,96639
5,27239
6,34998
7,49475
8,49978
9,3194
10,1417
10,8511
11,3993
11,9529
12,3184
12,6328
12,8827
12,9553
12,7779
12,5199
12,1383
11,5444
10,8404
10,0745
9,01305
7,88172
6,61871
5,24821
3,75409
2,20086
0,59657
-1,09103
-2,6362
-4,07925
-5,39601
-6,30161
-6,82025
-6,9573
-6,874
-6,41179
-5,77222
-4,96605
-4,11419
-3,35907
-2,72488
-2,2761
-1,9402
-1,52636
-1,15552
-0,612694
0,228417
1,26032
2,57439
4,14375
5,78028
7,32008
8,68252
9,64187
10,2089
10,2384
9,73055
8,76582
7,66942
6,28011
4,9338
3,67079
2,73025
2,06919
1,71447
1,59623
1,74403
2,05037
2,35941
2,5717
2,70069
2,64695
2,4239
2,07993
1,51292
0,87067
0,193482
-0,615381
-1,25763
-2,0235
-2,75712
-3,59823
-4,43666
-5,37451
-6,54615
-7,68555
-8,876
-10,225
-11,5095
-12,579
-13,4175
-13,9415
-14,014
-13,5276
-12,7295
-11,4799
-9,8461
-8,15044
-6,36073
-4,47697
-2,85655
-1,40812
-0,131675
0,945913
1,80046
2,36478
2,86461
3,12796
3,30532
3,41819
3,28382
2,92911
2,55827
1,84346
1,10446
0,282162
-0,57776
-1,27376
-1,98857
-2,49108
-2,90223
-3,14946
-2,95329
-2,71681
-2,27073
-1,63116
-0,975473
-0,309034
0,317096
0,913666
1,30063
1,3705
1,50755
1,46724
1,25226
1,349
1,67685
2,22505
3,28651
4,83974
6,83906
9,11517
11,3456
13,5088
15,1051
15,9462
15,9704
14,7584
12,6301
9,63649
5,79372
1,54786
-2,8888
-7,02717
-10,9317
-14,1672
-16,6583
-18,5152
-19,6277
-20,1517
-20,4151
-20,2968
-19,9797
-19,5686
-19,0714
-18,6119
-18,1927
-17,6203
-16,927
-16,1719
-15,2314
-14,0973
-12,6543
-11,1736
-9,44301
-7,68286
-5,78566
-3,89114
-2,10143
-0,502517
1,00503
2,1498
3,10378
3,65467
3,7729
3,69497
3,40744
2,84043
2,2143
1,61504
1,23076
0,803489
0,830362
1,25495
1,96976
3,21933
4,79137
6,54884
8,55353
10,5502
12,4017
13,8179
14,8444
15,3173
15,2072
14,3822
13,0869
11,3913
9,45376
7,4625
5,56262
4,16256
3,08228
2,68725
2,82162
3,49612
4,71613
6,5139
8,29824
10,1686
11,7997
13,2401
14,3311
14,8121
14,6724
14,0409
13,0708
11,7137
9,90522
8,25524
6,5569
4,84512
3,47999
2,35403
1,38662
0,639566
0,220355
-0,0134363
-0,174672
-0,0483706
0,134363
0,451459
0,953975
1,68491
2,38897
3,33757
4,40441
5,57874
6,94924
8,42454
10,1095
11,9932
14,1914
16,7201
19,5068
22,28
25,322
28,2887
31,0082
33,1903
34,7032
35,6115
35,8103
35,2783
34,1039
32,5346
30,9545
29,189
27,7083
26,5366
25,6606
25,0775
24,6717
24,4406
24,0939
23,5941
22,9008
21,9979
21,0036
19,9529
18,9263
17,8864
17,0936
16,2821
15,3577
14,2693
12,7994
10,9747
8,54278
5,78297
2,65769
-0,679875
-4,09806
-7,12391
-9,53438
-11,2488
-12,1303
-12,1518
-11,4047
-10,1068
-8,33049
-6,35267
-4,4689
-2,74906
-1,4968
-0,677188
-0,309034
-0,419212
-0,878732
-1,55861
-2,37553
-3,3107
-4,19212
-5,00367
-5,75341
-6,39835
-7,14003
-7,87634
-8,74701
-9,65262
-10,9103
-12,27
-13,5948
-15,1292
-16,5669
-17,9535
-18,9263
-19,6734
-20,0174
-19,8911
-19,1897
-18,0772
-16,5911
-14,7154
-12,5575
-10,1659
-7,56462
-4,8075
-2,09875
0,607319
3,17365
5,69967
7,98114
10,1417
11,9932
13,6109
15,0406
16,2713
17,3731
18,3835
19,3294
20,1168
20,9015
21,5142
21,9199
22,0892
21,885
21,2293
20,2458
18,9183
17,0641
15,1454
13,1971
11,2945
9,60425
8,35736
7,71779
7,66942
8,17463
9,2979
10,9022
12,8478
14,9949
17,1527
19,0795
20,6274
21,6781
22,0543
21,8716
20,9149
19,359
17,2602
14,8014
12,1249
9,42957
6,91162
4,65432
2,79474
1,40006
0,610007
0,145112
0,0913666
0,376216
0,790053
1,18508
1,50218
1,4968
1,1179
0,481018
-0,59657
-2,09068
-3,85084
-5,69698
-7,6533
-9,615
-11,2408
-12,4554
-13,2455
-13,5706
-13,4766
-12,9526
-12,1249
-11,0366
-10,0235
-9,1501
-8,40573
-8,07251
-8,16119
-8,56697
-9,23072
-10,1121
-11,1602
-12,0953
-12,9096
-13,5223
-13,7292
-13,4873
-12,9311
-11,9556
-10,6684
-9,09098
-7,49206
-5,68623
-4,18674
-2,95598
-1,97513
-1,40006
-1,40812
-1,86495
-2,60126
-3,6681
-4,8075
-5,67011
-6,35804
-6,5354
-6,06782
-4,84512
-2,92105
-0,446084
2,39703
5,33689
8,16388
10,6335
12,3909
13,2589
13,31
12,4312
10,5528
7,98921
4,99292
1,63654
-1,82196
-5,04935
-7,96233
-10,448
-12,1867
-13,1944
-13,4631
-12,9526
-11,5686
-9,69293
-7,01105
-3,85621
-0,540138
2,78937
5,99526
9,00768
11,4853
13,3234
14,6133
15,1642
15,1507
14,7369
14,014
13,0762
12,0846
11,2569
10,5609
10,0288
9,84341
9,8246
9,9724
10,3862
10,7732
11,1844
11,7191
12,0953
12,3856
12,5145
12,622
12,5549
12,2055
11,875
11,2838
10,6523
9,94821
9,22266
8,48904
7,71779
6,98149
6,3876
5,87702
5,47125
5,1649
4,86124
4,65432
4,50115
4,30498
4,1115
3,95833
3,72185
3,40475
3,15215
2,97479
2,79743
2,74906
2,94792
3,20052
3,57405
4,12494
4,69732
5,30464
5,76685
6,07857
6,32848
6,40104
6,45478
6,5139
6,62677
7,15347
8,03489
9,47257
11,488
14,0597
17,0426
20,3533
23,7822
26,9639
29,6512
31,5484
32,4647
32,4137
31,2259
29,1298
26,3002
23,105
19,9018
16,9969
14,874
13,8017
13,8635
15,0056
17,322
20,4151
23,9945
27,7002
31,1533
34,026
36,02
36,9739
36,9121
35,8399
33,8782
31,2205
27,9501
24,3922
20,8665
17,3355
14,0221
11,0043
8,28749
6,01139
4,21093
2,8673
1,95632
1,65266
1,7279
2,33791
3,32145
4,54683
6,09201
7,75273
9,4457
11,0903
12,5092
13,834
14,7154
15,2609
15,4598
15,3711
14,7799
13,9791
12,8693
11,5579
10,1686
8,75507
7,33889
6,10275
5,10041
4,41247
3,84277
3,59017
3,75678
4,08731
4,48771
5,1434
5,7776
6,3876
6,75576
6,83637
6,5999
5,83672
4,47428
2,47227
-0,104803
-3,07959
-6,29355
-9,63381
-12,8666
-15,7822
-18,147
-19,8131
-20,5844
-20,6247
-20,0012
-18,757
-17,0882
-15,1991
-13,1192
-11,0581
-9,15547
-7,36308
-5,83403
-4,4904
-3,36713
-2,45615
-1,80583
-1,54517
-1,31138
-1,40275
-1,70103
-2,01813
-2,33791
-2,59589
-2,56364
-2,37285
-1,80046
-0,943226
0,0698686
1,15283
2,44003
3,63585
4,74569
5,63517
6,39566
7,11585
7,87097
8,54547
9,20922
9,96971
10,5179
10,7383
10,8834
10,5394
9,60156
8,13969
6,16994
3,72722
1,00503
-1,71984
-4,2593
-6,3876
-7,86291
-8,68789
-8,77657
-7,97846
-6,57034
-4,64358
-2,31641
0,115552
2,53139
4,73225
6,47091
7,95158
8,90556
9,21728
9,06948
8,50516
7,60493
6,44672
5,13803
3,86965
2,82162
1,97782
1,26838
1,03459
1,05878
1,07759
1,11252
1,10177
0,378903
-0,827674
-2,68725
-5,24015
-8,47291
-12,1813
-15,9274
-19,7621
-23,1964
-26,0449
-28,02
-29,1245
-29,3368
-28,7402
-27,6223
-26,0637
-24,3761
-22,847
-21,5222
-20,4634
-19,8857
-19,8346
-20,0281
-20,2511
-20,4124
-20,4393
-20,0738
-19,1762
-17,6606
-15,3872
-12,5844
-9,30865
-5,6298
-1,94557
1,6016
4,67582
7,19109
8,85988
9,79235
9,80848
9,03186
7,70167
6,16187
4,53877
2,91298
1,81927
1,25495
1,4538
2,23848
3,81321
6,01139
8,69595
11,883
15,2824
18,7785
22,3687
25,7493
28,7321
31,2689
33,2843
34,5285
34,8188
34,2813
32,806
30,5406
27,4664
23,9784
20,0953
16,2095
12,6516
9,61231
7,36845
6,13769
5,98989
6,73695
8,48635
10,8619
13,6244
16,4971
19,2139
21,3207
22,7154
23,3818
23,1238
21,9522
20,192
17,9159
15,2905
12,579
9,94284
7,27977
4,83437
2,54214
0,341281
-2,05575
-4,46622
-6,92237
-9,56394
-12,3103
-14,8847
-17,3086
-19,2031
-20,6327
-21,3502
-21,3153
-20,4097
-18,9236
-16,8249
-14,2156
-11,402
-8,58578
-5,9657
-3,47193
-1,53711
0,112865
1,40275
2,27073
2,77593
3,05272
3,30264
3,40744
3,57405
3,89921
4,43128
4,99292
5,90121
7,1051
8,41648
9,9509
11,5901
13,2455
14,7557
16,3063
17,5505
18,4292
18,9962
19,2918
19,0473
18,5528
17,7547
16,7013
15,5807
14,358
13,0412
11,9126
10,9506
10,2277
9,76279
9,52094
9,56125
9,70905
10,182
10,6012
11,0392
11,5068
11,883
12,2834
12,3237
12,2969
12,2646
12,047
11,5391
11,0419
10,3406
9,49407
8,45679
7,41145
6,16187
4,77794
3,36175
1,80046
0,268725
-1,33825
-2,98285
-4,77794
-6,55153
-8,46754
-10,4991
-12,4474
-14,3741
-16,2337
-17,8595
-19,1655
-20,141
-20,6865
-20,8101
-20,5226
-19,8991
-18,9613
-17,8917
-16,6878
-15,4813
-14,3902
-13,3234
-12,3587
-11,4074
-10,5932
-9,92403
-9,33821
-8,81419
-8,51053
-8,61802
-9,01842
-9,73861
-10,9425
-12,4662
-14,1108
-15,8924
-17,6983
-19,1574
-20,1329
-20,6032
-20,3506
-19,4718
-17,9132
-15,8548
-13,4766
-10,8726
-8,20419
-5,54649
-3,14677
-0,970099
0,999659
2,741
4,32917
5,83403
7,15885
8,33855
9,38927
10,1551
10,7006
10,7087
10,0906
8,95931
7,27977
5,04666
2,41315
-0,534764
-3,48537
-6,06245
-8,25256
-9,79773
-10,4212
-10,0906
-8,91362
-6,831
-3,78097
-0,311721
3,57942
7,66674
11,746
15,6963
19,2192
22,3338
24,884
26,7301
27,9179
28,3129
27,8373
26,4587
24,1665
21,0761
17,2334
12,8182
8,00264
3,16559
-1,42156
-5,54649
-9,02111
-11,4504
-13,0063
-13,5975
-13,3772
-12,5145
-11,3805
-10,0315
-8,833
-7,96502
-7,48669
-7,38457
-7,70436
-8,34124
-9,1931
-10,1444
-11,2999
-12,5414
-13,9442
-15,5162
-17,2737
-19,2246
-21,5276
-23,973
-26,3432
-28,4983
-30,4358
-31,7687
-32,2766
-31,8493
-30,5406
-28,2457
-25,1527
-21,3879
-17,0264
-12,3829
-7,81991
-3,35907
0,92979
4,64358
7,79035
10,1981
11,8696
12,7161
12,8397
12,0846
10,5797
8,40842
5,63786
2,49108
-1,02116
-4,53608
-7,73929
-10,7195
-13,1138
-14,8525
-15,7796
-16,0537
-15,7016
-15,0271
-13,877
-12,7027
-11,832
-11,3993
-11,4128
-12,0362
-13,4578
-15,4114
-17,5746
-20,098
-22,4816
-24,4701
-26,0234
-26,929
-26,851
-25,8998
-24,1584
-21,5894
-18,4641
-14,9573
-11,3295
-7,75542
-4,52534
-1,83271
0,376216
1,90258
2,70338
2,77862
2,36478
1,2227
-0,282162
-2,00469
-4,06044
-6,41985
-8,8975
-11,3751
-13,9361
-16,3466
-18,491
-20,3533
-21,7453
-22,4466
-22,4117
-21,7103
-20,0926
-17,7466
-14,8068
-11,2972
-7,51625
-3,78903
-0,0134363
3,36982
6,21562
8,55622
10,2169
11,1172
11,4907
11,4235
10,9936
10,1901
9,34627
8,52934
7,78766
7,28783
6,93849
6,72888
6,69395
6,67783
6,54346
6,04363
5,45513
4,85856
4,02282
3,0151
2,07725
1,32482
0,679875
0,481018
0,690624
1,18239
1,82733
2,59857
3,20858
3,75678
4,15718
4,27273
4,29423
4,19749
4,17331
4,37485
4,82093
5,65667
6,84712
8,29824
9,77354
11,1924
12,2431
12,8397
12,7967
12,0846
10,7544
8,74432
6,46553
3,95026
1,38931
-0,873358
-2,70338
-3,8589
-4,44203
-4,42591
-4,02551
-3,05272
-1,8972
-0,755118
0,327845
1,08834
1,4753
1,39468
0,996971
0,284849
-0,610007
-1,69566
-3,02585
-4,30229
-5,58143
-6,76919
-8,07251
-9,46451
-10,8296
-12,2996
-13,6271
-14,5837
-15,1051
-15,0728
-14,1806
-12,3963
-9,68755
-6,19143
-1,93751
2,71413
7,54581
12,3076
16,6019
20,2915
23,2636
25,4402
26,8215
27,4342
27,7566
27,5766
27,1413
26,6602
26,1631
25,7627
25,3811
25,15
24,9727
24,8141
24,6905
24,5024
24,2444
23,8843
23,3952
22,7395
21,9146
20,9606
19,8427
18,6549
17,4349
16,2149
15,1615
14,3714
13,7561
13,4336
13,3449
13,6405
14,0839
14,7288
15,6398
16,7013
17,8622
19,2434
20,8477
22,581
24,5937
26,8645
29,1352
31,3253
33,4509
35,2702
36,5762
37,1379
37,154
36,3156
34,7731
32,5319
29,7667
26,6871
23,5269
20,4231
17,314
14,3822
11,746
9,28715
7,03254
4,89349
2,86193
0,8223
-1,16627
-3,06347
-4,80212
-6,30967
-7,61568
-8,69058
-9,40001
-9,82998
-10,088
-10,2358
-10,2169
-10,1766
-10,4427
-10,7866
-11,4262
-12,3721
-13,6862
-15,2475
-17,0721
-19,0284
-20,966
-22,7127
-24,2363
-24,9619
-25,0291
-24,2767
-22,4869
-19,8427
-16,1934
-11,8804
-6,94924
-1,60429
3,75678
8,85988
13,6405
17,7735
21,2454
23,8359
25,5988
26,5313
26,6092
25,9428
24,5991
22,7799
20,4231
17,6741
14,7369
11,7755
8,80344
5,97914
3,49612
1,21195
-0,752431
-2,3621
-3,63048
-4,66776
-5,64055
-6,40373
-7,22334
-8,06714
-8,74701
-9,58275
-10,4158
-11,0527
-11,66
-12,1115
-12,4715
-12,665
-12,743
-12,786
-12,7698
-12,6677
-12,7241
-12,7967
-13,0117
-13,4416
-13,9898
-14,6912
-15,5001
-16,5696
-17,5612
-18,6549
-19,5148
-20,1087
-20,3667
-20,3103
-19,4826
-18,0154
-15,9623
-13,2079
-9,80042
-5,8824
-1,58548
2,89686
7,48669
11,7782
15,6398
18,9021
21,2239
22,5783
22,8981
21,9495
19,9959
17,1823
13,6674
9,68755
5,57068
1,64729
-1,91064
-4,8908
-7,09704
-8,6019
-9,51019
-9,80579
-9,77086
-9,7198
-9,73323
-9,83266
-10,5018
-11,3375
-12,6758
-14,3123
-16,1155
-17,6902
-19,2434
-20,4823
-21,1514
-21,1675
-20,6515
-19,5847
-18,2088
-16,6986
-15,0137
-13,5787
-12,4339
-11,9099
-11,8669
-12,3076
-13,2079
-14,1511
-15,226
-16,1934
-16,9055
-17,1017
-16,8948
-16,3788
-15,4517
-14,3419
-13,2079
-12,09
-11,0876
-10,2277
-9,51019
-8,7282
-8,0967
-7,4222
-6,44941
-5,43363
-4,09538
-2,48571
-0,695999
1,1394
3,13603
5,24283
7,22871
8,9808
10,6415
12,0523
13,1299
13,8689
14,1887
14,229
13,9549
13,6298
13,138
12,5629
12,0067
11,5337
11,2273
10,8592
10,6711
10,3244
9,9939
9,71442
9,33821
9,10442
8,96737
9,14473
9,47795
10,1309
11,1978
12,4662
14,0275
15,621
17,0399
18,1793
18,8618
18,8806
18,2276
16,7738
14,495
11,3483
7,42488
3,04735
-1,94826
-7,41682
-12,7403
-17,8756
-22,6186
-26,7167
-29,9548
-32,0858
-33,0317
-32,8194
-31,5
-29,4147
-26,8699
-23,7903
-20,802
-17,9858
-15,8037
-14,2478
-13,4148
-13,3745
-13,9146
-14,9492
-16,1101
-17,2011
-18,2706
-18,9075
-18,9613
-18,3943
-17,0318
-15,0916
-12,8128
-10,2599
-7,50819
-4,92036
-2,72219
-1,16089
-0,239166
-0,24454
-1,01309
-2,5099
-4,78331
-7,56462
-10,6254
-13,7184
-16,6529
-19,324
-21,3959
-22,9115
-23,8198
-23,9837
-23,5538
-22,6724
-21,275
-19,7728
-18,147
-16,5347
-14,9788
-13,6217
-12,5468
-11,6492
-11,0742
-10,6093
-10,0853
-9,63649
-9,26028
-8,85719
-8,46216
-8,07251
-7,79572
-7,65599
-7,83603
-8,24987
-8,92437
-9,72517
-10,7625
-11,7997
-12,8021
-13,705
-14,2209
-14,5757
-14,6832
-14,6294
-14,3956
-14,092
-14,0678
-14,2129
-14,538
-15,2932
-16,3278
-17,5961
-19,2649
-21,0761
-22,9303
-24,8114
-26,7301
-28,6004
-30,2934
-31,8574
-33,2306
-34,4291
-35,5336
-36,2941
-36,9686
-37,4899
-37,8446
-38,3202
-38,769
-39,1829
-39,6477
-40,29
-41,0881
-42,0609
-43,0203
-43,8721
-44,7535
-45,4657
-46,0515
-46,3981
-46,4734
-46,2181
-45,8042
-45,1916
-44,3397
-43,3803
-42,4801
-41,5315
-40,6474
-39,9245
-39,2957
-38,7529
-38,1805
-37,6672
-37,0599
-36,2242
-35,2111
-33,8916
-32,2766
-30,3794
-28,2592
-26,1094
-23,8628
-21,7318
-19,8911
-18,1981
-16,8571
-16,0429
-15,7957
-15,9166
-16,4541
-17,3247
-18,7194
-20,5736
-22,6321
-24,7523
-27,0123
-29,2911
-31,3764
-33,2601
-34,9639
-36,3075
-37,3206
-37,9548
-38,2396
-38,2316
-37,9709
-37,4603
-36,7804
-35,9205
-34,9585
-33,9346
-32,9995
-32,1019
-31,328
-30,8174
-30,5729
-30,6401
-30,9276
-31,5134
-32,2981
-33,1285
-33,9615
-34,7193
-35,2595
-35,5228
-35,3965
-34,9666
-34,0314
-32,8221
-31,2608
-29,3287
-27,2944
-25,2011
-23,011
-20,931
-18,9801
-17,3892
-15,8602
-14,624
-13,6513
-12,7268
-11,8669
-11,0043
-9,96703
-8,833
-7,62643
-6,44941
-5,40407
-4,54146
-3,96907
-3,89383
-4,38829
-5,39063
-6,88206
-8,69058
-10,7893
-12,8908
-14,8793
-16,6959
-18,1202
-19,1628
-19,8158
-20,0845
-19,9233
-19,5551
-19,1682
-18,585
-17,8057
-17,185
-16,5589
-16,016
-15,8951
-15,8978
-16,188
-16,8786
-18,0772
-19,6331
-21,3556
-23,4947
-25,5612
-27,4664
-29,1728
-30,3928
-31,0862
-31,0539
-30,374
-29,2454
-27,5739
-25,5262
-23,2286
-20,8612
-18,5636
-16,4164
-14,4977
-12,7645
-11,3133
-10,0718
-8,97812
-8,12088
-7,30396
-6,54346
-5,88777
-5,17296
-4,38291
-3,51762
-2,75175
-1,8972
-0,964724
-0,0886794
0,704061
1,33557
1,76821
1,94557
1,97513
1,73328
1,31944
0,999659
0,472957
0,110177
0,0591196
0,295598
1,00503
2,02082
3,34563
5,02517
6,82025
8,54009
10,1068
11,2515
11,9556
12,2001
11,883
11,093
10,088
9,00768
7,88172
7,03254
6,61871
6,60527
6,92774
7,54581
8,29555
8,92975
9,34896
9,3194
8,67177
7,50819
5,87165
3,81321
1,62041
-0,534764
-2,54752
-4,20555
-5,28045
-5,88509
-5,83403
-5,52499
-4,86393
-4,047
-3,3107
-2,56901
-2,12562
-1,93214
-2,08262
-2,3406
-2,82968
-3,17365
-3,50955
-3,6466
-3,40475
-2,60664
-1,47262
0,0591196
2,23042
4,81825
7,49206
10,3621
13,3825
16,1531
18,6979
20,7752
22,323
23,2582
23,5887
23,062
21,7802
19,9636
17,4698
14,5327
11,3375
8,08326
4,6812
1,48605
-1,27645
-3,40475
-5,2079
-6,47091
-7,13466
-7,56731
-7,57268
-7,49475
-7,35501
-7,33889
-7,53237
-7,94621
-8,53741
-9,28984
-10,2653
-11,2784
-12,3211
-13,1783
-13,9415
-14,5569
-14,8793
-14,8766
-14,6509
-13,9872
-12,8612
-11,3133
-9,2979
-6,71007
-3,68154
-0,131675
3,75947
7,7796
11,7487
15,3872
18,4641
20,8692
22,2236
22,7019
22,0462
20,3264
18,0073
15,2878
12,2727
9,37046
6,85787
4,97411
3,6896
3,0984
3,2247
3,88846
5,00367
6,47091
8,02952
9,68486
11,3429
12,9499
14,4762
15,7312
16,9055
17,7789
18,3109
18,6442
18,5797
18,2438
17,8299
17,3247
16,9512
16,747
16,876
17,4349
18,4507
19,8131
21,4497
23,1426
25,0264
26,6092
27,8561
28,9552
29,6995
30,0274
30,1617
30,1725
29,9333
29,6189
29,2964
28,8799
28,2645
27,3589
26,1497
24,4433
22,4413
20,0657
17,2119
14,0893
10,7678
7,64524
4,56027
1,83002
-0,413837
-2,22773
-3,5203
-4,26199
-4,60595
-4,59252
-4,41247
-4,06044
-3,5633
-3,0984
-2,60126
-2,19011
-1,52905
-0,760493
0,021498
0,994284
2,25461
3,63317
5,10847
6,69395
8,27406
9,76817
11,265
12,6113
13,9549
15,1561
16,2874
17,4618
18,3835
19,3966
20,3667
21,1111
21,8716
22,5084
23,1104
23,4705
23,8548
24,2283
24,6771
25,0371
25,4537
25,9293
26,3378
26,5447
26,6925
26,5313
25,889
25,0156
23,6478
22,1161
20,0577
17,7816
15,4114
13,1675
10,921
8,69595
6,67514
4,78869
2,95061
1,19583
-0,62613
-2,56901
-4,68388
-6,81756
-8,99424
-11,1333
-12,9794
-14,5569
-15,7715
-16,4299
-16,4218
-15,8091
-14,6321
-12,7886
-10,6173
-8,12088
-5,45513
-2,52064
0,349343
3,06347
5,62711
7,97308
10,0369
11,918
13,4148
14,6509
15,6694
16,3224
16,8168
17,1447
17,3758
17,3059
17,1716
17,0238
16,7255
16,1934
15,5296
14,581
13,3261
11,8293
9,9724
7,64793
5,33689
2,7195
0,0833049
-2,28148
-4,39366
-5,94958
-6,94118
-7,30396
-6,99224
-6,20487
-4,87468
-3,26501
-1,64997
-0,142424
1,15552
2,05844
2,49646
2,47765
2,1498
1,4753
0,679875
-0,0940539
-0,798114
-1,30063
-1,38125
-1,08296
-0,405775
0,884107
2,57439
4,50921
6,70739
9,23072
11,6063
13,8474
15,6533
16,9566
17,4886
17,4107
16,2606
14,229
11,488
7,78498
3,49612
-1,34363
-6,55421
-11,8911
-17,3005
-22,4923
-27,3482
-31,6908
-35,3535
-38,3767
-40,556
-41,9964
-42,6817
-42,5554
-42,0878
-41,201
-40,0159
-38,8308
-37,6323
-36,5359
-35,6169
-34,8241
-34,2356
-33,7707
-33,193
-32,4862
-31,5887
-30,6293
-29,3341
-27,6384
-25,5101
-23,0244
-20,0039
-16,5642
-12,7645
-8,4541
-3,9422
0,752431
5,53037
10,1766
14,4601
18,3539
21,9361
24,9135
27,2998
29,1755
30,4627
31,4167
31,9568
32,11
31,8708
31,1292
30,1295
28,716
26,9129
24,9592
22,7261
20,4231
18,2061
15,9435
13,9818
12,2942
10,6791
9,25222
7,89784
6,56227
5,0816
3,39131
1,44843
-0,623443
-2,99898
-5,62711
-8,2848
-11,1897
-14,2559
-17,4483
-20,7644
-24,2175
-27,5927
-30,7959
-33,8594
-36,5574
-38,4492
-39,6101
-39,7526
-39,0082
-37,334
-34,9101
-31,8359
-28,4338
-25,0318
-21,8931
-19,2542
-17,3973
-16,2901
-15,8629
-16,3278
-17,3435
-18,6818
-20,3237
-22,065
-23,4382
-24,3519
-24,7711
-24,4863
-23,4812
-21,8474
-19,7621
-17,2549
-14,6455
-12,3157
-10,3513
-9,13129
-8,83032
-9,56125
-11,2488
-13,8205
-17,0936
-20,6972
-24,2955
-27,6733
-30,366
-32,1852
-32,9377
-32,7039
-31,3092
-29,1083
-26,2598
-22,89
-19,4127
-15,973
-12,8666
-10,2169
-8,16119
-6,66708
-5,6916
-5,26971
-5,34495
-5,50081
-5,65398
-5,7776
-5,56799
-4,78869
-3,34294
-1,10715
2,002
5,9657
10,7517
16,2041
22,2155
28,4365
34,5769
40,3276
45,42
49,5234
52,3853
53,9251
54,1132
52,99
50,6144
47,2742
43,211
38,7744
34,1039
29,4953
25,2521
21,2186
17,6499
14,5757
11,9422
9,68218
7,73392
6,18068
4,74569
3,437
2,25998
1,08565
-0,268725
-1,7279
-3,21664
-5,09235
-7,16959
-9,40539
-11,5579
-13,5626
-15,2125
-16,0859
-16,3466
-15,6264
-13,6324
-10,6926
-6,79069
-2,16861
3,00704
8,36811
13,5276
18,19
22,0597
25,0398
27,0418
27,9689
28,1678
27,8104
26,9854
26,1927
25,6068
25,3327
25,5424
26,2894
27,41
28,6004
29,9011
30,8524
31,3226
31,1775
30,3015
28,6999
26,405
23,8171
20,8531
17,7842
14,8229
12,1464
9,92672
7,88172
6,35804
5,34764
4,41247
3,68423
3,15752
2,80012
2,44809
2,12024
1,69834
1,25763
0,747057
0,223042
-0,529389
-1,32482
-2,29223
-3,31607
-4,45547
-5,65667
-6,88743
-7,9489
-8,88675
-9,5935
-10,0745
-10,1148
-9,81116
-9,04798
-7,83066
-6,31236
-4,51996
-2,41315
-0,0859921
2,26267
4,49578
6,76651
8,74432
10,3728
11,66
12,7591
13,5357
13,8582
13,9952
13,9603
13,525
12,9042
12,2593
11,1494
9,96971
8,56965
7,0621
5,28314
3,38863
1,49143
-0,32247
-2,08531
-3,64123
-4,96605
-5,99258
-6,93043
-7,57537
-8,08057
-8,3278
-8,52397
-8,4756
-8,2015
-7,63718
-6,71545
-5,04666
-2,76518
0,0913666
3,69497
7,92203
12,6193
17,6364
22,6186
27,4745
31,9031
35,7405
38,7932
41,1392
42,5769
43,3965
43,5255
42,8886
41,9722
40,7925
39,2984
37,6054
35,8426
33,9481
32,0858
30,1241
28,1302
25,9213
23,6398
21,2239
18,6952
15,793
12,7053
9,38389
5,89584
2,1498
-1,70641
-5,73997
-9,51557
-13,189
-16,6798
-19,797
-22,3096
-24,188
-25,5665
-26,1739
-25,9911
-25,1849
-23,7553
-21,7748
-19,2945
-16,6449
-13,9227
-11,4531
-9,34358
-7,82797
-7,15078
-7,34964
-8,3708
-10,2465
-12,837
-15,8252
-18,9962
-22,0812
-25,056
-27,2998
-28,9122
-29,885
-30,2262
-29,9521
-29,2669
-28,4768
-27,5927
-26,6522
-25,9965
-25,5289
-25,1688
-25,0479
-25,0103
-24,7523
-24,411
-23,7876
-22,6965
-21,1756
-19,2945
-16,9566
-14,1753
-11,1037
-7,92471
-4,78331
-1,69297
1,01309
3,3725
5,2294
6,58915
7,55387
8,11013
8,38155
8,52397
8,82763
9,11785
9,48869
10,1551
10,8323
11,4504
11,9905
12,3936
12,6382
12,4205
12,1034
11,4826
10,6415
9,89984
9,20116
8,51053
8,0537
7,86559
7,75273
7,72586
7,85753
7,84678
7,6748
7,28246
6,60796
5,50887
4,10881
2,41584
0,57776
-1,44574
-3,24083
-4,88543
-6,0302
-6,63214
-6,77725
-6,26936
-5,17028
-3,66541
-2,03694
-0,249915
1,59623
3,15484
4,3426
5,27239
5,86896
6,08663
6,01945
5,83403
5,45244
5,01173
4,53071
3,82128
3,24352
2,59051
1,90795
1,01041
0,177359
-0,779304
-1,82465
-3,07691
-4,48503
-6,02482
-7,77154
-9,70636
-11,7675
-14,0328
-16,3519
-18,5582
-20,5924
-22,4413
-23,8978
-24,9297
-25,4107
-25,2521
-24,4379
-23,0432
-21,0358
-18,3996
-15,32
-11,8804
-8,09132
-4,14106
-0,349343
3,27576
6,58109
9,39733
11,7164
13,4282
14,6428
15,3953
15,6963
15,5995
15,1481
14,5945
13,8689
12,9445
11,6251
10,4024
8,95662
7,25559
5,65398
4,02551
2,47496
1,31675
0,478331
0,0376216
-0,0886794
0,0859921
0,317096
0,773929
1,14746
1,14746
0,814238
-0,00268725
-1,23345
-2,91298
-4,9553
-7,18034
-9,52094
-11,9878
-14,0946
-16,0483
-17,7493
-18,8242
-19,5417
-19,7056
-19,3267
-18,4104
-16,833
-14,9411
-12,5656
-10,0342
-7,60493
-5,30195
-3,19515
-1,73597
-0,784678
-0,271413
-0,386965
-0,76318
-1,26838
-1,81927
-2,17668
-2,22505
-1,79509
-1,17164
-0,362779
0,429961
0,975473
1,22001
0,85186
0,021498
-1,48874
-3,50687
-5,75879
-8,07789
-10,2492
-11,8427
-13,0708
-13,5706
-13,3261
-12,6408
-11,4504
-10,0315
-8,3708
-6,67245
-5,17296
-3,6896
-2,31104
-0,87067
0,628817
2,09606
3,65735
5,29658
6,86325
8,29824
9,40539
10,1686
10,5421
10,3755
9,98852
9,28178
8,0752
6,95999
5,93077
4,84512
3,79978
2,75712
1,62579
0,257976
-1,44574
-3,45043
-5,91733
-8,83569
-11,969
-15,4625
-18,8188
-22,1242
-25,1043
-27,5793
-29,5759
-30,9384
-31,8574
-32,1584
-32,1637
-31,7472
-30,9599
-30,0596
-29,0438
-27,7325
-26,1335
-24,4137
-22,3311
-20,0254
-17,3113
-14,3499
-11,0715
-7,59687
-4,20018
-0,841111
2,51527
5,58411
8,22837
10,4131
12,0362
13,2294
14,006
14,049
13,7856
13,2186
12,4474
11,5579
10,7625
10,2358
9,89447
9,86222
10,0611
10,4158
11,0124
11,5713
12,0738
12,2593
12,2378
12,0281
11,3698
10,4857
9,53169
8,43798
7,27171
6,27205
5,22671
4,31842
3,50955
2,77593
2,2358
1,80046
1,58817
1,48068
1,53711
1,88108
2,22773
2,64695
3,34563
3,90727
4,31304
4,82362
5,27508
5,57874
5,79103
6,13231
6,59452
7,04061
7,63718
8,38155
9,18772
9,89447
10,7705
11,445
11,9314
12,45
12,9579
13,1998
13,4927
13,8044
14,0543
14,2935
14,487
14,4816
14,315
13,8985
13,232
12,2646
10,8431
8,99961
7,05404
4,84781
2,58514
0,16661
-2,05306
-4,00938
-5,59755
-6,85519
-7,56462
-7,65867
-7,17228
-6,23174
-4,77256
-2,91298
-0,986222
1,12058
3,18708
4,94186
6,44135
7,484
7,95696
8,13432
7,99458
7,50281
6,72351
5,94958
5,3342
4,6812
4,15449
3,89383
3,59555
3,43162
3,3322
3,08766
2,72756
2,13637
1,50486
0,980848
0,255289
-0,295598
-0,706748
-0,916354
-0,728246
-0,153173
0,44071
1,33019
2,21161
2,94792
3,49343
3,81321
3,7729
3,16827
2,48034
1,45918
0,287536
-0,838423
-1,85958
-2,66307
-3,28114
-3,68691
-3,84815
-3,90995
-3,77022
-3,50955
-3,33488
-2,94523
-2,4239
-1,9402
-1,16896
-0,21498
0,87067
2,06919
3,26233
4,65164
5,80447
6,80413
7,67211
8,33586
8,88406
9,41883
9,8031
10,1229
10,5018
10,7302
10,9962
10,9721
10,698
9,98315
8,92706
7,59149
5,80716
3,88039
1,83002
-0,161235
-1,89451
-3,21664
-3,94758
-4,2163
-3,97445
-3,18977
-1,91332
-0,454146
1,21195
3,03122
4,61402
6,12156
7,32008
8,32243
9,01305
9,51557
9,78429
9,95628
10,1068
10,1498
10,268
10,4937
10,7866
11,0849
11,4289
11,6466
11,7433
11,754
11,6573
11,1897
10,5421
9,88103
9,23609
8,42185
7,85753
7,44369
7,36039
7,45713
7,82528
8,55353
9,45376
10,5502
11,8347
13,0547
14,2801
15,3577
16,3143
16,9646
17,4268
17,6364
17,5021
17,0963
16,4164
15,4544
14,4117
13,181
11,8965
10,4265
8,97812
7,44369
5,82597
4,15718
2,39434
0,642254
-1,18777
-2,96673
-4,87737
-6,55421
-8,01608
-9,31402
-10,3406
-11,0204
-11,4128
-11,6976
-11,9368
-11,9986
-12,1545
-12,5575
-13,2697
-14,2398
-15,4705
-16,7147
-18,1497
-19,4638
-20,6919
-21,5867
-21,9065
-21,8581
-21,189
-20,0496
-18,4453
-16,4487
-14,1591
-11,7567
-9,43495
-7,11854
-5,0601
-3,31607
-1,88645
-0,747057
-0,0698686
0,403088
0,787365
1,01847
1,30869
1,81927
2,4884
3,30264
4,48771
6,00601
7,55656
9,1501
10,8726
12,27
13,2965
13,8689
13,963
13,3933
12,4205
10,8592
8,88137
6,79607
4,7645
2,89686
1,31944
0,30366
-0,0618068
0,190795
1,12865
2,70069
4,58983
6,66439
8,91631
11,1333
12,966
14,6106
15,7957
16,5481
17,0453
17,1581
17,0506
16,7228
16,3546
15,8091
15,0594
14,1269
12,8424
11,1978
9,10442
6,80681
3,96639
0,962037
-1,93751
-4,57102
-6,88743
-8,58846
-9,67411
-10,01
-9,66337
-8,87063
-7,89247
-6,88475
-6,12425
-5,71848
-5,96302
-6,64827
-7,92471
-9,67411
-11,5874
-13,3557
-15,1669
-16,5911
-17,5048
-17,9159
-17,8219
-16,8894
-15,4598
-13,396
-10,7544
-7,59687
-3,97445
0,0537451
4,27273
8,62071
12,7537
16,4648
19,7567
22,1833
23,9273
24,8007
24,8114
24,102
22,9895
21,576
19,9179
18,3513
16,8652
15,6586
14,6509
13,7641
12,8773
11,961
10,9855
9,67411
8,08057
6,14038
3,95564
1,4538
-1,06147
-3,82128
-6,24249
-8,40304
-9,91059
-11,0661
-11,3698
-10,8108
-9,59887
-7,59955
-4,96873
-2,045
1,03191
3,94489
6,63752
8,7712
10,2492
11,0715
11,1978
10,8673
10,1659
9,33552
8,50516
7,99458
7,85753
8,11013
8,73089
9,57737
10,5878
11,3751
12,1007
12,3318
11,8239
10,792
9,30059
7,19915
4,98217
2,49915
0,0456833
-1,9402
-3,63854
-4,84243
-5,62174
-5,76953
-5,47931
-4,88812
-3,91802
-2,84311
-1,75478
-0,671814
0,623443
1,81927
2,77862
3,70304
4,68657
5,46856
6,37417
7,29052
8,23912
9,21997
10,5502
11,9825
13,4954
15,1534
17,0453
18,7463
20,278
21,7856
22,7261
23,1991
23,2421
22,9357
22,1
20,9633
19,4127
17,9401
16,3197
14,6428
13,0574
11,4316
9,93478
8,29287
6,62139
5,08697
3,41013
1,7709
0,0967411
-1,31138
-2,68725
-3,75141
-4,48771
-4,9338
-5,09772
-4,84781
-4,26199
-3,31607
-2,09875
-0,524015
1,16896
3,06884
5,19446
7,30127
9,23072
11,1817
12,88
14,2344
15,1803
15,93
16,3654
16,2901
15,9972
15,7688
15,4678
15,0513
14,9411
14,9814
15,226
15,6559
15,9274
16,0402
15,9139
15,191
13,7346
11,6842
8,94587
5,61367
1,71984
-2,13368
-5,83403
-8,94856
-11,3268
-12,7053
-13,2912
-13,009
-11,84
-10,2438
-8,53472
-6,84712
-5,48737
-4,50653
-3,9207
-3,7111
-3,80246
-3,93414
-4,04969
-4,12762
-4,01744
-3,70572
-3,3725
-3,19783
-3,10647
-3,12528
-3,54718
-3,9422
-4,44472
-5,02517
-5,4175
-5,42288
-5,07622
-4,73763
-4,00938
-3,12259
-2,45615
-1,96707
-1,77627
-2,03156
-2,60126
-3,51224
-4,73225
-6,12694
-7,33352
-8,38155
-9,41345
-10,1471
-10,448
-10,5609
-10,5878
-10,4292
-10,1901
-10,0665
-9,8246
-9,75742
-9,71442
-9,64724
-9,52094
-9,2764
-8,87869
-8,25793
-7,31471
-6,20218
-4,65164
-2,78668
-0,644941
1,86764
4,64089
7,53775
10,3862
13,361
16,051
18,3728
20,3506
21,7023
22,4601
22,4198
21,6539
20,2968
18,3163
15,9999
13,4416
10,7436
8,18
6,06782
4,26199
2,82968
2,02619
1,73865
1,74672
1,92945
2,0235
2,06112
1,82196
1,02116
-0,360092
-2,32179
-4,56296
-7,26902
-10,2411
-12,9902
-15,5485
-17,8514
-19,3697
-20,2001
-20,4446
-19,9851
-19,1709
-17,9912
-16,7523
-15,5081
-14,4574
-13,8313
-13,3315
-13,0386
-12,9606
-12,7107
-12,3318
-11,5982
-10,4104
-8,63683
-6,32311
-3,62511
-0,502517
2,98285
6,60796
10,1471
13,5653
16,7712
19,7594
22,1134
24,0509
25,4134
26,2276
26,5232
26,0932
25,2548
24,2041
22,7207
21,1353
19,6331
18,1497
16,8464
15,8844
15,011
14,5273
14,1242
13,7346
13,1165
12,2834
11,2032
9,70905
7,84947
5,78297
3,38325
0,910979
-1,38931
-3,45043
-5,0386
-6,06245
-6,51122
-6,24518
-5,3342
-3,91533
-2,12024
-0,0403088
2,17936
4,18674
6,05707
7,527
8,57503
9,15279
9,08292
8,65296
7,87097
6,58646
5,0601
3,46656
1,86495
0,389652
-0,95935
-2,00738
-2,73294
-3,19246
-3,33488
-3,1629
-2,66844
-2,08262
-1,23614
-0,241853
0,752431
1,78165
2,84311
4,03088
4,83168
5,24015
5,27508
4,8693
3,89652
2,13368
-0,163923
-2,75981
-5,63786
-8,40036
-10,8189
-12,4877
-13,3718
-13,1756
-11,8911
-9,43764
-5,9254
-1,92945
2,38359
6,97074
11,4396
15,2448
18,4587
20,8558
22,4305
23,1131
23,0136
22,2827
20,9686
19,3402
17,408
15,5646
13,8582
12,2808
11,0339
10,1471
9,62306
9,16891
9,12054
9,11785
9,12323
8,91093
8,58578
8,10207
7,39532
6,46016
5,4175
