500
3994
-3,49061
-3,59371
-3,23286
-2,1577
-0,729051
1,25927
3,65999
6,53201
9,34511
11,9815
14,338
16,1128
17,372
17,9685
17,8728
17,3647
16,6062
15,8256
15,3322
15,1112
15,2585
16,0833
17,3426
18,867
20,6123
22,2398
23,661
24,692
25,2738
25,237
24,6552
23,8451
22,9025
21,8053
20,8921
20,3545
20,1852
20,3472
20,7154
21,4812
22,2618
22,6595
22,8436
22,7258
22,144
21,1057
19,9716
18,7639
17,7771
16,9891
16,7314
16,967
17,7034
18,7565
19,9937
21,2898
22,3649
23,175
23,6242
23,5138
22,8731
21,9599
20,5975
19,1026
17,3794
15,4353
13,4617
11,4734
9,41876
7,38625
5,47893
3,74836
2,03251
0,633317
-0,493398
-1,355
-1,95887
-2,37862
-2,6511
-2,53327
-2,45963
-2,31235
-2,12088
-1,87786
-1,4802
-1,11199
-0,876335
-0,500763
-0,419757
-0,640682
-1,17827
-2,07669
-3,43906
-5,20646
-7,26106
-9,63968
-12,0551
-14,3454
-16,4147
-18,3515
-20,0084
-21,2309
-22,2471
-23,0719
-23,963
-24,8319
-25,5463
-26,2679
-27,1737
-27,9912
-28,7128
-29,4934
-30,4066
-31,2608
-32,2329
-33,5364
-35,0828
-37,0123
-39,03
-41,1215
-43,2571
-45,1717
-46,8434
-48,0217
-48,5151
-48,4341
-47,9333
-47,0938
-46,0628
-44,995
-43,964
-43,1171
-42,4765
-41,9094
-41,2466
-40,5765
-39,7296
-38,3525
-36,4968
-34,2949
-31,688
-28,8086
-25,8408
-22,9688
-20,5018
-18,4693
-16,6798
-15,4426
-14,7946
-14,3675
-14,2644
-14,3969
-14,6105
-14,6915
-14,6915
-14,6768
-14,6768
-14,6547
-14,5589
-14,4558
-14,2865
-14,0582
-13,6973
-13,4322
-12,9094
-12,1509
-11,304
-10,516
-9,62495
-8,69707
-7,79128
-6,93704
-6,33317
-5,68513
-5,05181
-4,30067
-3,58634
-2,79102
-1,75267
-0,522855
1,10462
2,82047
4,64678
6,62038
8,45405
10,2435
12,0846
13,5132
14,6105
15,5089
16,1349
16,5325
16,7682
17,1069
17,4899
17,9023
18,3957
18,7933
19,2867
19,6255
19,677
19,3898
18,6313
17,372
15,6709
13,7489
11,6354
9,35248
7,05486
4,91926
3,09295
1,45074
0,0441849
-1,13408
-2,09142
-2,77629
-3,19604
-3,38015
-3,46115
-3,29178
-2,9383
-2,41544
-2,06933
-1,78213
-1,81158
-2,1577
-2,86466
-3,89564
-5,10336
-6,56146
-7,81337
-8,85908
-9,50713
-9,6765
-9,52185
-8,90327
-7,99747
-6,9444
-5,81768
-4,7057
-3,58634
-2,53327
-1,355
-0,103098
1,34764
2,90148
4,75725
6,58356
8,35095
9,65441
10,5234
10,8548
10,516
9,50713
7,91647
6,09016
4,13129
2,2387
0,898427
-0,095734
-0,382936
0,0515491
1,19299
2,88675
5,11809
7,57772
10,0521
12,5853
14,9713
17,1364
18,9848
20,4429
21,7611
22,8878
23,6758
24,4564
25,156
26,0544
26,997
27,9838
29
29,9721
30,8632
31,6511
32,1004
32,255
31,9604
31,4081
30,4655
29,0442
27,1664
25,1633
22,8362
20,2072
17,3426
14,4853
11,3629
8,31413
5,2801
2,21661
-0,861606
-3,68208
-6,36263
-8,94009
-11,2672
-13,4028
-15,2733
-16,7387
-18,0716
-19,1615
-19,8611
-20,3545
-20,627
-20,8406
-21,0247
-21,2309
-21,6285
-22,1661
-22,7847
-23,6316
-24,7067
-25,9071
-27,2106
-28,4404
-29,707
-30,9
-31,9457
-32,8736
-33,4922
-34,0813
-34,5232
-34,7809
-34,8914
-34,9135
-34,7956
-34,7809
-34,8914
-34,8693
-35,0239
-35,289
-35,6499
-35,9665
-36,4673
-36,8208
-37,1816
-37,7708
-38,1537
-38,4409
-38,8312
-39,1037
-39,3541
-39,3909
-38,9711
-38,0359
-36,5557
-34,3022
-31,4597
-27,6966
-23,4107
-18,7123
-13,9256
-9,16837
-4,74252
-0,846878
2,26816
4,76461
6,56883
7,89438
8,7928
9,60286
10,5234
11,5912
12,7105
14,0434
15,6636
17,0407
18,16
18,9112
19,1321
18,7197
17,836
16,319
14,5516
12,6663
10,759
8,94745
7,65872
6,64247
6,01652
5,72195
5,81768
5,91342
6,0607
6,17853
6,13434
5,83241
5,39056
4,88244
4,48477
4,02819
3,64526
3,34333
3,27705
3,28441
3,30651
3,29914
3,26232
3,00458
2,69528
2,14297
1,62748
1,10462
0,530219
0,0294566
-0,449214
-0,913155
-1,26663
-1,7674
-2,2608
-2,72474
-3,54216
-4,32276
-4,96344
-5,44948
-6,00179
-6,14171
-5,8545
-5,33901
-4,69833
-3,88091
-2,85729
-1,78949
-0,83215
-0,00736416
0,729051
1,48756
2,22398
2,82047
3,42433
4,05765
4,49214
4,69097
4,53632
3,91773
2,69528
1,0899
-0,935248
-3,30651
-5,69986
-7,725
-9,52922
-10,8253
-11,2893
-11,1714
-10,5307
-9,41139
-8,08584
-6,95913
-5,93551
-5,30219
-5,10336
-5,3832
-5,78086
-6,64983
-7,73973
-8,44669
-8,8959
-9,00636
-8,56451
-7,66609
-6,39945
-4,47004
-2,18715
0,228289
2,73947
5,29483
7,63663
9,72069
11,2672
12,4012
12,9462
13,0714
12,821
12,1435
11,061
10,0594
8,94745
7,70291
6,77502
6,17116
5,64831
5,47157
5,64831
6,08279
6,66456
7,53353
8,63079
9,79433
10,9652
12,2981
13,4469
14,5958
15,8992
17,0186
17,917
18,9332
19,7654
20,5239
21,3781
21,9746
22,3576
22,5122
22,6521
22,527
22,1956
21,6801
20,9289
20,1999
19,4193
18,4693
17,4825
16,6062
15,6783
14,662
13,6311
12,6663
11,4439
10,0742
8,74862
7,29788
5,69986
4,25648
2,81311
1,53174
0,375572
-0,581768
-1,39183
-2,12824
-2,64373
-2,97512
-3,58634
-4,21966
-4,7867
-5,53785
-6,34054
-7,2316
-7,9312
-8,52033
-8,74862
-8,52033
-7,89438
-6,75293
-5,02972
-2,9383
-0,405029
2,39335
5,16964
7,9091
10,5749
12,8578
14,8167
16,4442
17,6224
18,3515
18,8228
19,0216
18,8154
18,5282
17,9685
17,2689
16,4221
15,3395
14,2128
12,9609
11,6575
10,2804
8,87381
7,51144
6,42154
5,6704
5,0739
4,79407
4,81616
5,27274
5,90605
6,7382
7,78391
8,82962
9,77224
10,7517
11,5691
12,2319
13,0125
13,5132
13,9845
14,6399
15,2143
15,8477
16,5546
17,1585
17,6151
18,0643
18,3883
18,4914
18,3957
18,1158
17,7771
17,3573
16,886
16,5325
16,2085
15,7593
15,2733
14,8756
14,3675
13,6237
12,6884
11,5691
10,3908
9,2052
7,99011
6,85603
6,01652
5,47893
5,2801
5,58939
6,19326
6,95176
8,02693
9,12419
9,95634
10,6044
11,0978
11,1272
10,9726
10,516
9,75751
8,97691
8,24049
7,54826
7,01068
6,63511
6,63511
6,87812
7,2316
7,59981
8,07112
8,61606
8,76335
8,91799
8,77071
8,28468
7,58508
6,74557
5,81032
4,74988
3,77045
2,86466
2,15033
1,62748
1,14881
0,905791
0,802693
0,751144
1,02362
1,52438
1,97359
2,68792
3,60844
4,60996
5,47157
6,11961
6,30372
5,96497
4,92662
3,17395
0,640682
-2,4449
-6,00915
-9,47767
-12,8578
-15,8182
-17,998
-19,11
-19,4487
-19,0511
-17,755
-15,9508
-13,7931
-11,4071
-9,14628
-7,11378
-5,16964
-3,41697
-2,02514
-0,751144
0,412393
1,4581
2,43017
3,44643
4,3154
5,11072
5,75141
6,12698
6,41418
6,52464
6,46573
6,22271
5,97233
5,81032
5,74404
5,84714
6,04597
6,40682
6,98122
7,5188
8,05639
8,2184
8,2184
7,96065
7,35679
6,451
5,47893
4,46268
3,65999
3,10031
2,99721
3,24759
4,07974
5,44211
7,00331
8,86644
10,8695
12,7547
14,5442
16,0023
17,3205
18,1379
18,8228
19,1468
19,2794
19,2278
19,0216
18,8449
18,3957
17,9244
17,4457
16,8197
16,0244
14,9713
13,9183
12,6443
11,0831
9,37457
7,54826
5,92815
4,28594
2,76892
1,59802
0,699595
0,26511
0,198832
0,324023
0,751144
1,32555
2,09878
2,80574
3,35069
3,91773
4,45531
4,94135
5,47893
6,10489
7,00331
7,9312
9,02846
10,1625
11,4954
12,7253
13,7194
14,4337
14,6252
14,3748
13,5721
12,1656
10,435
8,20367
5,81032
3,33596
0,824786
-1,23718
-2,93093
-4,01347
-4,55105
-4,4995
-3,79254
-2,62164
-1,09726
0,537583
2,09878
3,5348
4,55105
5,11809
5,11072
4,73515
4,06501
3,29914
2,37126
1,67166
1,12672
1,03098
1,19299
1,46547
1,84104
2,12088
1,80422
0,92052
-0,677502
-2,91621
-5,86187
-9,24202
-12,7694
-16,1201
-19,1247
-21,3119
-22,5638
-22,8068
-22,0188
-20,4576
-18,1453
-15,5973
-13,0346
-10,7148
-8,70443
-7,26106
-6,39945
-6,05334
-6,13434
-6,31108
-6,56146
-6,64247
-6,53937
-6,04597
-5,13282
-3,98401
-2,42281
-0,802693
0,780601
2,37126
3,69681
4,86771
5,81032
6,44364
7,09905
7,55562
8,13739
8,58661
9,30829
10,192
11,2966
12,4528
13,7194
15,0376
16,1717
17,1511
17,9759
18,4914
18,705
18,7639
18,5798
18,3809
18,1306
17,8286
17,5561
17,3573
17,4089
17,4236
17,4531
17,3794
17,3426
17,2027
16,9744
16,6135
16,2232
15,9066
15,7667
15,5236
15,3985
15,3395
15,2217
14,964
14,4337
13,6679
12,6001
11,0978
9,33039
7,46725
5,51575
3,78518
2,29762
1,19299
0,508127
0,272474
0,272474
0,441849
0,684867
0,795329
0,670138
0,309295
-0,515491
-1,53911
-2,8352
-4,33749
-5,9797
-7,58508
-9,16837
-10,6117
-11,9815
-13,0714
-13,8741
-14,3969
-14,6694
-14,5074
-14,0214
-13,1008
-11,79
-10,435
-8,98427
-7,5409
-6,39209
-5,59676
-5,26537
-5,16227
-5,3832
-5,81032
-6,11961
-6,18589
-6,04597
-5,42002
-4,21966
-2,71737
-0,86897
1,12672
3,01194
4,77197
6,20062
7,15796
7,86492
8,18158
8,15212
8,05639
7,74709
7,22424
6,54674
5,72931
4,73515
3,35806
1,67166
-0,095734
-1,9515
-3,89564
-5,58939
-6,87812
-7,87965
-8,18894
-7,87965
-7,22424
-6,11225
-4,72779
-3,34333
-2,06933
-1,03098
-0,257745
0,243017
0,35348
0,397664
0,228289
-0,0883699
-0,316659
-0,500763
-0,449214
-0,0810057
0,522855
1,4802
2,84256
4,43322
6,3479
8,52769
10,8032
13,1008
15,2143
16,9817
18,2852
18,948
19,029
18,4914
17,4089
15,9655
14,2128
12,4454
10,6707
9,19047
8,07848
7,29051
6,90758
6,78975
6,77502
6,95176
7,26106
7,5188
7,68082
7,8281
8,1153
8,44669
8,95481
9,61759
10,4792
11,4292
12,3276
13,2997
14,0214
14,4779
14,5958
14,3822
13,7857
13,0935
12,2098
11,2819
10,3614
9,70596
9,08001
8,58661
8,14476
7,725
7,13587
6,21535
5,3832
4,32276
3,28441
2,29762
1,4581
0,824786
0,508127
0,47867
0,677502
0,898427
0,780601
0,3903
-0,324023
-1,57593
-3,41697
-5,69249
-8,22576
-10,8179
-13,1597
-14,9861
-16,1054
-16,3926
-15,7151
-14,3896
-12,2908
-9,61759
-6,61301
-3,822
-1,24454
0,986797
2,80574
3,99874
4,86034
5,39793
5,76613
6,00179
6,25953
6,75293
7,17269
7,67345
7,98275
8,25522
8,32886
8,22576
8,03429
7,8281
7,73236
7,88701
8,5056
9,46294
10,7001
12,1435
13,6458
14,8682
15,612
15,8698
15,2585
13,8152
12,033
9,75751
7,29788
5,19909
3,5127
2,50381
2,27552
2,94566
4,37431
6,35527
8,75598
11,2524
13,5721
15,5015
16,8934
17,7182
17,8434
17,35
16,4883
15,2291
13,9477
12,6516
11,79
11,3703
11,466
12,3644
13,9551
16,2527
18,9185
22,0336
25,3106
28,4183
31,2977
33,7352
35,6499
36,6882
36,9975
36,7545
35,7972
34,3391
32,5569
30,657
28,7202
26,8792
25,1633
23,9188
22,9393
22,2545
21,7684
21,4297
21,172
20,6933
19,9716
18,9553
17,6372
15,9213
13,7931
11,6354
9,49976
7,67345
6,12698
5,08127
4,67624
4,8898
5,6704
6,95176
8,54242
10,2214
11,871
13,2628
14,3086
15,0523
15,3248
15,2438
14,8977
14,1171
13,0861
11,8857
10,6117
9,2862
7,8281
6,39945
5,14755
3,88827
2,96776
2,43017
2,28289
2,55536
3,26969
4,55105
6,19326
8,09321
10,2435
12,4749
14,8609
16,8345
18,5061
19,6476
20,3398
20,3693
19,7801
18,5724
16,8713
14,6989
12,3939
10,1699
8,04902
6,21535
4,79407
3,91773
3,6158
3,77781
4,24912
5,00763
5,96497
6,85603
7,59245
8,0122
8,26995
8,00484
7,18005
5,88396
4,06501
1,62748
-1,23718
-4,43322
-7,73973
-10,9652
-13,9772
-16,5988
-18,7344
-20,1852
-21,113
-21,3266
-21,1204
-20,6049
-20,0747
-19,4708
-18,8375
-18,2116
-17,7034
-17,0186
-16,1496
-15,1481
-14,0287
-12,6811
-11,2893
-10,111
-9,30829
-8,86644
-8,96954
-9,4924
-10,6191
-12,0993
-13,8004
-15,5384
-17,2321
-18,4178
-19,4119
-20,1925
-20,6344
-20,7227
-20,6123
-20,1262
-19,4782
-18,6681
-17,5046
-16,0097
-14,1245
-11,9594
-9,69123
-7,39361
-5,19909
-3,45379
-2,11351
-1,44337
-1,60539
-2,47436
-3,96928
-5,81032
-7,76919
-9,77224
-11,4734
-12,6884
-13,1966
-13,0419
-12,114
-10,6486
-8,65288
-6,2669
-3,5348
-0,706959
2,17243
5,02972
7,75446
10,0963
12,2319
13,9993
15,1996
15,8698
16,0097
15,6783
14,9345
13,852
12,7253
11,7016
10,6854
9,86061
9,3893
9,22729
9,19783
9,21256
8,99164
8,52033
7,82073
6,7603
5,44211
3,9251
2,21661
0,508127
-0,95734
-2,22398
-3,35806
-4,30803
-5,24328
-6,0607
-6,89285
-7,9312
-9,30093
-10,7075
-12,3129
-13,9698
-15,6267
-17,1585
-18,5724
-19,7065
-20,4061
-20,7596
-20,6859
-20,1704
-19,2573
-17,836
-16,1938
-14,5295
-12,7326
-11,0978
-9,81642
-8,97691
-8,69707
-8,85908
-9,55131
-10,5676
-11,8416
-13,2702
-14,419
-15,207
-15,6341
-15,4426
-14,7062
-13,469
-11,79
-9,75014
-7,36416
-4,86771
-2,23134
0,331387
2,90884
5,33901
7,53353
9,48503
11,0315
12,0993
12,74
12,9241
12,5412
11,8637
10,7296
9,47767
8,34359
7,31261
6,5541
6,35527
6,5541
7,18742
8,22576
9,60286
10,9873
12,4012
13,7489
14,7209
15,2954
15,5752
15,4795
15,0965
14,5148
13,8225
13,1818
12,4822
11,8563
11,2377
10,6044
9,9637
9,12419
8,18158
6,99595
5,71459
4,33749
2,89411
1,54647
0,228289
-1,05307
-2,09142
-2,92357
-3,73363
-4,37431
-4,96344
-5,65567
-6,33317
-7,01068
-7,71764
-8,54979
-9,36721
-10,0153
-10,5897
-11,0241
-11,4734
-11,8784
-12,254
-12,5485
-12,8652
-13,2997
-13,7931
-14,2128
-14,5516
-14,7283
-14,6326
-14,3012
-13,7783
-12,9609
-11,9226
-10,899
-10,0079
-9,27884
-8,97691
-9,05055
-9,48503
-10,2435
-11,1051
-11,8931
-12,5927
-13,0861
-13,1818
-12,8578
-12,3718
-11,6722
-10,98
-10,4276
-10,1478
-10,0447
-10,1184
-10,3025
-10,5749
-10,5455
-10,1184
-9,27147
-8,00484
-6,48046
-4,6836
-2,80574
-0,972069
0,456578
1,59802
2,24607
2,39335
2,10615
1,4802
0,596497
-0,493398
-1,79685
-3,15186
-4,61733
-6,23008
-7,95329
-9,72069
-11,4807
-13,2923
-14,9271
-16,2674
-17,291
-18,0201
-18,4251
-18,5135
-18,3588
-18,16
-17,9612
-17,9538
-18,1232
-18,2705
-18,5798
-18,8522
-19,0805
-18,8522
-18,3957
-17,5635
-16,238
-14,662
-12,8873
-11,1272
-9,52922
-8,26258
-7,34206
-6,98858
-7,21687
-7,81337
-8,85908
-10,2435
-11,7827
-13,5059
-15,1923
-16,7314
-18,079
-19,2794
-20,2588
-20,8406
-21,113
-21,0983
-20,9216
-20,4724
-19,7949
-19,2352
-18,8596
-18,5945
-18,6387
-18,9259
-19,4635
-20,4208
-21,5475
-22,6448
-23,5432
-24,3017
-24,4932
-24,1913
-23,6095
-22,6521
-21,4812
-20,1041
-18,8596
-17,917
-17,4972
-17,4972
-17,9538
-18,9627
-20,2514
-21,7537
-23,1235
-24,287
-25,1265
-25,5389
-25,4358
-24,7509
-23,418
-21,7905
-19,8906
-17,8286
-15,4353
-13,1671
-11,0094
-8,98427
-7,26106
-6,01652
-5,15491
-4,79407
-5,02235
-5,80296
-7,12114
-8,96954
-11,1346
-13,388
-15,6857
-17,836
-19,596
-20,8332
-21,5843
-22,1146
-22,2324
-22,2766
-22,4018
-22,9099
-23,7641
-25,0897
-26,8718
-28,978
-31,3639
-33,5806
-35,5689
-37,1006
-38,2789
-38,9785
-39,6633
-40,0757
-40,6796
-41,6001
-43,1466
-45,0539
-47,3442
-49,8259
-52,1382
-54,0382
-55,3343
-55,6362
-54,863
-52,9998
-50,2309
-46,5636
-42,1819
-37,594
-32,9472
-28,271
-23,8083
-19,6623
-16,0612
-12,7474
-9,94161
-7,5409
-5,64831
-4,16811
-3,26232
-2,84993
-2,98248
-3,62317
-4,63942
-6,17116
-7,96802
-9,94161
-12,0478
-14,2128
-16,319
-18,1968
-19,8169
-21,2677
-22,3649
-23,1676
-23,6242
-23,7789
-23,7862
-23,6537
-23,3959
-23,094
-22,7847
-22,4901
-22,0925
-21,6359
-21,1572
-20,5828
-19,7065
-18,565
-17,2689
-15,8403
-14,2349
-12,7621
-11,3261
-10,1625
-9,1021
-8,27731
-7,85756
-7,68082
-7,76182
-7,80601
-7,97538
-8,09321
-8,26995
-8,39514
-8,41723
-8,46142
-8,43932
-8,52769
-8,63079
-8,66761
-8,60133
-8,52033
-8,37305
-8,04902
-7,48935
-6,72347
-5,84714
-4,91189
-3,93982
-2,88675
-1,71585
-0,736416
0,243017
1,36237
2,29025
3,1224
3,97664
4,85298
5,49366
5,84714
6,01652
6,00179
5,57467
4,80143
3,91037
2,87202
1,80422
0,552312
-0,670138
-1,68639
-2,51854
-3,25496
-4,07238
-4,77197
-5,44948
-6,25217
-7,09168
-7,99747
-8,999
-9,93425
-10,9947
-11,8047
-12,5559
-13,2408
-13,6752
-14,0287
-14,0066
-13,8004
-13,609
-12,8873
-12,1214
-11,2598
-10,0889
-8,73389
-7,42307
-6,10489
-4,94871
-3,903
-3,26232
-2,96776
-3,01194
-3,35806
-4,02083
-4,75725
-5,61885
-6,31845
-6,78975
-7,03277
-6,99595
-6,59828
-5,78823
-4,72042
-3,54952
-2,3418
-1,07517
0,169376
1,36973
2,56273
3,72626
4,72042
5,52312
6,39945
7,20215
7,96065
8,53506
9,03582
9,48503
9,69123
9,84588
9,90479
9,75014
9,47031
9,13155
8,7118
8,48351
8,26995
8,32886
8,77071
9,56604
10,98
12,9241
15,2659
18,0937
21,2235
24,3606
27,4094
30,3698
32,962
35,0681
36,7987
38,1905
39,4719
40,6207
41,8579
43,2423
44,9655
46,9391
49,1557
51,6669
53,994
56,1885
58,1032
59,6276
60,6807
61,2256
61,0489
60,4597
59,4287
58,1327
56,5273
54,8188
52,9556
51,1293
49,5976
48,0879
46,755
45,8345
45,1349
44,8624
44,9361
45,3558
46,0333
46,9612
48,1248
49,3325
50,5255
51,6448
52,5506
53,1839
53,5006
53,5301
53,2576
52,7053
51,7332
50,6728
49,5313
48,0585
46,5341
44,9655
43,3012
41,6664
39,8622
38,0138
36,3716
34,6336
32,8957
31,1209
29,6628
28,1826
26,9013
25,7009
24,5079
23,3444
22,063
20,6344
18,9922
17,0554
14,8093
12,3497
9,72069
7,03277
4,33749
1,86313
-0,427121
-2,27552
-3,73363
-4,66151
-5,22119
-5,43475
-5,42002
-4,98553
-4,32276
-3,48325
-2,59955
-1,42865
-0,0810057
1,52438
3,33596
5,20646
7,25369
9,50713
11,5249
13,469
15,2217
16,6356
17,6519
18,3809
18,8449
19,0363
19,0953
18,9995
18,7786
18,484
17,9244
17,1658
16,1422
14,7136
12,7694
10,3982
7,71027
4,69833
1,63484
-1,39183
-4,14602
-6,53937
-8,43932
-9,81642
-10,6117
-11,1051
-11,2377
-11,2082
-11,061
-10,9505
-10,9431
-10,98
-11,0389
-11,002
-10,7369
-10,3098
-9,55131
-8,38041
-6,92231
-5,05918
-3,07822
-0,949976
1,10462
3,07085
4,74988
6,06807
7,12114
7,83546
8,29204
8,47614
8,54242
8,46142
8,49824
8,6897
8,95481
9,33775
9,91952
10,6633
11,5617
12,5853
13,6458
14,8535
16,0612
17,2395
18,3073
19,191
19,8759
20,2662
20,4503
20,1852
19,5666
18,705
17,5046
16,098
14,6105
12,8946
11,0683
9,24938
7,40834
5,51575
3,7189
2,0546
0,544948
-0,544948
-1,274
-1,57593
-1,33291
-0,463942
0,773236
2,57009
4,6026
6,64983
8,5056
10,1994
11,5617
12,4086
12,7326
12,7032
12,3718
11,7458
10,9873
10,3098
9,7796
9,31566
9,05055
9,11683
9,24202
9,58813
10,111
10,6191
11,304
11,8857
12,5043
13,0787
13,5942
13,9035
14,0361
14,1392
14,095
14,014
13,9551
13,9993
14,2349
14,6989
15,3543
16,1791
17,2248
18,1968
19,11
19,8759
20,3619
20,5681
20,3987
20,0158
19,5371
18,9627
18,6534
18,5282
18,8596
19,6623
20,8037
22,549
24,6773
26,9602
29,4493
31,9531
34,4053
36,7913
38,8533
40,6722
42,2261
43,6105
44,752
45,7903
46,7624
47,7566
48,5887
49,4577
50,3487
51,1809
52,0425
52,882
53,6258
54,1707
54,6052
54,8924
54,7967
54,3327
53,5448
52,4328
50,7464
48,6771
46,2101
43,4117
40,4219
37,3068
34,1844
31,143
28,4404
26,0397
23,9924
22,5122
21,4444
20,8258
20,5755
20,708
21,0909
21,8568
22,6816
23,3886
24,0145
24,5447
24,6994
24,3017
23,6684
22,5564
21,0615
19,4266
17,6887
16,0391
14,6989
13,9624
13,55
13,5206
13,9477
14,5958
15,2585
15,5826
15,5678
14,9713
13,8814
12,1361
9,80169
7,29051
4,64678
2,09142
-0,382936
-2,51854
-4,11656
-5,58203
-6,83394
-7,95329
-9,08001
-10,4203
-11,952
-13,7562
-15,7888
-17,917
-20,0452
-22,225
-24,1692
-25,885
-27,3505
-28,5877
-29,464
-30,1709
-30,6791
-31,0841
-31,4081
-31,7174
-31,7911
-31,9015
-31,9973
-32,1445
-32,3139
-32,6158
-33,0872
-33,7426
-34,6484
-35,8855
-37,351
-39,1037
-41,092
-43,2055
-45,3117
-47,3736
-49,4871
-51,4313
-53,2281
-54,8777
-56,4094
-57,654
-58,8617
-59,8853
-60,8132
-61,6822
-62,5659
-63,3833
-64,2375
-65,0623
-65,9239
-66,9917
-68,0964
-69,0979
-70,1289
-71,0862
-71,8889
-72,7505
-73,59
-74,3412
-75,107
-75,8361
-76,764
-77,9422
-79,15
-80,6522
-82,427
-84,0545
-85,8882
-87,6703
-89,3567
-90,8663
-92,0888
-93,1124
-93,8856
-94,46
-94,6589
-94,6736
-94,6294
-94,622
-94,4748
-94,3348
-94,3275
-94,298
-94,3569
-94,5558
-94,7841
-95,0492
-95,4174
-95,6015
-95,7488
-95,9771
-96,0286
-95,874
-95,5426
-94,7988
-93,6868
-92,133
-90,1373
-87,9575
-85,3506
-82,427
-79,5992
-77,0585
-74,9597
-73,5458
-72,7873
-72,9935
-74,0171
-75,7919
-78,0453
-80,4976
-82,9278
-84,7688
-86,1164
-86,8308
-86,5583
-85,4021
-83,6126
-81,4181
-78,7965
-76,2337
-73,8551
-71,7195
-70,0405
-68,8107
-67,9417
-67,382
-67,0948
-67,0801
-67,1832
-67,3599
-67,4925
-67,6619
-67,7797
-67,9343
-67,9123
-67,5588
-67,0065
-66,0933
-64,9003
-63,317
-61,3287
-59,2594
-57,1017
-54,9366
-52,9851
-51,4092
-50,3266
-49,5166
-49,0306
-48,8317
-48,6255
-48,2279
-47,624
-46,7182
-45,4516
-43,883
-42,2113
-40,5102
-39,0153
-37,918
-37,4099
-37,4394
-37,9107
-38,8901
-40,0389
-41,0846
-41,9757
-42,7489
-43,0656
-43,0067
-42,6532
-42,123
-41,5044
-40,9226
-40,4366
-40,0168
-39,5676
-38,9564
-38,139
-37,0859
-35,7751
-34,1181
-32,2845
-30,4729
-28,8749
-27,726
-27,0854
-27,1737
-27,9249
-29,2062
-30,9663
-33,0135
-35,0755
-36,8134
-38,1021
-38,7576
-38,8238
-38,1316
-36,703
-34,7441
-32,4759
-29,8248
-27,2253
-24,8393
-22,6227
-20,6491
-19,191
-18,2042
-17,5193
-17,1069
-16,9155
-16,7755
-16,4957
-16,1864
-15,6046
-14,7725
-13,7783
-12,578
-11,223
-10,03
-8,96954
-8,04166
-7,45253
-7,2316
-7,28315
-7,51144
-7,96065
-8,54979
-9,10946
-9,51449
-9,65441
-9,46294
-8,93272
-8,14476
-6,81184
-5,19909
-3,38751
-1,39919
0,552312
2,3418
3,93982
5,41266
6,34054
6,87076
7,14323
7,18005
6,9444
6,31845
5,58939
4,74252
3,85145
2,95303
1,82631
0,684867
-0,324023
-1,17827
-1,8705
-2,28289
-2,32707
-2,06196
-1,43601
-0,574404
0,463942
1,355
2,11351
2,59955
2,67319
2,29762
1,63484
0,721687
-0,184104
-0,83215
-1,1709
-0,979433
-0,0883699
1,34764
3,34333
5,76613
8,35095
10,8695
13,2039
15,1923
16,5694
17,3426
17,4825
17,3794
16,8418
16,0465
15,1039
14,2865
13,7931
13,6163
13,7931
14,2644
14,9934
16,0097
17,1511
18,2852
19,1468
19,6034
19,5739
18,8375
17,4531
15,3616
12,74
9,63232
6,09016
2,66582
-0,486034
-3,27705
-5,39793
-6,64983
-7,19478
-6,8413
-5,93551
-4,47741
-2,9383
-1,26663
0,324023
1,54647
2,51854
3,2255
3,7189
4,13866
4,56578
5,08863
5,69986
6,451
7,25369
8,10794
8,74125
9,35984
9,8827
10,2656
10,7369
11,223
12,0109
13,1892
14,4853
16,2232
18,0495
19,8538
21,3634
22,6816
23,7494
24,1618
24,0366
23,7199
23,2634
22,6006
22,0262
21,5475
21,4297
21,4886
21,7684
22,2103
22,5859
23,094
23,6242
24,0513
24,4343
24,8098
25,0455
25,2443
25,4284
25,4579
25,3401
25,0823
24,8172
24,3312
23,7568
23,1529
22,3502
21,7316
21,1499
20,4944
20,0084
19,5224
19,1542
18,8817
18,7639
18,786
18,9701
19,4266
20,1778
21,0836
22,1293
23,2265
24,368
25,3474
26,0397
26,3048
26,209
25,5757
24,6552
23,3517
21,8715
20,3693
18,9553
17,7697
17,048
16,5988
16,6135
16,9228
17,6224
18,4398
19,1984
19,9495
20,3693
20,7006
20,6933
20,2441
19,6181
18,8596
17,8875
17,0333
16,2895
15,7151
15,5826
15,7004
16,2601
17,2395
18,484
19,898
21,3781
22,9688
24,1176
24,9498
25,2001
24,9203
24,1323
22,8362
21,0615
19,191
17,3647
15,855
14,8682
14,3822
14,6031
15,6341
17,1585
19,1689
21,2971
23,4548
25,4063
26,9086
27,866
28,2194
28,028
27,3799
26,2532
25,0013
23,6979
22,2913
21,1057
20,2146
19,4561
18,9553
18,5209
18,1085
17,7034
17,2174
16,6504
15,8256
14,964
13,9919
13,0198
12,1214
11,3261
10,6486
10,1994
9,91215
9,64705
9,53658
9,41139
9,5955
9,73541
9,97107
10,5307
11,3334
12,6369
14,4411
16,7976
19,6697
22,9025
26,3048
29,6776
32,7705
35,2817
36,9533
37,6308
37,2258
35,7088
33,1313
29,8101
25,9807
22,0041
18,1821
14,7725
12,114
10,1257
9,00636
8,999
9,52922
10,516
12,0257
13,5648
15,0155
16,1938
17,0333
17,5561
17,7403
17,5414
16,9302
16,2453
15,531
14,6179
13,7194
12,8652
12,1435
11,5765
11,2672
11,1272
11,1935
11,5838
12,0772
12,7105
13,3954
14,1981
14,8609
15,3174
15,5973
15,5678
15,369
14,8535
14,1539
13,1892
12,033
10,8327
9,50713
7,9312
6,45837
4,91189
3,11504
1,31082
-0,427121
-2,23134
-4,23439
-6,451
-8,91063
-11,385
-14,0803
-16,8345
-19,8464
-22,6153
-25,2664
-27,5935
-29,4787
-30,8853
-31,9899
-32,5938
-32,6895
-32,7779
-33,0209
-33,205
-33,7647
-34,6852
-35,753
-36,9239
-38,0948
-39,0521
-39,7296
-39,8033
-39,1405
-37,7634
-35,6793
-32,9178
-29,5892
-25,9439
-22,1072
-18,1232
-14,0287
-10,0963
-6,52464
-3,16659
0,154647
3,18868
5,92815
8,32886
10,597
12,6074
14,5442
16,1349
17,6372
18,8964
19,8906
20,7227
21,4002
21,7832
21,8495
21,7832
21,7022
21,2971
20,9878
20,8553
20,8037
20,8332
21,2088
21,7537
22,527
23,3959
24,1397
24,8098
25,3474
25,8187
26,0176
26,1869
26,3858
26,5846
26,8055
27,1443
27,726
28,271
28,6539
28,9706
29,0884
29
28,5729
27,9249
27,1811
26,511
25,9513
25,7525
25,7745
26,128
26,7466
27,5861
28,4183
29,1326
29,4419
29,4345
28,8675
27,8071
26,2606
24,3754
22,1293
19,8538
17,5635
15,369
13,4396
11,8931
10,6928
9,69859
9,08737
8,66025
8,43196
8,26258
8,05639
7,70291
7,1285
6,3479
5,01499
3,46115
1,62748
-0,463942
-2,64373
-4,82352
-6,91494
-8,63079
-9,68387
-10,2362
-10,0815
-9,21992
-7,725
-5,78086
-3,44643
-1,1709
1,01625
2,76892
4,08711
4,56578
4,30803
3,31387
1,82631
-0,0810057
-2,33444
-4,35222
-5,81768
-6,84867
-7,03277
-6,35527
-4,73515
-2,23134
0,86897
4,41113
8,1153
11,8342
15,2512
18,2263
20,7816
22,7332
24,0882
25,1044
25,9145
26,4521
26,8276
27,0927
27,0559
26,9307
26,6656
26,128
25,318
24,2944
22,8952
21,5033
20,0747
18,7418
17,5193
16,3632
15,369
14,4485
13,4175
12,2171
10,8327
9,08737
7,03277
4,77197
2,18715
-0,139919
-2,34917
-4,12393
-5,21382
-5,64094
-5,16227
-3,822
-1,73794
0,876335
3,82936
6,90758
9,81642
12,3423
14,2128
15,5384
16,2453
16,4883
16,5325
16,5104
16,5767
17,2027
18,6019
20,5092
23,1308
26,2238
29,6039
32,9325
35,8708
38,3599
40,142
40,9742
40,9815
40,1715
38,868
37,0491
34,7662
32,5569
30,5244
28,4919
26,6803
24,9866
23,4769
22,1367
20,8479
19,5224
18,0864
16,5546
14,9566
13,2481
11,4144
9,26411
7,09905
5,01499
3,02667
1,05307
-0,846878
-2,43017
-3,63789
-4,7057
-5,80296
-6,49519
-7,06223
-7,82073
-8,72653
-9,5734
-10,354
-11,2156
-12,1067
-12,7032
-12,9683
-12,9315
-12,5927
-11,9373
-10,9358
-9,73541
-8,56451
-7,55562
-6,57619
-5,86923
-5,4863
-5,30956
-5,43475
-5,64831
-5,92078
-6,14171
-6,20798
-6,22271
-6,01652
-5,53785
-4,93398
-4,38167
-3,86618
-3,55689
-3,5127
-3,95455
-4,83089
-6,21535
-7,86492
-10,0594
-12,3423
-14,3601
-16,0539
-17,3058
-17,9906
-17,8507
-16,8566
-15,3101
-13,2334
-10,9505
-8,54979
-6,21535
-4,13129
-2,56273
-1,28873
-0,191468
0,47867
1,29609
2,40072
3,52007
5,01499
6,97386
9,19783
11,5617
13,8962
16,0465
17,8581
19,1468
19,6844
19,434
18,4251
16,8271
14,6399
12,0404
9,21256
6,20062
3,23286
0,714323
-1,59066
-3,60844
-5,2801
-6,46573
-7,30524
-7,91647
-8,33623
-8,52033
-8,45405
-8,17421
-7,96065
-7,76182
-7,51144
-7,39361
-7,55562
-8,16685
-9,14628
-10,6338
-12,7032
-15,1849
-17,8434
-20,6933
-23,5432
-26,0323
-28,0648
-29,4493
-30,0973
-30,1341
-29,5597
-28,3815
-26,8792
-25,2738
-23,7273
-22,3944
-21,5033
-20,8258
-20,7154
-21,0615
-21,7611
-22,608
-23,6242
-24,7951
-25,8114
-26,4815
-26,8718
-26,8055
-26,3858
-25,5684
-24,3827
-22,7994
-21,1572
-19,5224
-18,0127
-16,7461
-15,6341
-14,802
-14,1465
-13,5869
-13,1818
-12,5853
-11,7532
-10,7443
-9,43348
-7,97538
-6,36263
-4,80879
-3,28441
-1,95887
-1,0678
-0,331387
0,095734
0,0736416
-0,110462
-0,537583
-1,06044
-1,56857
-2,16506
-2,96776
-3,60844
-4,22703
-5,00026
-5,90605
-6,7382
-7,53353
-8,4246
-9,36721
-10,1331
-10,9431
-11,9299
-12,821
-13,8004
-14,8756
-16,157
-17,372
-18,7933
-19,9642
-20,7522
-21,2677
-21,2235
-20,6123
-19,4119
-17,6519
-15,4868
-12,9683
-10,3393
-7,86492
-5,6704
-3,75572
-2,10615
-0,574404
0,810057
2,17979
3,77045
5,5673
7,55562
9,76487
11,8637
13,5795
14,8388
15,3174
14,9492
13,4396
11,1346
8,04902
4,33012
0,213561
-3,62317
-7,54826
-10,9947
-13,8373
-16,1717
-18,0348
-19,434
-20,6565
-21,7316
-22,7626
-24,0808
-25,6052
-27,2989
-29,0663
-31,0473
-33,1092
-35,0534
-36,8355
-38,2494
-39,2878
-39,8916
-39,8475
-39,2951
-38,3304
-37,0049
-35,3627
-33,4259
-31,4302
-29,4934
-27,623
-25,9807
-24,3975
-23,1014
-21,8863
-20,9216
-20,1041
-19,4782
-19,0143
-18,867
-18,948
-19,3088
-20,0158
-20,789
-21,739
-22,7405
-23,5211
-24,1323
-24,4343
-24,206
-23,3665
-22,1956
-20,6417
-18,705
-16,5473
-14,257
-12,1288
-10,1257
-8,43932
-7,1506
-6,37736
-5,9576
-5,86187
-5,9576
-6,2669
-6,71611
-6,92231
-6,80448
-6,35527
-5,33165
-3,71153
-1,5612
1,14144
4,3154
7,71764
11,2377
14,7283
17,9685
20,9952
23,6095
25,804
27,4978
28,8012
29,6923
30,2888
30,7306
30,8926
30,8705
30,6349
30,4213
30,0826
29,6334
29,1621
28,6908
28,2342
27,6966
27,1958
26,6435
26,1059
25,4432
24,7288
23,9556
23,0351
22,2398
21,4076
20,6049
20,1041
19,8538
19,7801
20,001
20,384
20,9584
21,658
22,4386
23,1897
23,8525
24,4048
24,8688
25,2443
25,4432
25,6052
25,5978
25,4653
24,9056
24,1765
23,1676
21,8274
20,222
18,4104
16,5031
14,802
13,1524
11,8563
11,1051
10,8695
11,2303
12,0404
13,4028
15,1407
16,9744
18,9112
20,8037
22,5638
23,9703
25,0602
25,7304
26,1059
26,1722
26,0691
25,7525
25,4284
24,9866
24,6994
24,6184
24,7509
25,1044
25,7672
26,8424
28,1532
29,7806
31,5039
33,5143
35,5615
37,3731
38,9048
40,0021
40,3629
40,0242
38,7944
36,7987
33,9856
30,6128
26,9013
23,1455
19,5666
16,4147
13,9845
12,4749
11,6648
11,5396
11,952
12,9094
13,8299
14,5884
15,0671
14,9861
14,5589
13,609
12,4381
11,304
10,3025
9,60286
9,40403
9,75014
10,5528
11,79
13,0566
14,3675
15,4721
16,0023
15,9729
15,4353
14,5148
13,1156
11,6059
10,2141
9,11683
8,38041
8,25522
8,73389
9,69123
10,9358
12,4749
14,1245
15,6194
16,8124
17,7034
18,2484
18,4398
18,4251
18,2042
17,8286
17,3794
16,9376
16,4883
16,2232
15,9434
15,6488
15,3174
15,1333
15,0376
14,8314
14,6841
14,581
14,5368
14,3159
13,9919
13,7636
13,2628
12,497
11,2672
10,0079
8,58661
6,98858
5,44211
4,20493
3,21814
2,77629
3,07085
4,04292
5,7735
8,06375
10,8695
13,933
17,1511
20,0894
22,5785
24,3533
25,4579
25,8187
25,3695
24,3975
22,8215
21,0836
19,2941
17,5561
16,0833
14,7504
13,528
12,4307
11,3113
9,95634
8,29204
6,39209
4,24912
1,78949
-0,721687
-3,2255
-5,42738
-7,34206
-8,77807
-9,61022
-9,91215
-9,89743
-9,32302
-8,38041
-7,37152
-6,23008
-5,08127
-4,11656
-3,49797
-3,12977
-3,18868
-3,60844
-4,21966
-5,23592
-6,54674
-7,74709
-8,83699
-9,66177
-10,0668
-9,99316
-9,29357
-8,09321
-6,51728
-4,69833
-2,77629
-0,979433
0,633317
1,82631
2,64373
3,17395
3,55689
3,84409
4,22703
4,90453
5,99442
7,49671
9,33775
11,3924
13,4322
15,1923
16,5031
17,0996
16,7019
15,4942
13,3659
10,5749
7,40098
4,05029
0,692231
-2,23134
-4,66888
-6,31845
-7,20951
-7,49671
-7,27579
-6,68665
-5,92815
-5,22119
-4,55105
-4,0061
-3,59371
-3,24759
-2,95303
-2,50381
-2,00305
-1,274
-0,397664
0,589133
1,61275
2,64373
3,5127
4,23439
4,74988
4,91926
5,00026
4,80143
4,61733
4,65415
4,52159
4,56578
4,91189
5,39793
6,03861
6,95913
8,01957
9,13892
10,3761
11,6354
12,7989
13,9109
15,0082
15,9949
16,7903
17,4457
17,9906
18,3073
18,4767
18,2778
17,8949
17,1953
16,3705
15,2291
13,9698
12,5559
11,1641
9,78696
8,33623
6,90758
5,58203
4,27857
3,00458
1,73058
0,412393
-0,861606
-2,06933
-3,19604
-3,98401
-4,50686
-4,6026
-4,22703
-3,56425
-2,53327
-1,39919
-0,272474
0,905791
1,67903
2,21661
2,38599
2,01041
1,39183
0,618589
-0,368208
-1,20772
-1,86313
-2,4449
-2,548
-2,41544
-1,92941
-1,274
-0,412393
0,552312
1,70112
2,94566
4,16811
5,29483
6,50991
7,73973
8,7928
9,87533
10,7296
11,3555
11,8931
12,0699
11,9741
11,6354
10,9652
10,0521
8,85908
7,63663
6,34054
4,98553
3,72626
2,43754
1,38446
0,441849
-0,287202
-0,817421
-1,274
-1,60539
-1,80422
-1,97359
-2,10615
-2,06933
-2,00305
-1,81158
-1,63484
-1,29609
-0,817421
-0,0662774
0,817421
1,64957
2,62164
3,85882
4,86771
5,78823
6,64247
7,26842
7,67345
8,15949
8,27731
8,34359
8,28468
8,30677
8,38777
8,49824
8,53506
8,63079
8,46142
8,30677
7,97538
7,44516
6,68665
5,82505
4,90453
4,16811
3,66735
3,46115
3,67471
4,30067
5,36847
6,66456
8,10057
9,58813
10,9652
11,9668
12,4896
12,5264
12,114
11,3924
10,3098
9,12419
8,06375
7,28315
6,71611
6,63511
7,11378
7,9091
9,23465
10,7885
12,3276
13,8004
15,1333
16,0612
16,6725
16,8639
16,7166
16,1349
15,2143
13,9845
12,6737
11,3261
9,82378
8,10057
6,31845
4,49214
2,57745
0,618589
-1,30346
-3,21077
-5,0739
-6,75293
-8,33623
-9,79433
-10,9358
-12,2392
-13,5353
-14,9271
-16,3926
-17,9244
-19,5592
-21,2971
-22,7626
-23,9409
-24,7878
-25,0455
-24,7436
-23,7862
-22,0556
-19,7728
-17,0996
-14,0508
-10,8916
-7,71764
-4,85298
-2,37862
-0,3903
1,10462
1,9515
2,22398
1,9515
1,49492
0,854242
0,132555
-0,544948
-0,972069
-1,14881
-1,06044
-0,751144
-0,272474
0,346115
0,905791
1,355
1,68639
2,09878
2,25343
2,47436
2,68792
3,01194
3,44643
4,07974
4,85298
5,58939
6,32581
7,03277
7,69554
8,20367
8,57188
8,90327
9,13155
9,4924
9,83851
10,3098
10,921
11,6943
12,4233
13,0198
13,5353
14,1539
14,5074
14,6031
14,7357
14,7504
14,7136
14,6989
14,7504
14,9051
15,0744
15,0965
15,2217
15,1407
14,9419
14,3454
13,7047
12,6663
11,2303
9,77224
8,06375
6,13434
4,19757
2,34917
0,92052
-0,434485
-1,39919
-1,92941
-1,91468
-1,44337
-0,706959
0,206196
1,17827
2,08406
2,66582
2,91621
2,80574
2,48172
1,9515
1,15617
0,441849
-0,0441849
-0,191468
0,095734
0,817421
1,73058
2,93093
4,20493
5,44211
6,45837
7,06223
7,34206
7,42307
7,28315
6,92231
6,70875
6,71611
6,90021
7,41571
8,35095
9,3893
10,5676
11,4218
12,1582
12,5927
12,6001
12,1288
11,2156
10,354
9,43348
8,7118
8,48351
8,71916
9,47031
10,6854
12,335
14,1613
15,8992
17,5561
18,9038
19,677
19,9421
19,7654
19,272
18,4546
17,431
16,2601
15,1849
14,1834
13,2408
12,3202
11,304
10,4424
9,4924
8,39514
7,10641
5,78823
4,27121
2,84256
1,44337
-0,0736416
-1,52438
-2,90884
-4,24912
-5,53785
-6,68665
-7,96065
-9,11683
-10,1699
-11,3261
-12,3276
-13,2923
-14,014
-14,6915
-15,2954
-15,6857
-16,1496
-16,6209
-16,9449
-17,3131
-17,7182
-18,2337
-18,6387
-18,9848
-19,1763
-19,3309
-19,191
-18,8007
-18,3515
-17,3794
-16,1717
-14,7209
-12,8725
-10,7001
-8,2184
-5,39793
-2,50381
0,486034
3,62317
6,56146
9,13892
11,142
12,5485
13,4175
13,5648
13,1377
12,2245
11,1272
9,94161
8,97691
8,20367
7,77655
7,94592
8,49824
9,33039
10,3098
11,2082
11,8637
11,9962
11,7606
11,0241
9,77224
8,24049
6,50255
4,86034
3,32123
2,3418
1,71585
1,68639
2,15033
3,01194
4,24912
5,61149
7,02541
8,40987
9,41139
10,1331
10,5528
10,5897
10,354
9,89743
9,1021
8,27731
7,5409
7,07695
6,81921
6,91494
7,43043
8,44669
9,89006
11,4734
13,2997
15,1039
16,9523
18,4178
19,4119
20,2662
20,627
20,6859
20,5828
20,2146
19,839
19,5666
19,3383
19,1836
19,1394
19,1689
19,191
19,1394
18,948
18,6534
18,1968
17,4604
16,5546
15,4721
14,2644
12,9683
11,6059
10,192
9,02846
7,87228
6,96649
6,22271
5,65567
5,31692
5,15491
4,95608
5,02235
5,01499
4,82352
4,6836
4,35958
4,03556
3,82936
3,68944
3,64526
3,7999
4,23439
5,14755
6,39209
7,68818
9,1831
10,7369
12,2319
13,3439
14,1318
14,581
14,6915
14,3012
13,528
12,578
11,5765
10,6412
9,83851
9,19047
8,8959
8,999
9,41876
10,3172
11,304
12,3939
13,7194
15,0892
16,1349
16,8713
16,8786
16,4073
15,4868
14,0655
12,1803
10,1478
8,30677
6,96649
6,33317
6,70138
7,99011
10,1404
12,9167
16,1349
19,2867
22,0556
24,2281
25,4726
25,6714
25,0897
23,7347
21,9673
19,9495
17,8654
16,1128
14,6252
13,2849
12,3571
11,4954
10,678
9,87533
9,02846
8,1153
7,25369
6,42891
5,69249
5,13282
4,69833
4,35958
3,93246
3,38015
2,66582
1,88522
0,927884
