500
3994
-19.9783
-18.2817
-16.7515
-15.1999
-13.6375
-11.9569
-10.3301
-8.18784
-5.95431
-3.75298
-1.4765
0.622813
2.5181
3.94627
5.01472
5.78249
6.28719
6.81336
7.59724
8.63347
10.0831
12.3328
15.0119
18.1045
21.3904
24.6118
27.2856
29.2078
30.3353
30.2923
29.0413
27.0494
24.2629
20.8535
17.2294
13.6321
10.3516
7.70462
5.56773
4.1664
3.51674
3.29661
3.45768
3.84426
4.34358
4.62814
4.70331
4.3919
3.74225
2.66843
1.37448
0.0751671
-1.12214
-2.33555
-3.20534
-3.53285
-3.4201
-2.66306
-1.38522
0.236239
1.93824
4.05902
6.24424
8.37039
10.4643
12.4187
14.126
15.6133
16.9878
17.9703
18.722
19.3233
19.4522
19.1837
18.7005
17.7233
16.279
14.7864
13.0683
11.3556
9.69118
8.39723
7.3449
6.58786
6.38383
6.50195
6.79188
7.29657
7.65093
7.81737
7.59187
7.25899
6.56638
5.54626
4.54224
3.49527
2.79192
2.56642
2.95299
3.74225
4.85901
6.62544
8.63347
10.4965
12.3059
13.9489
15.1891
16.1663
16.6871
16.8052
16.8535
16.6388
15.9945
15.3072
14.6629
13.675
12.4724
11.2214
10.0241
8.73549
7.54355
6.62544
5.77713
5.04156
4.50465
3.98922
3.20534
2.23354
0.977172
-0.86979
-3.01205
-5.2778
-7.68852
-9.83078
-11.3932
-12.4026
-12.4294
-11.4522
-9.26166
-6.39994
-2.77581
1.50871
6.00263
10.4053
14.6254
18.2656
21.6427
24.5528
26.6897
28.3434
29.5621
30.244
30.4051
30.0024
29.1702
27.7528
25.7716
23.3018
20.5421
17.3904
14.1153
10.9744
7.94623
4.91807
2.41608
0.166441
-1.95434
-3.84426
-5.40129
-6.94222
-8.2469
-9.23481
-10.1046
-10.5341
-10.5019
-9.90595
-9.03616
-7.61872
-5.66974
-3.5597
-1.20267
1.28321
3.7154
6.25497
8.61737
10.765
13.0307
15.2858
17.4871
19.7314
21.8629
24.1501
26.3353
28.4615
30.4266
32.0695
33.3527
34.1366
34.3138
33.7769
32.5688
30.5554
27.7259
24.2467
20.322
16.2737
12.3274
8.82139
5.82545
3.6456
2.62011
2.59326
3.40936
4.86975
6.8402
9.01468
10.9851
12.5583
13.5086
13.6911
13.2401
12.1126
10.2764
8.19858
5.87377
3.53285
1.18657
-0.783885
-2.21743
-3.33957
-3.93016
-3.94627
-3.47916
-2.63622
-1.702
-0.687242
0.488586
1.36911
1.90602
1.98119
1.72347
1.07382
0.155703
-1.00939
-2.2926
-3.65097
-4.86438
-5.99726
-6.94758
-8.03214
-9.01468
-9.93816
-10.9798
-12.1663
-13.3046
-14.4213
-15.479
-16.5314
-17.2133
-17.8092
-18.1958
-18.2495
-18.1367
-17.9596
-17.4119
-16.8213
-16.467
-16.0106
-15.4146
-14.9314
-14.5502
-14.2227
-13.7985
-13.267
-12.9287
-12.3596
-11.7851
-10.722
-9.48716
-8.17173
-6.74356
-5.17579
-3.65097
-2.27649
-1.1114
-0.198656
0.182549
0.391943
0.402681
0.107382
-0.123489
-0.155703
-0.128858
0.0805361
0.585229
1.62683
2.47514
3.56507
4.98787
6.28719
7.38785
8.56368
9.64823
10.1583
10.7274
10.9368
10.6684
10.0992
9.17038
7.73147
6.04558
4.18251
2.33018
0.424157
-1.24026
-2.68454
-3.76909
-4.44559
-4.49929
-4.17177
-3.54896
-2.58789
-1.33153
0.0536908
1.7181
3.52748
5.26169
7.26973
9.34756
11.3556
13.3153
15.4361
17.632
19.581
21.7179
23.7743
25.5461
27.3877
29.036
30.3836
31.2802
31.9836
31.9621
31.4359
30.3568
28.6977
26.5769
24.3327
22.0293
19.6991
17.6052
16.1824
15.5059
15.624
16.5743
18.4374
20.6817
23.5112
26.6628
29.8037
32.5098
34.8238
36.3433
36.9124
36.7245
35.5594
33.5728
31.1353
28.3272
25.3045
22.3568
19.8495
17.5945
15.7851
14.5234
13.5623
12.8052
12.1663
11.4522
10.5341
9.53548
8.22006
6.81873
5.38518
4.0805
2.75971
1.66978
0.794623
0.204025
-0.418788
-1.02549
-1.83622
-2.78655
-4.10734
-5.56773
-7.29121
-9.17575
-11.1194
-12.7999
-14.2442
-15.3233
-15.9569
-16.2951
-16.3005
-15.9945
-15.6777
-15.4683
-15.2321
-15.1139
-15.3448
-15.6884
-16.0804
-16.5958
-17.2723
-17.8522
-18.5341
-19.1569
-19.7314
-20.3595
-20.9018
-21.6481
-22.2924
-22.8508
-23.1246
-23.2857
-23.1515
-22.6951
-21.9166
-20.7032
-19.2804
-17.5461
-15.5059
-13.2992
-11.1462
-9.08448
-6.88852
-4.74089
-2.76507
-0.848314
0.977172
2.58789
4.19862
5.56236
6.68987
7.6402
8.35965
8.84287
9.00931
9.14354
9.2885
9.26703
9.36904
9.76098
10.3247
11.1892
12.2254
13.4764
14.6791
16.0804
17.2133
17.9971
18.3998
18.4481
17.7931
16.6871
15.3502
13.6321
11.9301
10.2764
8.612
7.11403
6.33014
5.85766
5.55699
5.59458
5.87914
6.22276
6.70598
7.25362
7.5865
7.7959
8.02677
8.13952
8.10194
7.94623
7.85496
7.71536
7.37174
7.24288
7.18919
7.22141
7.36637
7.64556
8.14489
8.65495
9.43347
10.2281
11.0818
12.0321
13.0361
13.8361
14.7435
15.726
16.6602
17.5569
18.4643
19.2481
20.0857
20.9179
21.0951
21.2723
21.3206
21.2401
20.9501
20.5367
20.1662
19.581
19.1461
18.7327
18.169
17.3958
16.467
15.1354
13.4173
11.2267
8.76233
5.70196
2.41072
-1.12214
-4.62814
-8.18784
-11.3985
-14.2925
-16.8052
-18.8132
-20.2575
-21.4011
-22.1152
-22.4266
-22.5072
-22.738
-22.883
-23.1729
-23.4682
-23.6669
-24.0266
-24.2951
-24.0803
-23.581
-22.6897
-21.4334
-19.7636
-17.7985
-15.9193
-14.0401
-12.4455
-11.5113
-11.0388
-10.8616
-11.2858
-11.8657
-12.3435
-12.612
-12.4938
-11.6777
-10.1905
-8.21469
-5.58921
-2.62548
0.306037
3.00668
5.31002
6.94222
7.83885
8.08583
7.71536
6.72745
5.42277
4.13956
2.86709
1.94897
1.27784
0.789254
0.821469
1.12214
1.4067
1.65904
1.70737
1.61609
1.46576
0.961065
0.456371
0.0268454
-0.418788
-0.386573
-0.0751671
0.413419
1.37985
2.56642
3.68319
4.59056
5.208
5.44424
4.97176
4.0107
2.48588
0.515431
-1.64831
-3.7852
-5.77713
-7.52744
-8.93414
-9.95427
-10.7972
-11.2751
-11.7744
-12.4455
-13.326
-14.4106
-15.6616
-17.0522
-18.4804
-19.6293
-20.5958
-21.079
-20.8481
-20.2253
-19.275
-17.6535
-15.9837
-14.2495
-12.4831
-11.0603
-10.0348
-9.08448
-8.49388
-8.33818
-8.46166
-8.60663
-8.82139
-9.12743
-9.20797
-9.10058
-8.78918
-8.26838
-7.39859
-6.3033
-4.83217
-3.32883
-1.70737
-0.102012
1.48723
2.78655
3.95164
4.81069
5.44961
5.70733
5.83082
5.94894
5.9382
5.70733
5.55162
5.45498
5.25096
5.22948
5.30465
5.13821
5.21337
5.46035
5.61068
5.94357
6.33014
6.55564
6.6845
6.6147
6.53953
6.06169
5.23485
4.25231
3.11943
1.85233
0.762409
0.0107382
-0.488586
-0.794623
-0.778516
-0.40805
0.0751671
0.601337
1.05234
1.13824
0.934219
0.601337
-0.0805361
-0.923481
-1.91139
-2.82413
-3.65097
-4.22009
-4.43486
-4.57982
-4.57982
-4.57982
-4.53687
-4.48855
-4.54761
-4.76774
-5.20263
-5.62679
-5.97578
-6.34088
-6.5449
-6.62544
-6.59859
-6.41068
-6.08316
-5.72344
-5.43887
-5.02009
-4.66036
-4.42949
-4.06976
-3.66171
-3.43084
-3.07648
-2.72749
-2.55568
-2.53957
-2.35166
-2.30333
-2.5342
-2.59863
-2.73286
-2.8134
-2.68454
-2.34629
-1.77716
-1.17046
-0.161072
0.794623
1.73958
2.58253
3.27514
3.67245
3.52211
3.21608
2.55031
1.48723
0.123489
-1.38522
-2.89393
-4.28989
-5.68585
-6.96369
-7.9516
-8.34891
-8.64421
-8.62811
-8.05898
-7.35563
-6.3033
-5.02009
-3.86573
-2.8295
-1.77716
-0.832207
-0.311406
-0.0590598
0.17718
0.17181
0.193287
0.354359
0.472479
0.783885
1.37448
2.17448
2.91541
3.89258
4.95029
5.81471
6.49658
7.07644
7.60261
7.76905
7.76905
7.91402
7.93549
8.0214
8.34891
8.67643
9.49253
10.6952
12.1663
13.6911
15.6455
17.8414
19.7743
21.6266
23.3286
24.6924
25.7984
26.5877
26.9796
26.9635
26.8185
26.6306
26.3192
25.8843
25.632
25.0951
24.7353
24.381
23.8172
23.2749
22.8723
22.2333
21.4548
20.6656
20.0481
19.232
18.3461
17.632
17.0253
16.4294
16.1126
16.0965
16.322
16.773
17.4388
18.2441
18.9421
19.6025
19.7636
19.4683
18.8455
17.7985
16.2898
14.5072
12.7301
11.071
9.78246
8.95562
8.64421
8.6979
9.12743
10.008
10.7167
11.5059
12.1771
12.2469
12.0858
11.6187
10.5824
9.43884
8.01066
6.6845
5.03619
3.63486
2.56642
1.80938
1.21341
1.07918
1.40133
1.95434
2.71138
3.75835
4.52613
5.2778
5.92209
6.11538
5.96504
5.76102
5.2778
4.51002
3.72077
3.22681
2.72749
2.2926
1.95434
1.55166
1.00402
0.510062
-0.354359
-1.54629
-2.62011
-3.76372
-5.08452
-6.0939
-6.86168
-7.361
-7.48449
-7.25899
-6.58249
-5.77713
-4.74626
-3.58117
-2.56105
-1.53556
-0.375835
0.574491
1.2671
1.87381
2.3087
2.54494
2.58789
2.48051
2.13689
1.7879
1.66441
1.42281
1.32616
1.58925
2.02414
2.46441
3.09796
3.72614
4.19325
4.41875
4.48855
4.14493
3.54359
2.80803
1.89528
0.880528
0.0644289
-0.472479
-0.923481
-1.18657
-1.1973
-1.15435
-1.07918
-0.86979
-0.746302
-0.57986
-0.257716
0.28993
1.06845
2.22817
4.0107
6.29256
8.89119
11.7959
15.0925
18.2388
21.3206
24.0588
26.2494
28.0158
29.2829
29.8735
30.0776
29.836
29.1219
27.9085
26.2977
24.4132
21.9595
19.0924
16.1019
12.7945
9.33682
6.09927
3.24292
0.687242
-1.10603
-2.20669
-2.74897
-2.58789
-1.89528
-1.12214
-0.209394
0.617444
1.12214
1.35838
1.12214
0.735563
-0.0322145
-0.961065
-1.7181
-2.38924
-2.97447
-3.14628
-3.06574
-2.73823
-2.153
-1.34227
-0.499324
0.472479
1.43354
2.33018
3.13554
3.82815
4.33821
4.45633
4.35969
4.08587
3.5597
2.94225
2.28723
1.74495
1.31542
1.27247
1.6322
2.49662
3.84963
5.47646
7.23751
9.28313
11.4254
13.2777
14.7918
16.0052
16.9019
17.1703
17.1435
16.8106
16.0374
14.9475
13.718
12.3596
10.7596
9.22407
7.7261
6.26571
5.03082
4.17177
3.39326
2.92615
2.72749
2.75971
2.64159
2.49125
2.17984
1.39059
0.0483217
-1.72347
-3.83889
-6.39994
-8.9932
-11.5113
-13.7663
-15.5113
-16.5743
-16.875
-16.2951
-15.1193
-13.6911
-11.9086
-9.8791
-8.20932
-7.01738
-6.26034
-6.08316
-6.62007
-7.55966
-8.71938
-10.0885
-11.3771
-12.2952
-12.9932
-13.1757
-12.8375
-11.9999
-10.9959
-9.70192
-8.35965
-7.07107
-6.07243
-5.12747
-4.4617
-4.18788
-4.04828
-3.90332
-3.81741
-3.6456
-3.23755
-2.85635
-2.28186
-1.63757
-1.17046
-0.896636
-0.724825
-1.00939
-1.72884
-2.55031
-3.55433
-4.83754
-5.91135
-6.53417
-6.80262
-6.67913
-5.80934
-4.51539
-2.96373
-0.998648
0.998648
2.93688
4.81606
6.33551
7.64556
8.61737
9.4281
10.1153
10.7543
11.4147
12.1395
12.8428
13.6965
14.5502
15.2911
15.828
16.1555
16.1931
15.6616
14.8777
13.6482
11.9999
10.1583
8.10194
6.05095
4.05902
2.59863
1.36375
0.569122
0.365097
0.493955
0.907374
1.57314
2.49662
3.15165
3.68319
4.14493
4.40264
4.46707
4.40801
4.43486
4.56908
4.8268
5.33149
6.11001
7.11403
8.34354
9.62675
10.9637
12.3274
13.3046
14.1368
14.7703
15.2106
15.318
15.1408
15.1139
15.1086
15.2106
15.624
16.4079
17.5998
19.1408
21.0951
23.1461
25.2186
27.1622
28.7514
29.793
30.2011
29.9917
28.9608
27.538
25.7232
23.5756
21.3206
19.2213
17.3636
15.8012
14.6415
13.9918
13.5623
13.3529
13.3958
13.412
13.3851
13.3475
13.0415
12.7301
12.263
11.6455
10.8724
10.2549
10.0992
10.0133
10.2227
10.8616
12.0589
13.4818
15.1032
16.9716
18.7381
20.2897
21.5676
22.2978
22.2924
21.7662
20.6387
18.926
16.9663
14.824
12.6818
10.7113
9.18649
8.12878
7.53818
7.46302
7.94623
8.62811
9.66434
10.8241
11.8603
12.8052
13.6697
14.1529
14.3838
14.5072
14.4965
14.3301
14.169
14.1099
13.8415
13.7395
13.7448
13.7609
13.5569
13.3636
13.063
12.5099
11.7959
11.0335
10.0348
8.9932
8.02677
7.06034
6.13685
5.36908
4.67647
4.12345
3.6295
3.46305
3.24829
3.22145
3.38789
3.69929
4.03755
4.73553
5.37981
5.95967
6.5288
6.99591
7.05497
6.91537
6.57712
5.91135
4.92881
3.93553
2.9691
1.91139
0.961065
0.187918
-0.5208
-1.32079
-2.11542
-3.08185
-4.31137
-5.67511
-7.24288
-8.9932
-10.6522
-12.0482
-13.1328
-13.7073
-13.6643
-13.0307
-11.8442
-10.0778
-8.00529
-5.92209
-3.855
-2.00803
-0.622813
0.370466
0.966434
0.950326
0.585229
0.0107382
-0.864421
-1.85233
-2.87246
-3.82278
-4.88586
-6.008
-6.99054
-7.99992
-9.24018
-10.5395
-11.8281
-13.1703
-14.6039
-15.8012
-17.0253
-18.1099
-18.9206
-19.5488
-20.0589
-20.322
-20.4186
-20.4401
-20.4615
-20.3864
-20.3756
-20.4454
-20.4991
-20.6119
-20.8159
-20.934
-21.0038
-20.9662
-20.7568
-20.2683
-19.5327
-18.3945
-16.8052
-14.722
-12.1395
-9.22407
-5.9382
-2.45367
1.14898
4.77848
7.98382
10.6522
12.7569
14.1797
14.6576
14.3462
13.3583
11.667
9.55159
7.25362
4.68183
2.08857
-0.11812
-2.00803
-3.59728
-4.70868
-5.35297
-5.66438
-5.42277
-4.80532
-3.91406
-2.86709
-1.50334
-0.225501
1.03086
2.19595
3.10333
3.62413
3.80667
3.65634
3.11406
2.17448
1.01476
-0.0966434
-1.4765
-2.68991
-3.69392
-4.54224
-5.13284
-5.2778
-5.15431
-4.77848
-3.99996
-2.95299
-1.84159
-0.413419
1.21341
2.71138
4.28989
5.82545
7.09792
8.12878
8.9771
9.36904
9.47642
9.27239
8.63884
7.70462
6.56638
5.31002
3.76372
2.11005
0.429526
-1.33153
-3.18923
-5.04693
-6.88316
-8.74622
-10.62
-12.22
-13.5999
-14.7596
-15.4146
-15.5972
-15.4952
-14.8455
-13.7019
-12.2522
-10.5932
-8.82676
-7.03349
-5.21874
-3.54896
-2.2228
-1.20267
-0.381204
0.161072
0.365097
0.343621
0.128858
-0.316775
-0.896636
-1.43891
-2.05636
-2.73823
-3.48453
-4.19862
-4.9825
-5.88451
-6.70061
-7.68852
-8.82139
-9.86836
-10.8992
-11.8871
-12.7247
-13.224
-13.5408
-13.7126
-13.5462
-13.063
-12.5905
-11.8549
-11.0496
-10.2764
-9.40662
-8.53146
-7.59187
-6.41605
-5.35834
-4.18251
-2.85635
-1.50334
-0.424157
0.46711
1.1973
1.5624
1.56777
1.12214
0.553015
-0.365097
-1.42281
-2.45904
-3.38252
-4.39727
-5.1919
-5.95967
-6.74893
-7.70999
-8.77844
-10.2174
-11.9516
-13.8683
-16.075
-18.3945
-20.4723
-22.2011
-23.6347
-24.5635
-24.628
-24.0481
-22.9474
-21.3689
-19.5649
-17.6911
-15.6884
-14.0187
-12.612
-11.6079
-10.6952
-10.2549
-9.79319
-9.2885
-8.85898
-8.34891
-7.67241
-6.87779
-6.20665
-5.46572
-4.79458
-4.57445
-4.58519
-4.90197
-5.65901
-6.8241
-8.39187
-10.2174
-12.365
-14.6415
-16.9878
-19.3609
-21.5085
-23.2427
-24.6172
-25.6427
-25.9487
-25.6588
-24.9716
-23.9998
-22.4911
-20.8052
-19.0656
-17.3475
-15.9086
-14.7489
-13.8576
-13.2079
-13.0576
-12.918
-12.9287
-13.2616
-13.5462
-13.7287
-13.8307
-13.8468
-13.6213
-13.2777
-12.8804
-12.161
-11.2804
-10.2549
-9.23481
-7.84959
-6.37846
-4.77848
-3.02279
-1.12214
0.896636
3.1248
5.4872
7.68315
9.8093
12.1663
14.2978
16.1233
17.6535
18.883
19.4683
19.6132
19.2052
18.2388
16.8052
14.9851
12.7623
10.4053
8.24153
6.20128
4.34895
3.02279
2.19595
1.72884
1.42817
1.55703
1.55166
1.31005
0.832207
0.0375835
-1.29932
-3.09796
-5.08988
-7.44154
-9.76635
-11.9032
-13.7341
-15.2965
-16.3596
-17.1757
-17.7555
-18.1099
-18.2978
-18.781
-19.3072
-19.8173
-20.3864
-20.9877
-21.4602
-21.7179
-21.632
-21.1864
-20.3542
-19.2965
-17.9112
-16.1985
-14.4589
-12.7516
-10.9261
-9.13817
-7.38785
-5.82008
-4.24157
-2.95836
-1.65904
-0.445633
0.542277
1.25099
1.74495
2.16374
2.32481
2.33018
2.16374
1.84696
1.49797
1.04697
0.499324
-0.166441
-0.714087
-1.24026
-1.89528
-2.43756
-2.93688
-3.45232
-3.98385
-4.5315
-5.1919
-6.09927
-7.16772
-8.49388
-10.1046
-11.8549
-13.5515
-15.2858
-16.875
-18.0508
-18.7596
-18.9797
-18.6898
-17.8522
-16.7461
-15.3717
-14.0401
-12.8858
-11.9032
-11.3395
-11.1408
-11.5059
-11.9355
-12.612
-13.3422
-14.0079
-14.5019
-14.6522
-14.6307
-14.3569
-14.0616
-13.8415
-13.7448
-13.8844
-14.3999
-15.2535
-16.3381
-17.6213
-18.8186
-19.6669
-20.1555
-20.075
-19.1085
-17.2347
-14.7327
-11.5328
-7.83885
-3.97849
-0.17181
3.38789
6.46437
8.60126
9.9489
10.4106
10.0616
8.79455
6.79725
4.19862
1.28858
-1.7181
-4.88586
-7.94623
-10.62
-12.8375
-14.5234
-15.828
-16.3649
-16.3757
-16.0267
-15.1837
-14.1046
-13.0361
-12.0536
-11.3019
-10.765
-10.5663
-10.7328
-11.2965
-12.2146
-13.1005
-14.0294
-15.0119
-15.5703
-15.9247
-15.8656
-15.4415
-14.5878
-13.5623
-12.3167
-10.9475
-9.69118
-8.82676
-8.26838
-8.07509
-8.29522
-8.86971
-9.60528
-10.561
-11.361
-11.7744
-11.7261
-11.2053
-10.2174
-8.57441
-6.66839
-4.5315
-2.41608
-0.601337
0.740932
1.62146
1.94897
1.59998
0.714087
-0.526169
-1.91676
-3.31272
-4.41875
-5.40129
-6.12612
-6.49121
-6.7704
-7.00128
-7.35027
-7.98382
-9.12743
-10.7059
-12.714
-15.0603
-17.6589
-20.1072
-22.2172
-23.9031
-24.6387
-24.5635
-23.6186
-21.6535
-18.7703
-15.2965
-11.5596
-7.51134
-3.46842
0.241608
3.59728
6.37846
8.65495
10.3462
11.6133
12.3381
12.7462
12.9932
13.0737
13.0093
12.8697
12.7354
12.4938
12.2522
12.0106
11.6455
11.0173
10.4375
9.56232
8.50462
7.32879
5.97041
4.27378
2.47514
0.821469
-1.08992
-3.02816
-4.6711
-6.2496
-7.39859
-8.04825
-8.18247
-7.89791
-7.07644
-5.49256
-3.52748
-1.1812
1.4765
4.2362
6.88316
9.42273
11.7529
13.5784
14.9797
15.8119
15.9515
15.6562
14.7381
13.2133
11.1408
8.82139
6.32477
3.65097
1.15972
-0.783885
-2.50199
-3.50064
-3.84963
-3.52748
-2.78655
-1.48723
-0.0161072
1.36911
2.65769
3.72077
4.28989
4.48855
4.20936
3.63486
2.86709
2.11542
1.46039
0.789254
0.375835
0.198656
0.225501
0.311406
0.655027
0.92885
0.971803
1.00402
0.907374
0.526169
0.0590598
-0.735563
-1.7181
-2.8134
-3.89795
-5.20263
-6.73282
-8.20395
-9.50326
-10.9475
-12.0965
-12.9395
-13.5032
-13.6911
-13.2562
-12.22
-10.7543
-8.67643
-6.23887
-3.65097
-0.982541
1.51408
3.75835
5.48183
6.69524
7.23751
7.14087
6.71671
5.90598
4.88586
3.77446
2.84561
1.96508
1.2671
0.944957
0.805361
0.665765
0.703349
0.724825
0.569122
0.306037
-0.0805361
-0.773147
-1.71274
-2.73823
-3.91943
-5.37445
-6.73819
-8.05898
-9.46031
-10.6147
-11.5381
-12.2683
-12.8536
-13.0844
-13.1542
-13.1274
-12.8858
-12.5475
-12.1985
-11.8442
-11.2428
-10.6308
-9.84152
-8.73012
-7.38785
-5.79323
-3.855
-1.70737
0.504693
2.87782
5.27243
7.361
9.13817
10.722
11.8173
12.3381
12.6442
12.5046
11.9355
11.0227
10.0455
8.77844
7.44154
6.11001
4.69794
3.13554
1.7718
0.483217
-0.794623
-1.95971
-2.88319
-3.6456
-4.2362
-4.4617
-4.40264
-4.1503
-3.62413
-2.7436
-1.90065
-0.993279
0.0536908
1.03086
1.7879
2.62548
3.24829
3.71003
4.26305
4.71942
5.04156
5.37981
5.82008
6.09927
6.43215
6.63081
6.57712
6.3892
5.98652
5.44424
4.49929
3.36641
2.12079
0.510062
-1.15972
-2.82413
-4.61741
-6.53953
-8.42945
-10.2012
-11.9945
-13.5945
-14.8562
-15.9086
-16.7139
-16.9502
-16.7032
-16.0535
-14.7435
-12.9985
-10.9905
-8.70327
-6.0939
-3.66171
-1.37448
0.762409
2.29796
3.4201
4.22546
4.48855
4.32748
3.89258
3.25366
2.58253
1.93287
1.43354
1.16509
1.00402
1.13824
1.5624
2.05636
2.68991
3.41473
4.23083
5.0523
6.03484
7.0496
8.25764
9.64286
11.1355
12.7032
14.3354
16.0804
17.6428
18.926
19.8495
20.2414
20.1287
19.5005
18.3193
16.4347
14.2817
11.7905
8.98246
6.10464
3.19997
0.257716
-2.63622
-5.23485
-7.58114
-9.65897
-11.3019
-12.4777
-13.1918
-13.369
-12.9126
-11.973
-10.7489
-9.13817
-7.29657
-5.59458
-4.19862
-2.99058
-2.21206
-1.91676
-2.13152
-2.63622
-3.39326
-4.17714
-4.73016
-5.03619
-4.83754
-3.93016
-2.41608
-0.322145
2.20669
4.98787
7.61335
10.0939
11.9945
13.1113
13.3314
12.8643
11.4254
9.31535
7.00128
4.48318
1.9973
-0.102012
-1.76643
-2.82413
-3.45768
-3.6295
-3.60802
-3.38789
-3.07111
-2.93152
-3.04427
-3.25366
-3.43621
-3.80667
-4.24157
-4.47244
-4.63888
-4.85901
-4.99324
-5.05767
-5.22411
-5.37445
-5.55699
-5.94357
-6.27645
-6.37309
-6.53953
-6.65229
-6.51806
-6.26034
-6.06169
-5.85766
-5.65901
-5.63216
-5.84692
-6.07779
-6.5288
-7.0496
-7.43617
-7.72073
-7.8818
-7.80127
-7.4308
-6.98517
-6.38383
-5.79323
-5.32612
-5.1919
-5.28854
-5.77176
-6.88852
-8.27912
-9.91668
-11.9247
-14.0187
-15.9623
-17.9596
-19.8656
-21.4656
-22.9045
-24.4025
-25.6588
-26.9742
-28.5259
-30.0615
-31.5218
-33.0413
-34.4158
-35.495
-36.1339
-36.4614
-36.209
-35.1299
-33.7876
-32.0051
-29.7715
-27.4145
-24.9608
-22.5394
-20.3166
-18.5716
-16.918
-15.5972
-14.7489
-14.1905
-13.6697
-13.3744
-13.165
-12.6818
-12.1234
-11.4845
-10.4536
-9.18112
-7.8657
-6.41068
-4.86975
-3.62413
-2.604
-1.78253
-1.37985
-1.31005
-1.39059
-1.64831
-2.06709
-2.44293
-2.57716
-2.66306
-2.59863
-2.26038
-1.98656
-1.98119
-1.90065
-2.07783
-2.62011
-3.4899
-4.60667
-6.06169
-7.76368
-9.39051
-11.1784
-13.1489
-14.8992
-16.467
-18.0884
-19.5649
-20.5206
-21.3689
-21.9058
-21.879
-21.4548
-20.7139
-19.5112
-17.9971
-16.4455
-14.8884
-13.4281
-12.4133
-11.7046
-11.4039
-11.5596
-12.2415
-13.0093
-13.8146
-14.7274
-15.3448
-15.624
-15.6294
-15.2535
-14.5341
-13.5462
-12.4724
-11.3288
-10.4053
-9.77172
-9.29924
-9.08985
-9.30998
-9.78246
-10.2066
-10.6522
-11.2267
-11.4845
-11.4308
-11.4039
-11.0657
-10.3945
-9.72877
-9.18112
-8.56905
-8.06435
-7.8818
-7.68852
-7.61872
-7.74221
-7.94623
-8.03751
-8.16636
-8.29522
-8.25764
-8.19321
-8.21469
-8.17173
-8.03751
-7.96234
-7.85496
-7.63483
-7.47375
-7.44154
-7.33953
-7.43617
-7.81737
-8.41871
-9.34756
-10.7274
-12.3328
-14.0616
-15.8978
-17.6965
-18.9904
-19.9193
-20.3005
-19.8817
-18.8025
-17.3314
-15.3663
-12.9448
-10.5288
-8.30596
-6.17444
-4.41338
-3.18923
-2.25501
-1.60535
-1.35301
-1.3369
-1.29395
-1.36911
-1.41207
-1.32079
-1.05234
-0.864421
-0.413419
0.252347
0.896636
1.62146
2.57716
3.3342
4.09124
4.92344
5.58384
5.84692
6.05632
6.11001
5.6429
4.9664
4.27915
3.32883
2.42682
1.63757
0.993279
0.375835
0.220132
0.268454
0.402681
0.612075
0.773147
0.789254
0.569122
0.338252
-0.246977
-1.12214
-1.91676
-2.65232
-3.3503
-3.855
-4.06976
-4.10197
-4.03218
-3.81204
-3.72077
-3.88721
-4.13956
-4.47781
-5.1919
-5.83619
-6.22813
-6.50732
-6.40531
-5.78786
-4.6013
-3.32883
-1.59462
0.246977
1.83085
3.15165
4.11808
4.5315
4.41875
4.05365
3.19997
2.11542
1.03086
0.0322145
-0.762409
-1.27247
-1.42281
-1.27247
-0.81073
0.193287
1.38522
2.74897
4.20936
5.73417
7.0496
7.98382
8.60663
8.63884
7.96234
6.72745
4.96103
2.55568
-0.112751
-2.88856
-5.76102
-8.42408
-10.6147
-12.4724
-14.0079
-14.9046
-15.3341
-15.4576
-15.1408
-14.6898
-14.1314
-13.3422
-12.4079
-11.6616
-10.7972
-9.83615
-8.98246
-8.08583
-7.12476
-6.05095
-5.20263
-4.19862
-2.95836
-1.82012
-0.665765
0.488586
1.82549
3.14091
4.53687
5.92209
7.07644
8.19321
9.18112
9.8093
9.87373
9.5838
8.73012
7.19456
5.26706
2.86709
0.11812
-2.59326
-5.23485
-7.55429
-9.43347
-10.7274
-11.6348
-11.8603
-11.4845
-10.8939
-10.1744
-9.26166
-8.27912
-7.51134
-6.72208
-6.03484
-5.33149
-4.70868
-3.91943
-3.15165
-2.55568
-1.89528
-1.14898
-0.601337
-0.279192
0.0429526
0.182549
0.316775
0.703349
1.25636
1.9973
3.10333
4.73553
6.64155
8.85898
11.3663
13.7395
16.0911
18.1475
19.7797
21.0307
21.7287
21.9649
21.7394
21.2132
20.3649
19.2589
17.9971
16.7354
15.3878
13.9166
12.4294
10.9905
9.48179
7.93549
6.43752
5.06841
3.68319
2.54494
1.52482
0.526169
-0.268454
-0.918112
-1.66441
-2.33555
-3.06037
-4.03755
-5.25633
-6.34088
-7.58114
-9.05226
-10.4536
-11.7583
-12.8697
-13.7824
-14.4267
-14.6307
-14.6898
-14.5556
-14.1529
-13.6536
-13.1113
-12.2522
-11.4845
-10.6361
-9.46568
-8.16636
-6.78651
-4.93955
-2.70601
-0.504693
1.9973
4.57982
7.12476
9.54622
11.8925
13.9381
15.624
17.1703
18.3998
19.3502
20.0911
20.6978
21.0253
21.2401
21.4011
21.3045
21.0092
20.7407
20.3112
19.5703
18.7273
17.8951
16.8911
15.4898
14.2066
12.8804
11.3502
9.93279
8.57441
7.09255
5.78786
4.70868
3.53285
2.31407
1.25099
0.0859052
-1.38522
-2.83487
-4.34895
-5.98652
-7.62409
-9.14354
-10.5824
-11.8281
-12.6066
-13.1757
-13.3905
-13.2831
-12.773
-12.1717
-11.3341
-10.2066
-9.22407
-8.13415
-6.94222
-5.65364
-4.38654
-3.03353
-1.51945
-0.069798
1.43354
3.17312
4.76237
6.2496
7.6402
8.83213
9.63212
10.2764
10.518
10.1905
9.46031
8.48851
7.14624
5.29391
3.27514
1.17046
-1.28321
-3.76372
-5.99726
-8.19858
-10.1744
-11.5381
-12.5744
-13.0844
-12.8267
-12.016
-10.7757
-9.02005
-6.88316
-4.75163
-2.57179
-0.542277
1.12214
2.3087
3.22681
3.73688
3.74762
3.76372
3.58117
3.44695
3.59191
4.31674
5.46035
7.10866
9.54622
12.3489
15.7636
19.6401
23.7528
27.7581
31.6614
35.3607
38.6037
41.2238
43.3875
44.9338
45.5673
45.562
45.0734
43.7633
41.8197
39.4251
36.3325
32.9017
29.1219
25.181
20.9287
16.7998
12.7677
8.87508
5.19727
1.72347
-1.75569
-5.16505
-8.38113
-11.8496
-15.5381
-19.173
-22.9904
-27.0763
-31.0279
-34.7164
-38.2976
-41.4439
-44.1231
-46.26
-47.7526
-48.4398
-48.3807
-47.613
-46.115
-43.7687
-40.7835
-37.256
-33.0359
-28.3487
-23.6078
-18.7381
-13.8146
-9.24018
-5.04156
-1.42281
1.54629
3.70466
5.30465
6.22276
6.58786
6.57712
6.33014
6.06706
5.8684
5.93283
6.01873
6.35162
6.96906
7.4308
7.69926
7.89791
7.69926
6.80799
5.59458
4.11271
2.2389
0.214763
-1.91676
-3.99996
-5.99726
-7.66704
-9.2026
-10.7382
-12.2093
-13.6911
-15.5113
-17.5784
-19.7958
-22.3246
-25.2293
-28.1501
-31.0386
-33.6963
-36.048
-37.8359
-39.1191
-39.7795
-39.7419
-39.0332
-37.8949
-36.2681
-34.3836
-32.5688
-30.7057
-29.0413
-27.8816
-27.0011
-26.4051
-26.2172
-26.2977
-26.2172
-25.9971
-25.5138
-24.6226
-23.0548
-20.9233
-18.2924
-15.2535
-12.0536
-8.99857
-6.21202
-3.89258
-2.35166
-1.56777
-1.57314
-2.42145
-3.86573
-5.72344
-7.72073
-9.85762
-11.7959
-13.165
-14.1797
-14.62
-14.4106
-13.5891
-12.3972
-10.6576
-8.59052
-6.40531
-4.02681
-1.68052
0.322145
2.2389
3.81204
4.8966
5.47109
5.72344
5.48183
4.88586
4.22546
3.47379
2.88319
2.70601
3.03353
3.9409
5.30465
7.31805
9.82004
12.4348
14.9851
17.3743
19.3448
20.7837
21.7823
22.2656
22.3837
22.4052
22.5286
22.7273
23.3125
24.3219
25.5192
26.8454
28.3165
29.5353
30.3675
30.7272
30.6306
29.7501
28.5689
27.0065
25.0736
23.0656
21.1595
19.2106
17.3367
15.5542
13.8576
12.1556
10.4106
8.78381
7.12476
5.42814
4.19325
3.14091
2.52347
2.5181
3.17849
4.51002
6.46974
9.07374
12.0106
15.2482
18.5179
21.4817
23.9085
25.691
26.7971
26.8561
26.2816
25.1004
23.4468
21.5407
19.8656
18.4965
17.5354
17.326
17.6911
18.4911
19.8871
21.5729
23.2213
24.8588
26.2387
27.3447
27.9675
28.3487
28.3219
27.7635
27.1568
26.4803
25.6481
24.8266
24.091
23.3877
22.9421
22.6092
22.5179
22.4213
22.4911
22.5877
22.5716
22.4588
22.2602
21.777
21.1058
20.4562
19.624
18.5555
17.6911
16.9072
15.9837
14.9797
14.1207
13.1113
11.9891
10.7382
9.26703
7.65093
6.11538
4.6711
3.51138
2.78118
2.52883
2.79192
3.84426
5.53015
7.70462
10.2227
12.9609
15.9086
18.722
21.2132
23.4682
25.2186
26.5662
27.4628
27.9675
28.1286
27.9997
27.7205
27.1407
26.3729
25.3904
24.0159
22.1797
20.0857
17.3206
13.9596
10.1851
6.14222
1.61609
-2.92615
-7.25899
-11.1355
-14.4482
-17.0629
-18.722
-19.581
-19.5273
-18.5824
-17.0092
-14.7918
-12.161
-9.26166
-6.2335
-3.09259
0.0536908
2.87246
5.76102
8.64958
11.1408
13.514
15.8978
18.2656
20.4777
22.5286
24.44
26.0561
27.4467
28.4829
28.934
28.8964
28.5689
27.6776
26.4105
25.036
23.4682
21.7984
20.2897
18.7703
17.122
15.4092
13.7448
11.8925
9.72877
7.55966
5.1919
2.79729
0.730194
-1.15972
-2.77044
-3.98385
-4.77311
-5.23485
-5.61605
-5.84692
-6.27645
-7.1355
-8.24153
-9.7234
-11.7153
-14.2173
-16.7569
-19.4307
-22.0078
-24.2038
-26.0132
-27.2534
-27.6132
-27.1568
-26.0722
-24.2038
-21.8199
-19.2267
-16.4831
-13.9274
-11.8281
-10.4804
-9.64286
-9.60528
-10.4106
-11.7959
-13.3851
-15.3287
-17.1112
-18.6307
-19.9998
-21.0844
-21.5837
-21.8844
-22.0937
-22.3246
-22.4374
-22.636
-22.9958
-23.1944
-23.4253
-23.6454
-23.4682
-22.9152
-22.0669
-20.7998
-19.0978
-17.0522
-14.8616
-12.5851
-10.1314
-7.8657
-5.5033
-3.31809
-1.50334
0.102012
1.53019
2.53957
3.21071
3.66708
3.48453
2.88856
1.9973
0.902005
-0.633551
-2.21743
-3.67245
-5.10062
-6.33551
-7.08718
-7.62409
-8.06972
-8.22542
-8.35428
-8.6979
-9.55696
-10.6361
-12.4187
-14.4965
-16.7354
-19.2857
-21.7287
-23.8172
-25.3313
-26.4427
-27.0065
-26.9044
-26.4051
-25.8789
-25.4333
-25.0843
-25.1488
-25.2239
-25.4602
-25.9541
-26.1581
-25.7877
-25.1165
-23.7421
-21.6374
-19.0226
-16.2522
-13.2831
-10.271
-7.84959
-5.82545
-4.32211
-3.5758
-3.60802
-3.87647
-4.6872
-5.99189
-7.40396
-8.78381
-10.3247
-11.71
-13.0791
-14.3945
-15.5113
-16.4455
-17.3153
-18.0294
-18.3139
-18.5072
-18.5018
-18.1958
-17.5784
-16.6441
-15.5864
-14.2012
-12.6764
-11.2751
-9.94353
-8.90193
-8.45629
-8.27375
-8.53146
-9.52474
-11.0496
-12.6871
-14.3623
-16.2415
-17.6428
-18.8293
-19.5059
-19.683
-19.2535
-18.7166
-17.9649
-16.9233
-16.0267
-15.1999
-14.3086
-13.6375
-13.0307
-12.3435
-11.4361
-10.4482
-9.27776
-7.98919
-6.58786
-5.19727
-3.89795
-2.64159
-1.75032
-1.25099
-1.0416
-1.29932
-1.9973
-2.93152
-4.09124
-5.42277
-6.7543
-7.9516
-8.91804
-9.33682
-9.06837
-8.28448
-6.95832
-4.85901
-2.25501
0.687242
3.76372
6.88852
9.65897
12.1556
14.2549
15.7797
16.7408
17.2186
17.2079
16.773
16.2415
15.5327
14.3945
13.1757
12.0375
10.7543
9.29387
7.82274
6.36772
4.76774
3.15702
1.44965
-0.375835
-2.31944
-4.15566
-6.11538
-8.05361
-9.63749
-11.0925
-12.161
-12.6173
-12.5636
-12.0751
-10.9744
-9.42273
-7.64556
-5.92209
-4.19325
-2.49662
-1.20267
-0.241608
0.504693
0.966434
1.18657
1.51945
1.75032
1.99193
2.40535
2.78655
3.00131
3.30735
3.38252
2.97447
2.41072
1.52482
0.204025
-1.22415
-2.79192
-4.52613
-6.2335
-7.54892
-8.48314
-9.28313
-9.52474
-9.15964
-8.60663
-7.66704
-6.33014
-4.8966
-3.51138
-1.96508
-0.660396
0.553015
1.54629
2.58789
3.47916
4.27378
5.14357
6.41605
7.73684
9.37978
11.4361
13.7717
16.5368
19.5595
22.7058
25.8467
28.9393
31.8333
34.1312
35.9674
37.1809
37.6265
37.4654
36.6601
35.2695
33.6373
32.0051
30.3997
28.934
28.0534
27.7152
27.8601
28.6387
29.8843
31.2104
32.4453
33.8144
34.6252
34.9312
34.6789
33.852
32.5205
30.6359
28.7621
26.8024
24.8857
23.3018
22.2065
21.4011
20.9287
20.8535
20.9233
21.2132
21.6481
21.9756
22.2602
22.5018
22.7756
22.7541
22.7756
22.7541
22.5501
22.126
21.7233
21.1971
20.483
19.7367
18.9099
18.1851
17.5622
17.0253
16.6495
16.5045
16.5475
16.8159
17.122
17.4602
17.8361
17.9059
17.7663
17.5461
16.875
15.8656
14.6468
13.1972
11.5811
9.85762
8.24153
6.57175
5.17042
3.76372
2.3785
1.27784
0.155703
-0.955696
-2.28186
-3.46305
-4.70331
-5.94357
-6.89926
-7.49523
-7.93013
-7.94623
-7.361
-6.44826
-5.06841
-3.47379
-1.90602
-0.34899
1.06308
2.11005
2.79729
2.93688
2.85098
2.49125
1.88455
1.39059
0.81073
0.402681
0.23087
0.397312
0.740932
1.26173
1.90065
2.50199
3.09796
3.60265
3.76372
3.86037
3.94627
3.69929
3.50601
3.15702
3.03353
2.94225
2.9691
3.17312
3.46842
3.79594
4.20399
4.74626
5.06304
5.32612
5.4174
5.4174
5.16505
4.84291
4.25768
3.4899
2.68454
1.59462
0.46711
-0.526169
-1.51408
-2.31407
-2.73823
-2.76507
-2.13689
-1.15972
0.418788
2.42145
4.79995
7.35027
9.97037
12.365
14.6093
16.3005
17.6535
18.5126
19.0065
19.3502
19.4575
19.5434
19.6347
19.8226
19.9139
20.0535
20.1662
19.9085
19.1569
18.0723
16.526
14.3891
12.0375
9.43884
6.70598
4.1664
1.78253
-0.0590598
-1.46576
-2.43756
-3.01742
-3.18386
-3.02279
-2.94762
-2.88319
-2.91004
-3.14628
-3.6295
-4.34358
-5.16505
-6.21739
-7.24825
-8.20932
-8.92877
-9.53011
-9.66434
-9.40662
-8.8375
-7.74758
-6.30866
-4.51002
-2.75434
-0.703349
1.24563
2.7436
3.99459
5.02546
5.52478
5.68048
5.73417
5.55162
5.40666
5.46572
5.73417
6.39457
7.29121
8.43482
9.71266
11.1247
12.4992
13.6536
14.4697
15.0656
15.1837
14.9314
14.373
13.5301
12.3811
11.2428
10.0778
8.88045
7.91402
7.28584
6.81336
6.34625
6.27108
6.36236
6.34625
6.31403
6.35699
6.14759
5.62679
5.13284
4.3758
3.60802
3.02279
2.28723
1.61072
1.10066
0.504693
0.0483217
-0.558384
-1.15972
-1.84696
-2.81876
-3.8711
-4.81069
-5.98115
-7.03886
-7.76368
-8.47777
-8.79992
-8.79992
-8.56905
-8.08046
-7.30731
-6.459
-5.59995
-4.66573
-3.88184
-3.46305
-3.17312
-2.88856
-2.98521
-3.13554
-3.32883
-3.49527
-3.52211
-3.55433
-3.4201
-3.23218
-3.06574
-2.96373
-3.19997
-3.50064
-4.11808
-5.03619
-6.01873
-7.11939
-7.94086
-8.66569
-8.9771
-8.56905
-7.64556
-6.41605
-4.5315
-2.22817
0.155703
2.73286
5.33686
7.76368
9.97574
12.1287
14.0133
15.7475
17.4227
18.7971
19.9998
21.1381
21.777
22.083
22.0293
21.5461
20.6226
19.3931
17.6911
16.075
14.3032
12.6603
11.1999
9.92742
8.84287
8.15026
7.48986
6.93685
6.34625
5.61068
4.66573
3.65634
2.42145
1.00939
-0.536908
-1.86307
-3.35567
-4.83217
-6.04558
-7.04423
-8.18784
-9.063
-9.82004
-10.6254
-11.4791
-12.2522
-13.2455
-14.169
-15.1462
-16.1287
-17.0307
-17.6428
-18.1851
-18.4535
-18.2549
-17.632
-16.4508
-15.0066
-13.0898
-11.012
-8.75159
-6.40531
-4.09661
-2.07246
-0.155703
1.4926
2.8134
3.82278
4.4617
5.00398
5.13821
4.90197
4.49929
3.67782
2.62548
1.48723
0.144965
-1.36911
-2.72212
-3.98922
-5.20263
-6.14222
-6.73282
-7.44691
-7.84422
-8.11267
-8.4026
-8.76233
-8.85898
-8.96636
-8.81065
-8.28985
-7.48449
-6.34625
-4.79995
-2.70601
-0.273823
2.32481
4.97713
7.60798
9.89521
11.9945
13.616
14.7435
15.3233
15.5542
15.4254
14.8562
14.0723
13.4012
12.6334
11.8496
11.1623
10.4536
9.74487
8.9932
8.08583
6.90463
5.58384
3.88721
1.92213
-0.139596
-2.12615
-4.15566
-5.95967
-7.23751
-8.35428
-9.09521
-9.36904
-9.30461
-9.17575
-8.85898
-8.44019
-8.06972
-7.87107
-7.62946
-7.33953
-7.03349
-6.63081
-5.99726
-5.20263
-4.17714
-2.6738
-1.01476
0.859052
3.02279
5.58384
8.07509
10.561
13.224
15.5757
17.6374
19.2857
20.4025
20.8857
20.8535
20.0374
18.8401
17.1757
15.2911
12.8697
10.6308
8.37039
5.97041
3.855
1.76106
-0.397312
-2.52883
-4.61741
-6.43215
-8.46703
-10.3247
-11.9516
-13.2079
-14.2066
-14.824
-15.0227
-14.9851
-14.4213
-13.4925
-12.3381
-10.8616
-9.07911
-7.00128
-4.92344
-2.48051
0.241608
2.88319
5.63216
8.34354
10.7811
12.9073
14.5556
15.624
16.22
16.1717
15.5435
14.5395
13.4388
12.1771
10.9959
10.2174
9.88984
10.0026
10.4482
11.1892
11.9086
12.322
12.4133
11.9677
10.5824
8.55294
5.73954
2.52883
-1.14361
-4.63888
-7.93013
-10.7596
-12.9717
-14.4106
-15.1676
-15.4361
-15.2321
-14.7489
-14.1905
-13.5999
-13.1757
-12.8912
-12.5851
-12.3435
-12.1341
-11.7744
-11.2751
-10.7006
-10.0294
-9.26703
-8.77844
-8.38113
-8.06972
-7.90328
-8.09657
-8.2469
-8.25764
-8.02677
-7.46302
-6.59323
-5.34223
-3.84963
-2.06709
-0.327514
1.14898
2.17984
2.91004
3.02816
2.55031
1.81475
0.703349
-0.359728
-1.19193
-1.702
-1.75569
-1.36911
-0.703349
0.418788
1.61072
2.84561
3.63486
4.14493
4.28989
3.99996
3.16775
2.18521
0.971803
-0.365097
-1.3369
-2.0134
-2.50199
-2.43219
-1.82012
-0.687242
0.902005
2.72749
4.78385
6.95295
8.99857
10.9314
12.4348
13.4066
14.0777
14.0777
13.718
13.0307
12.0858
10.9744
10.169
9.39051
8.80528
8.56905
8.65495
8.89656
9.35293
9.75561
10.1046
10.0616
9.7395
9.20797
8.1771
6.62007
4.79995
2.82413
0.730194
-1.25636
-3.07648
-4.57982
-5.75565
-6.48047
-6.71671
-6.52343
-6.02947
-5.14894
-4.31674
-3.3503
-2.604
-2.09394
-1.79864
-1.67515
-2.03488
-2.47514
-3.0389
-3.46842
-3.72077
-3.58654
-3.00131
-1.83085
-0.144965
2.08857
4.74626
7.60798
10.7328
13.6589
16.2092
18.6629
20.6119
21.8951
22.6951
23.1515
23.2159
22.985
22.7541
22.432
22.0884
22.0132
22.3085
22.6629
23.1407
23.828
24.6816
25.2883
25.8736
26.3085
26.4749
26.2548
25.5461
24.3004
22.9367
21.2347
19.2804
16.9985
14.8348
12.8214
10.91
9.26703
8.12341
7.17309
6.56101
6.5288
6.52343
6.80262
7.4308
8.20395
8.9234
9.69655
10.4804
11.2053
11.7422
12.0965
11.9569
11.7529
11.3502
10.5019
9.29924
8.05361
6.87779
5.5731
4.26842
3.33957
2.48588
1.70737
1.0416
0.40805
-0.23087
-0.842945
-1.51945
-2.09394
-2.77581
-3.14091
-3.28051
-3.25903
-3.04964
-2.60937
-2.27112
-1.78253
-1.44965
-1.29395
-1.16509
-1.13824
-1.13824
-1.02549
-0.547646
0.493955
1.88991
3.75298
6.20128
8.73012
11.3234
13.7556
15.9247
17.5569
18.6361
19.1783
19.0549
18.5341
17.6696
16.5368
15.3663
14.2227
13.0307
11.8979
10.8992
9.99722
9.15964
8.35428
7.87643
7.53281
7.21604
7.21604
7.38248
7.62946
7.87643
7.98919
8.0214
7.82274
7.4308
6.66839
