500.0
76
-141.971
-141.094
-139.313
-136.73
-133.425
-129.442
-124.787
-119.436
-113.341
-106.451
-98.7269
-90.1591
-80.7806
-70.6766
-59.9867
-48.9009
-37.6493
-26.487
-15.6762
-5.46706
3.91983
12.3084
19.5771
25.6635
30.5634
34.3252
37.0393
38.8254
39.8186
40.1548
39.9595
39.3381
38.3703
37.1085
35.5794
33.7887
31.7275
29.38
26.7302
23.7684
20.4948
16.9212
13.0704
8.97349
4.6663
0.184823
-4.43846
-9.17729
-14.0128
-18.9327
-23.9297
-28.9979
-34.1299
-39.3142
-44.5341
-49.768
-54.992
-60.1835
-65.326
-70.4134
-75.4524
-80.4633
-85.4775
-90.5312
-95.6572
-100.874
-106.178
-111.528
-116.848
-122.021
-126.895
-131.293
-135.028
-137.921
-139.82
-140.616
