500
56
-25.2108
-25.1998
-24.8025
-24.0271
-22.9458
-21.6741
-20.315
-18.9109
-17.4407
-15.8637
-14.1772
-12.4405
-10.75
-9.18506
-7.77413
-6.5065
-5.38012
-4.44142
-3.77906
-3.47153
-3.52826
-3.87225
-4.38092
-4.95549
-5.56601
-6.23852
-6.99765
-7.81393
-8.60096
-9.26598
-9.77264
-10.164
-10.5264
-10.9237
-11.3569
-11.7834
-12.1798
-12.5954
-13.1482
-13.9613
-15.0871
-16.4772
-18.0205
-19.6165
-21.2255
-22.8556
-24.5024
-26.0973
-27.5156
-28.6418
-29.4441
-29.994
-30.4128
-30.7824
-31.0905
-31.2509
