500
68
-32.0444
-32.0265
-31.5964
-30.9105
-30.1081
-29.2748
-28.449
-27.6533
-26.9208
-26.2905
-25.7769
-25.344
-24.9105
-24.3875
-23.724
-22.9245
-22.0259
-21.0521
-19.9809
-18.7496
-17.2943
-15.5926
-13.6783
-11.6234
-9.50531
-7.38948
-5.3407
-3.44729
-1.83004
-0.617758
0.100603
0.316183
0.104476
-0.409294
-1.09927
-1.87039
-2.65762
-3.40606
-4.05979
-4.57675
-4.96125
-5.28539
-5.67563
-6.26529
-7.14057
-8.31315
-9.73308
-11.3262
-13.0245
-14.768
-16.4838
-18.0681
-19.3971
-20.3671
-20.94
-21.1629
-21.1478
-21.0263
-20.9093
-20.873
-20.9704
-21.2441
-21.7205
-22.3825
-23.144
-23.8501
-24.314
-24.3729
