500
67
-23.4681
-23.3379
-22.8339
-21.9473
-20.6918
-19.1316
-17.3868
-15.6103
-13.9508
-12.5256
-11.4176
-10.6867
-10.3768
-10.5014
-11.0157
-11.7941
-12.6386
-13.3199
-13.6327
-13.4392
-12.6828
-11.3782
-9.59633
-7.46227
-5.16143
-2.93884
-1.07317
0.174294
0.616058
0.174032
-1.11954
-3.14787
-5.74058
-8.69252
-11.7709
-14.7263
-17.3224
-19.3825
-20.833
-21.7189
-22.1815
-22.4096
-22.5902
-22.8799
-23.397
-24.2209
-25.3827
-26.8466
-28.4976
-30.154
-31.6113
-32.6999
-33.3291
-33.4996
-33.283
-32.7892
-32.1427
-31.4724
-30.9082
-30.5671
-30.5259
-30.7931
-31.2991
-31.9163
-32.5003
-32.9289
-33.121
