500
64
-27.5943
-27.5922
-27.187
-26.5148
-25.7226
-24.9363
-24.2341
-23.6421
-23.1557
-22.7654
-22.4688
-22.2563
-22.088
-21.8829
-21.5375
-20.9655
-20.1339
-19.0704
-17.8403
-16.5109
-15.1294
-13.7275
-12.3419
-11.0252
-9.83271
-8.7911
-7.87289
-7.00132
-6.08691
-5.07427
-3.96908
-2.8302
-1.73697
-0.757807
0.0594521
0.676712
1.05441
1.16006
0.997636
0.636985
0.216464
-0.0918549
-0.13885
0.154234
0.781464
1.67075
2.71348
3.78155
4.72599
5.37318
5.54085
5.08094
3.93129
2.14508
-0.122678
-2.66542
-5.28227
-7.81145
-10.1297
-12.1339
-13.7325
-14.8594
-15.5008
-15.7077
