2480
3074
-2.122143778628808874e+00
-1.958719916884901213e+00
-1.798427923025341491e+00
-1.641555070357656909e+00
-1.488345195999000392e+00
-1.338999537935370965e+00
-1.193677877578422475e+00
-1.052499967584032081e+00
-9.155472229632248826e-01
-7.828646520211408610e-01
-6.544630024092312759e-01
-5.303210965754938666e-01
-4.103883301481252577e-01
-2.945873062902950590e-01
-1.828165788140472259e-01
-7.495347683578379439e-02
2.914301601362079275e-02
1.296293543524777991e-01
2.266745216394916440e-01
3.204571435671970114e-01
4.111626481641557085e-01
4.989804952696033080e-01
5.841014966449600276e-01
6.667152464470278428e-01
7.470076801283176415e-01
8.251587780681057804e-01
9.013404283947457074e-01
9.757144615538482224e-01
1.048430867229257046e+00
1.119626202252439473e+00
1.189422196161581846e+00
1.257924559111341933e+00
1.325221994907059830e+00
1.391385420059081390e+00
1.456467387940064917e+00
1.520501715394886766e+00
1.583503307513075109e+00
1.645468174738383471e+00
1.706373635070731476e+00
1.766178692820126850e+00
1.824824584208576850e+00
1.882235479089061858e+00
1.938319327165554329e+00
1.992968836356030726e+00
2.046062570343616827e+00
2.097466151907447340e+00
2.147033558313632629e+00
2.194608494873216298e+00
2.240025832734386491e+00
2.283113097063345087e+00
2.323691991976314597e+00
2.361579948904356741e+00
2.396591685495986113e+00
2.428540762678295106e+00
2.457241128097102489e+00
2.482508634828061833e+00
2.504162524984334670e+00
2.522026868629774654e+00
2.535931949229751403e+00
2.545715587722455098e+00
2.551224398162448281e+00
2.552314968763217173e+00
2.548854963038594157e+00
2.540724136602960037e+00
2.527815266030001951e+00
2.510034986980387295e+00
2.487304539584144436e+00
2.459560419796433806e+00
2.426754936131824358e+00
2.388856671816735222e+00
2.345850852980022161e+00
2.297739624024876193e+00
2.244542231790368270e+00
2.186295120517452339e+00
2.123051939982835812e+00
2.054883469456104894e+00
1.977220610347754759e+00
1.896070911035448114e+00
1.811530867055169747e+00
1.723710904609371264e+00
1.632735225035924609e+00
1.538741579466522680e+00
1.441880975010022770e+00
1.342317313900043052e+00
1.240226967144739900e+00
1.135798284314028184e+00
1.029231041199332397e+00
9.207358271873973266e-01
8.105333743055560536e-01
6.988538300246078805e-01
5.859359760493996205e-01
4.720263954883350266e-01
3.573785909730380350e-01
2.422520564991534897e-01
1.269113059786060038e-01
1.162486173318288962e-02
-1.033357935832435182e-01
-2.176972978713529461e-01
-3.311855192302902706e-01
-4.435266900055220285e-01
-5.544485605779432280e-01
-6.636815679171659266e-01
-7.709600136080533295e-01
-8.760232457503183134e-01
-9.786168388322381562e-01
-1.078493765396182136e+00
-1.175415553052042039e+00
-1.269153420159900625e+00
-1.359489383302144638e+00
-1.446217329502260673e+00
-1.529144046029937032e+00
-1.608090200563476513e+00
-1.682891264467485826e+00
-1.753398371989680182e+00
-1.819479108290416036e+00
-1.881018219394902324e+00
-1.937918237404471444e+00
-1.990100014620980406e+00
-2.037503160629648313e+00
-2.080086376849338947e+00
-2.117827683596653188e+00
-2.150724535317988462e+00
-2.178793820320971353e+00
-2.202071742079021899e+00
-2.220613579986490116e+00
-2.234493328301351056e+00
-2.243803212921790191e+00
-2.248653086595046702e+00
-2.249169704144061921e+00
-2.245495880310824255e+00
-2.237789533846227474e+00
-2.226222622514357763e+00
-2.210979974714680107e+00
-2.192258024447642395e+00
-2.170263457347130220e+00
-2.145211776465842046e+00
-2.117325797415938737e+00
-2.086834083326600364e+00
-2.053969330871385779e+00
-2.018966719331475979e+00
-1.982062235285914520e+00
-1.943490986048171720e+00
-1.903485515390376914e+00
-1.862274135405902697e+00
-1.820079288549911745e+00
-1.777115953961471151e+00
-1.733590112104414604e+00
-1.689697281565137210e+00
-1.645621141511215857e+00
-1.601532252845310200e+00
-1.557586890484478293e+00
-1.513925998458816924e+00
-1.470674278658190559e+00
-1.427939423067825064e+00
-1.385811498228205041e+00
-1.344362489441148778e+00
-1.303646010930460175e+00
-1.263697186763280911e+00
-1.224532705858611514e+00
-1.186151052865520583e+00
-1.148532915098493090e+00
-1.111641764086533701e+00
-1.075424608640527468e+00
-1.039812914686561340e+00
-1.004723685466804683e+00
-9.700606940916649545e-01
-9.357158588527723087e-01
-9.015707501931148338e-01
-8.674982167942091316e-01
-8.333641168963171753e-01
-7.990291397315129052e-01
-7.643507008354226695e-01
-7.291848940246052901e-01
-6.933884819956884771e-01
-6.568209068300653319e-01
-6.193463011839949184e-01
-5.808354806166176054e-01
-5.411678973638019974e-01
-5.002335359090319677e-01
-4.579347309363819285e-01
-4.141878886763935563e-01
-3.689250932721951926e-01
-3.220955805981647324e-01
-2.736670629517329312e-01
-2.236268892043149492e-01
-1.719830263311001861e-01
-1.187648497313900098e-01
-6.402373138905192995e-02
-7.833416693081129978e-03
4.970981737445134829e-02
1.084872279880070289e-01
1.683578994005364704e-01
2.291592641390722829e-01
2.907078513983205603e-01
3.528002593571439860e-01
4.152143459418355942e-01
4.777106303794314002e-01
5.400338957455110833e-01
6.019149806356782761e-01
6.630727460995553546e-01
7.232162020912062950e-01
7.820467759308491473e-01
8.392607036579002866e-01
8.945515237034271649e-01
9.476126510368716449e-01
9.981400088625786982e-01
1.045834694069589066e+00
1.090405651984375224e+00
1.131572335550259378e+00
1.169067323866064267e+00
1.202638875065511481e+00
1.232053388809834837e+00
1.257097754200231066e+00
1.277581559691003843e+00
1.293339142594813973e+00
1.304231457010598394e+00
1.310147740463937449e+00
1.311006961216501399e+00
1.306759030062564442e+00
1.297385762469932313e+00
1.282901579122739610e+00
1.263353935264066585e+00
1.238823471696666179e+00
1.209423882856673016e+00
1.175301500005186739e+00
1.136634590259800515e+00
1.093632374888146686e+00
1.046533772980939858e+00
9.956058792873894170e-01
9.411421876040355627e-01
8.834605736333283055e-01
8.229010536446863533e-01
7.598233375538545609e-01
6.946041971618894806e-01
6.276346722411196843e-01
5.593171389004054639e-01
4.900622661874654007e-01
4.202858881740620944e-01
3.504058198060109319e-01
2.808386455712676977e-01
2.119965105354668644e-01
1.442839435082121646e-01
7.809474202937360943e-02
1.380894850142899699e-02
-4.821005385830723355e-02
-1.076182975091017902e-01
-1.640938130014961693e-01
-2.173390122804361724e-01
-2.670828495850203765e-01
-3.130827386386925149e-01
-3.551262070350889033e-01
-3.930322711417404413e-01
-4.266525174453308367e-01
-4.558718790234261853e-01
-4.806090987239817203e-01
-5.008168736371452212e-01
-5.164816785263948162e-01
-5.276232690174431639e-01
-5.342938684940148342e-01
-5.365770457881700040e-01
-5.345862938486796168e-01
-5.284633225932537925e-01
-5.183760820685292536e-01
-5.045165348263411786e-01
-4.870981990470575340e-01
-4.663534863738165726e-01
-4.425308606391316069e-01
-4.158918456444720135e-01
-3.867079118720759823e-01
-3.552572734470955673e-01
-3.218216278111203366e-01
-2.866828714004241441e-01
-2.501198251339906697e-01
-2.124050036983837764e-01
-1.738014624654100615e-01
-1.345597553913764344e-01
-9.491503642670195973e-02
-5.508433581519289746e-02
-1.526404119330670994e-02
2.437238837870747687e-02
6.367644939420280537e-02
1.025263381758705350e-01
1.408283913447698765e-01
1.785182042164947802e-01
2.155614119042881249e-01
2.519541211352702703e-01
2.877229841617450212e-01
3.229249096446751288e-01
3.576464089665449819e-01
3.920025800634641122e-01
4.261357345153369280e-01
4.602136772645426532e-01
4.944276519106680645e-01
5.289899680191334497e-01
5.641313302469459501e-01
6.000978922995634512e-01
6.371480617536966484e-01
6.755490845829106306e-01
7.155734407763709726e-01
7.574950847199191095e-01
8.015855659880442019e-01
8.481100678546331650e-01
8.973234021498113222e-01
9.494660000557115787e-01
1.004759939031953930e+00
1.063405046284603195e+00
1.125575119033885407e+00
1.191414301295616429e+00
1.261033655969789447e+00
1.334507969734041843e+00
1.411872826577759366e+00
1.493121983798218810e+00
1.578205081928738540e+00
1.667025717400334894e+00
1.759439903775154246e+00
1.855254944157615604e+00
1.954228733915832183e+00
2.056069509162180786e+00
2.160436052580575250e+00
2.266938364183650911e+00
2.375138800471715328e+00
2.484553681284674909e+00
2.594655359425539043e+00
2.704874743928974645e+00
2.814604263688748276e+00
2.923201254082843370e+00
3.029991745281380489e+00
3.134274627128186275e+00
3.235326161886360907e+00
3.332404812766039726e+00
3.424756353039509094e+00
3.511619217725818309e+00
3.592230057318942293e+00
3.665829450866322503e+00
3.731667733897195305e+00
3.789010895271988311e+00
3.837146495987319383e+00
3.875389562338187766e+00
3.903088405614719036e+00
3.919630320700217219e+00
3.924447116537281843e+00
3.917020432437258837e+00
3.896886795614098453e+00
3.863642377117860960e+00
3.816947405506641022e+00
3.756530200112984108e+00
3.682190788606361842e+00
3.593804076704779860e+00
3.491322541315015293e+00
3.374778422054961702e+00
3.244285389996979241e+00
3.100039676536632260e+00
2.942320649497437213e+00
2.771490827895028097e+00
2.587995331161623724e+00
2.392360763038923643e+00
2.185193534742051469e+00
1.967177636343732550e+00
1.739071869585074648e+00
1.501706559454143219e+00
1.255979765845794294e+00
1.002853020396837991e+00
7.433466171428886327e-01
4.785344889419775871e-01
2.095387046238844642e-01
-6.247637546701850786e-02
-3.363102454890253834e-01
-6.107326595998724406e-01
-8.844902531811946744e-01
-1.156313334737476106e+00
-1.424922802496985330e+00
-1.689037139204009552e+00
-1.947379438439762911e+00
-2.198684416035797007e+00
-2.441705360745856535e+00
-2.675220979305588553e+00
-2.898042092324858654e+00
-3.109018139103214562e+00
-3.307043451420310642e+00
-3.491063258602778774e+00
-3.660079388685912427e+00
-3.813155633242455878e+00
-3.949422746415098828e+00
-4.068083051830298835e+00
-4.168414634360725124e+00
-4.249775097104344646e+00
-4.311604867430959942e+00
-4.353430039474115887e+00
-4.374864743987692428e+00
-4.375613040005301713e+00
-4.355470326208592979e+00
-4.314324273291912704e+00
-4.252155281880503068e+00
-4.169036473684759159e+00
-4.065133226532575250e+00
-3.940702266687356126e+00
-3.796090334413955159e+00
-3.631732441075831375e+00
-3.448149738122550101e+00
-3.245947020140861561e+00
-3.025809885689020096e+00
-2.788501580903040455e+00
-2.534859551854892423e+00
-2.265791732353841681e+00
-1.982272594318401637e+00
-1.685338988011787720e+00
-1.376085799339759497e+00
-1.055661451065764034e+00
-7.252632742220077589e-01
-3.861327751991803225e-01
-3.955082300670742512e-02
3.131672199745594298e-01
6.706764017477464535e-01
1.031607098417030244e+00
1.394569926876631172e+00
1.758160635118173332e+00
2.120964954490166754e+00
2.481563399957122940e+00
2.838536006118497212e+00
3.190466988434472739e+00
3.535949320741033741e+00
3.873589221698464424e+00
4.202010544281728599e+00
4.519859063769621876e+00
4.825806660902405731e+00
5.118555397940220963e+00
5.396841486252102804e+00
5.659439144788565024e+00
5.905164349329912632e+00
6.132878472753788834e+00
6.341491816725594255e+00
6.529967035186562185e+00
6.697322449798042143e+00
6.842635257106556956e+00
6.965044626628595914e+00
7.063754688332977594e+00
7.138037407132976853e+00
7.187235341011755985e+00
7.210764278308690933e+00
7.208115748515680821e+00
7.178859399692682608e+00
7.122645234336733466e+00
7.039205694252932410e+00
6.928357583707829725e+00
6.790003818920104628e+00
6.624134990789851685e+00
6.430830726710935252e+00
6.210260836378787452e+00
5.962686225721822275e+00
5.688459562474935005e+00
5.388025676496984495e+00
5.061921677734601666e+00
4.710776774766387121e+00
4.335311777142889511e+00
3.936338265277829152e+00
3.514757412457747421e+00
3.071558444622304762e+00
2.607816724932515484e+00
2.124691451784473273e+00
1.623422960840294138e+00
1.105329623823928742e+00
5.718043392595113517e-01
2.431061299309078549e-02
-5.356217707784747262e-01
-1.106401484173769489e+00
-1.686380788945724518e+00
-2.273861058028886717e+00
-2.867098671399192611e+00
-3.464311268767650276e+00
-4.063684338026392950e+00
-4.663378114766178584e+00
-5.261534764621979221e+00
-5.856285816724017934e+00
-6.445759813170038655e+00
-7.028090136238278163e+00
-7.601422972063232919e+00
-8.163925366743912448e+00
-8.713793328379393799e+00
-9.249259926370676510e+00
-9.768603337521165386e+00
-1.027015478704572082e+01
-1.075230633158554383e+01
-1.121351843075103538e+01
-1.165232725359614641e+01
-1.206735166678420157e+01
-1.245729985204823365e+01
-1.282097550188727020e+01
-1.315728354427581337e+01
-1.346523534949527878e+01
-1.374395337501628411e+01
-1.399267520765587669e+01
-1.421075696598765248e+01
-1.439767603017038233e+01
-1.455303307095658916e+01
-1.467655335461068766e+01
-1.476808730577191220e+01
-1.482761031589617851e+01
-1.485522179075876359e+01
-1.485114343654499613e+01
-1.481571679024786015e+01
-1.474940000637154469e+01
-1.465276391825288904e+01
-1.452648739859633764e+01
-1.437135205001356297e+01
-1.418823626240301650e+01
-1.397810867983804606e+01
-1.374202112519119545e+01
-1.348110103595180576e+01
-1.319654346953119628e+01
-1.288960274074580603e+01
-1.256158375806538352e+01
-1.221383312857014580e+01
-1.184773010432636475e+01
-1.146467744503334707e+01
-1.106609227327525780e+01
-1.065339699950880181e+01
-1.022801039400376055e+01
-9.791338882320026471e+00
-9.344768139537855234e+00
-8.889655056362730789e+00
-8.427320147402740602e+00
-7.959040468384909417e+00
-7.486043104851666463e+00
-7.009499289994523430e+00
-6.530519203767409131e+00
-6.050147499326681277e+00
-5.569359596208936836e+00
-5.089058772545299369e+00
-4.610074081073578967e+00
-4.133159105822855395e+00
-3.658991568170358200e+00
-3.188173782591874783e+00
-2.721233953914697246e+00
-2.258628299325344813e+00
-1.800743969858531912e+00
-1.347902737692036723e+00
-9.003654073704590033e-01
-4.583369011730251685e-01
-2.197196130096568112e-02
4.086185955209868936e-01
8.333611419878597104e-01
1.252212099602749706e+00
1.665150475679748610e+00
2.072170164653796220e+00
2.473272104116504000e+00
2.868456378867210610e+00
3.257714368246057646e+00
3.641021033056005329e+00
4.018327438463673573e+00
4.389553608367326554e+00
4.754581804832755054e+00
5.113250323315322809e+00
5.465347890527652908e+00
5.810608746987026230e+00
6.148708490522601267e+00
6.479260750371532041e+00
6.801814753998666419e+00
7.115853840489154258e+00
7.420794965359426953e+00
7.715989231976921658e+00
8.000723474562740023e+00
8.274222907056085319e+00
8.535654841048318175e+00
8.784133464641278977e+00
9.018725662563824130e+00
9.238457846293419706e+00
9.442323751397584175e+00
9.629293147938646769e+00
9.798321398698401907e+00
9.948359789282811505e+00
1.007836654398243326e+01
1.018731843169347329e+01
1.027422285736293439e+01
1.033813032640157736e+01
1.037814716241530277e+01
1.039344835251934995e+01
1.038329038950902827e+01
1.034702397633048498e+01
1.028410645569435289e+01
1.019411382634889662e+01
1.007675220752541279e+01
9.931868614408784879e+00
9.759460910193787697e+00
9.559686804360623569e+00
9.332871772238263475e+00
9.079515777694346923e+00
8.800298688865186847e+00
8.496084286166647459e+00
8.167922772349891503e+00
7.817051706007537071e+00
7.444895292614735816e+00
7.053061980805781062e+00
6.643340326036246246e+00
6.217693098942634222e+00
5.778249631463948432e+00
5.327296409994315418e+00
4.867265941355745085e+00
4.400723934065488230e+00
3.930354854074836979e+00
3.458945930719763417e+00
2.989369704893928947e+00
2.524565227274650603e+00
2.067518029647869682e+00
1.621239006836272090e+00
1.188742360288008726e+00
7.730227668880047531e-01
3.770319478749302178e-01
3.654822755885689389e-03
-3.443145583097271256e-01
-6.641971031436968431e-01
-9.534525812766165842e-01
-1.209703133151785792e+00
-1.430756173275798737e+00
-1.614626475711563813e+00
-1.759557232108643454e+00
-1.864039876161956322e+00
-1.926832473986432426e+00
-1.946976487381406606e+00
-1.923811726304378134e+00
-1.856989318033540393e+00
-1.746482533408184601e+00
-1.592595325116200833e+00
-1.395968449151277824e+00
-1.157583058177737101e+00
-8.787616744902626564e-01
-5.611664703986303238e-01
-2.067948050493910728e-01
1.820280112483034785e-01
6.026587313742970409e-01
1.052148947344711871e+00
1.527260587193457475e+00
2.024484068427108596e+00
2.540059020079204366e+00
3.069997462067211913e+00
3.610109307732424888e+00
4.156030033323180994e+00
4.703250336970882017e+00
5.247147589602833229e+00
5.783018861429439106e+00
6.306115290318166977e+00
6.811677542698569177e+00
7.294972103791099727e+00
7.751328122069070403e+00
8.176174523079655643e+00
8.565077100185385817e+00
8.913775284542520438e+00
9.218218293788801532e+00
9.474600358532800470e+00
9.679394727862909775e+00
9.829386159746908547e+00
9.921701609372933106e+00
9.953838838167969882e+00
9.923692678375974907e+00
9.829578702621336816e+00
9.670254064734177035e+00
9.444935297168889576e+00
9.153312871473282542e+00
8.795562351320178607e+00
8.372351992426132483e+00
7.884846670073501151e+00
7.334708042720868626e+00
6.724090889121951520e+00
6.055635586246203239e+00
5.332456725871367098e+00
4.558127898750456986e+00
3.736662706494021435e+00
2.872492092491134130e+00
1.970438114063904678e+00
1.035684308344366755e+00
7.374283382587254465e-02
-9.095814020876433759e-01
-1.908229392175150529e+00
-2.915929192321041974e+00
-3.926239311804553100e+00
-4.932594022876005013e+00
-5.928350262148319061e+00
-6.906835779360705807e+00
-7.861398174682660667e+00
-8.785454454074169917e+00
-9.672540723424926767e+00
-1.051636163637180132e+01
-1.131083920791482456e+01
-1.205016060628097208e+01
-1.272882453894639099e+01
-1.334168585533376827e+01
-1.388399799842520110e+01
-1.435145295033122892e+01
-1.474021833265547343e+01
-1.504697134119755830e+01
-1.526892921601735864e+01
-1.540387597199593372e+01
-1.545018514159965406e+01
-1.540683831039219420e+01
-1.527343925672979807e+01
-1.505022353978592164e+01
-1.473806341433265565e+01
-1.433846798629266317e+01
-1.385357855968895180e+01
-1.328615916297157895e+01
-1.263958228049296828e+01
-1.191780985283283734e+01
-1.112536964743358503e+01
-1.026732713828744892e+01
-9.349253069913149972e+00
-8.377186916266939676e+00
-7.357596479257585642e+00
-6.297333903886977780e+00
-5.203588417445875081e+00
-4.083836128392432485e+00
-2.945787246289467642e+00
-1.797331107242755577e+00
-6.464794094668526725e-01
4.986919192829408765e-01
1.630101786787657936e+00
2.739723487806103197e+00
3.819644288684220790e+00
4.862124588438293316e+00
5.859656199719507796e+00
6.805019296796658068e+00
7.691337585037131497e+00
8.512131257292587350e+00
9.261367317033098345e+00
9.933506865930503693e+00
1.052354897474128492e+01
1.102707078063141566e+01
1.144026348134110016e+01
1.175996392660376344e+01
1.198368153978288930e+01
1.210962033752515410e+01
1.213669585207937374e+01
1.206454679951166220e+01
1.189354137705717207e+01
1.162477811397291205e+01
1.126008124216888362e+01
1.080199059526414374e+01
1.025374608720283121e+01
9.619266863830764791e+00
8.903125262539306917e+00
8.110515755890290279e+00
7.247219094716776056e+00
6.319561904225180271e+00
5.334372022798301138e+00
4.298929907215725876e+00
3.220916459595680514e+00
2.108357660252228705e+00
9.695664166236310777e-01
-1.869179387623982613e-01
-1.352392048846093875e+00
-2.518052362706512781e+00
-3.675059915604328431e+00
-4.814605569070524282e+00
-5.927975216951208104e+00
-7.006614462424890277e+00
-8.042192273995770080e+00
-9.026663135321843612e+00
-9.952327214407009848e+00
-1.081188809209757551e+01
-1.159850760786133783e+01
-1.230585740235634162e+01
-1.292816676114552088e+01
-1.346026639189152263e+01
-1.389762779824913252e+01
-1.423639794722075536e+01
-1.447342896268459356e+01
-1.460630261586287304e+01
-1.463334942336484090e+01
-1.455366220480017425e+01
-1.436710399448373821e+01
-1.407431024510334083e+01
-1.367668530505430091e+01
-1.317639319510785256e+01
-1.257634275382699052e+01
-1.188016726432312709e+01
-1.109219871721980155e+01
-1.021743690571708285e+01
-9.261513588111020212e+00
-8.230651990700907916e+00
-7.131621959420798795e+00
-5.971691101478434405e+00
-4.758572288520898752e+00
-3.500367920131666644e+00
-2.205511370591697773e+00
-8.827060626177116731e-01
4.591373709293788963e-01
1.810965362728174100e+00
3.163646639519209103e+00
4.508037912800966218e+00
5.835049538760034515e+00
7.135710656069805147e+00
8.401233315586990713e+00
9.623075125140211128e+00
1.079299994544984642e+01
1.190313618963440234e+01
1.294603229859695759e+01
1.391470898768079500e+01
1.480270788613576727e+01
1.560413621993027178e+01
1.631370722003169504e+01
1.692677597220373897e+01
1.743937046034707095e+01
1.784821759315019207e+01
1.815076404300755186e+01
1.834519176648777261e+01
1.843042811676610881e+01
1.840615050004554831e+01
1.827278556974279411e+01
1.803150299378008015e+01
1.768420387137007310e+01
1.723350391588680708e+01
1.668271155946636597e+01
1.603580117257363824e+01
1.529738162761679732e+01
1.447266046951505203e+01
1.356740398767425759e+01
1.258789351286071323e+01
1.154087828877753452e+01
1.043352529154528519e+01
9.273366390610394916e+00
8.068243261706861347e+00
6.826250476274458912e+00
5.555677202099201573e+00
4.264947956842561005e+00
2.962562859530748050e+00
1.657037824993815356e+00
3.568451427004974974e-01
-9.296451255055031559e-01
-2.194222504520215278e+00
-3.428891811153951696e+00
-4.625926811098652891e+00
-5.777921452845140138e+00
-6.877838325854635393e+00
-7.919054014948700981e+00
-8.895401049838048024e+00
-9.801206177718409407e+00
-1.063132471767247189e+01
-1.138117078796024373e+01
-1.204674323088495669e+01
-1.262464709450068412e+01
-1.311211056569680977e+01
-1.350699728485908402e+01
-1.380781400808095327e+01
-1.401371361848877939e+01
-1.412449352337251796e+01
-1.414058950819796223e+01
-1.406306515195499074e+01
-1.389359694040997439e+01
-1.363445524443982571e+01
-1.328848135950200238e+01
-1.285906082923155935e+01
-1.235009330096107938e+01
-1.176595918346289693e+01
-1.111148339726569745e+01
-1.039189652537330133e+01
-9.612793687008664989e+00
-8.780091469040808505e+00
-7.899983258972060440e+00
-6.978893329734838780e+00
-6.023430030066449170e+00
-5.040338434911459053e+00
-4.036452808187509511e+00
-3.018649225402640468e+00
-1.993798696118210367e+00
-9.687211162154945043e-01
4.985963252584646455e-02
1.055359132750615103e+00
2.041374145794762285e+00
3.001722322701578349e+00
3.930479665297656133e+00
4.822015512685875471e+00
5.671024851888209817e+00
6.472557775859539397e+00
7.222045937466981869e+00
7.915325874062745015e+00
8.548659103740515519e+00
9.118748921027918897e+00
9.622753846403936606e+00
1.005829771041892862e+01
1.042347637911997893e+01
1.071686115273912421e+01
1.093749889398889152e+01
1.108490896564302020e+01
1.115907707918740854e+01
1.116044617704843134e+01
1.108990449010075352e+01
1.094877092969665178e+01
1.073877798923636462e+01
1.046205234422076735e+01
1.012109335172360502e+01
9.718749660233992671e+00
9.258194148818903457e+00
8.742897420521229535e+00
8.176600078846979258e+00
7.563284018123983543e+00
6.907142958475391836e+00
6.212552454197290963e+00
5.484039600536397607e+00
4.726252658314525235e+00
3.943930808646395558e+00
3.141874241257053946e+00
2.324914769753668509e+00
1.497887155775793788e+00
6.656013113866360298e-01
-1.671844644775833943e-01
-9.957890740520847217e-01
-1.815632906869310226e+00
-2.622260713089602291e+00
-3.411362969038635118e+00
-4.178795656006760062e+00
-4.920598389440250742e+00
-5.633010851590317003e+00
-6.312487496339209692e+00
-6.955710510145582504e+00
-7.559601027715766364e+00
-8.121328614983275074e+00
-8.638319045157697218e+00
-9.108260405878084498e+00
-9.529107586790297901e+00
-9.899085207080467796e+00
-1.021668905157814855e+01
-1.048068609193956924e+01
-1.069011317610105039e+01
-1.084427447463019689e+01
-1.094273777679360471e+01
-1.098532973210780028e+01
-1.097213013486763167e+01
-1.090346534968343484e+01
-1.077990097545312231e+01
-1.060223384350195452e+01
-1.037148344291200885e+01
-1.008888286240965293e+01
-9.755869333672716692e+00
-9.374074455650024618e+00
-8.945314173559012261e+00
-8.471578579744910797e+00
-7.955021596660210470e+00
-7.397950594966440363e+00
-6.802815992287393421e+00
-6.172200870566533659e+00
-5.508810642415228109e+00
-4.815462789392390697e+00
-4.095076687936581195e+00
-3.350663531780297077e+00
-2.585316353208097162e+00
-1.802200139563974179e+00
-1.004542036048530429e+00
-1.956216211451566322e-01
6.212387629633285835e-01
1.442683645827562255e+00
2.265334053240404266e+00
3.085797145588714763e+00
3.900675895494812195e+00
4.706578830004174208e+00
5.500129861524916564e+00
6.277978229827372303e+00
7.036808574699049856e+00
7.773351155359900844e+00
8.484392228525933888e+00
9.166784592124542996e+00
9.817458296182367761e+00
1.043343151640234012e+01
1.101182157950591289e+01
1.154985612262968608e+01
1.204488436202949586e+01
1.249438843915930519e+01
1.289599480496105599e+01
1.324748559602999620e+01
1.354680994931363358e+01
1.379209519526769512e+01
1.398165786303143676e+01
1.411401442529971284e+01
1.418789170525478127e+01
1.420223686327017809e+01
1.415622687719429607e+01
1.404927742694274606e+01
1.388105109194179576e+01
1.365146476873347225e+01
1.336069621582229239e+01
1.300918963365711889e+01
1.259766018952334932e+01
1.212709740009118065e+01
1.159876728842508697e+01
1.101421323740532543e+01
1.037525546771942331e+01
9.683989075823983939e+00
8.942780575505562268e+00
8.154262895834751390e+00
7.321328798337709998e+00
6.447122687033640887e+00
5.535030796512716122e+00
4.588669755367045688e+00
3.611873534927653839e+00
2.608678806298428299e+00
1.583308741990016699e+00
5.401553119272612946e-01
-5.162398629001927475e-01
-1.581206022474212158e+00
-2.649965055634639022e+00
-3.717654461168304003e+00
-4.779351367134692552e+00
-5.830097481755286637e+00
-6.864924838228526838e+00
-7.878882185718723008e+00
-8.867061869624544457e+00
-9.824627036157492554e+00
-1.074683898935563953e+01
-1.162908452300237627e+01
-1.246690304559620976e+01
-1.325601331358361534e+01
-1.399233958658178523e+01
-1.467203701831533280e+01
-1.529151609850333848e+01
-1.584746596396810681e+01
-1.633687640180005829e+01
-1.675705837348491301e+01
-1.710566289645516846e+01
-1.738069812852408091e+01
-1.758054451104310090e+01
-1.770396783832296350e+01
-1.775013013379570026e+01
-1.771859822747528312e+01
-1.760934994439585566e+01
-1.742277782975390821e+01
-1.715969035333137072e+01
-1.682131055329916336e+01
-1.640927209755606597e+01
-1.592561275920216879e+01
-1.537276532143040342e+01
-1.475354594589148860e+01
-1.407114005729244077e+01
-1.332908581547344795e+01
-1.253125526431588987e+01
-1.168183326441721803e+01
-1.078529433337467225e+01
-9.846377533610411348e+00
-8.870059562803554343e+00
-7.861526216046591742e+00
-6.826142401686928096e+00
-5.769420904344964462e+00
-4.696990098710877248e+00
-3.614560826331036480e+00
-2.527892654619285473e+00
-1.442759742711021254e+00
-3.649165424643312505e-01
6.999364351275465523e-01
1.746186557639846093e+00
2.768342484108273549e+00
3.761066827474156327e+00
4.719207845961686409e+00
5.637829949465267276e+00
6.512242815354779779e+00
7.338028918004146917e+00
8.111069287729833377e+00
8.827567327604862513e+00
9.484070530681492528e+00
1.007748995540316272e+01
1.060511733328485207e+01
1.106463970016327103e+01
1.145415146031965037e+01
1.177216381141689361e+01
1.201761147731442669e+01
1.218985671527767423e+01
1.228869058372434964e+01
1.231433147629242342e+01
1.226742094751498335e+01
1.214901687459205526e+01
1.196058401850577013e+01
1.170398206588615331e+01
1.138145125045853945e+01
1.099559566945582745e+01
1.054936442593267287e+01
1.004603074235747684e+01
9.489169204074366704e+00
8.882631303125194222e+00
8.230519463416808179e+00
7.537159737239701229e+00
6.807073370631735898e+00
6.044947440989671961e+00
5.255604774630074694e+00
4.443973354671824083e+00
3.615055430651974433e+00
2.773896540703178815e+00
1.925554654940571542e+00
1.075069644963152715e+00
2.274332791214104255e-01
-6.124400635007978266e-01
-1.439741775520443579e+00
-2.249796324606786246e+00
-3.038087312817350227e+00
-3.800282138646392305e+00
-4.532255121154597610e+00
-5.230108959053901607e+00
-5.890194411863885371e+00
-6.509128105109845741e+00
-7.083808376862469558e+00
-7.611429098592955356e+00
-8.089491419197862854e+00
-8.515813397001874563e+00
-8.888537500438101091e+00
-9.206135973806269135e+00
-9.467414079889643119e+00
-9.671511246151526464e+00
-9.817900155614944779e+00
-9.906383837245446244e+00
-9.937090823606427037e+00
-9.910468455645808916e+00
-9.827274425620005971e+00
-9.688566659292547456e+00
-9.495691647598501817e+00
-9.250271345890148211e+00
-8.954188765635604952e+00
-8.609572388999243486e+00
-8.218779541077314121e+00
-7.784378857685301689e+00
-7.309131988504419475e+00
-6.795974676107878309e+00
-6.247997350933619742e+00
-5.668425380684730897e+00
-5.060599109973148657e+00
-4.427953822330129796e+00
-3.773999752057878077e+00
-3.102302267860210350e+00
-2.416462343849942407e+00
-1.720097426469159529e+00
-1.016822798170100794e+00
-3.102335304800025728e-01
3.961128895856010912e-01
1.098713184795053754e+00
1.794134098925012744e+00
2.479027337576734880e+00
3.150143591632954099e+00
3.804345605757777804e+00
4.438620263543485045e+00
5.050089669872016351e+00
5.636021219698021056e+00
6.193836650699994451e+00
6.721120085011977885e+00
7.215625072478558444e+00
7.675280654511700718e+00
8.098196473624049929e+00
8.482666959026184728e+00
8.827174623278272847e+00
9.130392508854235700e+00
9.391185826599299347e+00
9.608612830433969521e+00
9.781924974286582142e+00
9.910566398135413735e+00
9.994172790234491899e+00
1.003256967211413730e+01
1.002577015182857956e+01
9.973972189212707562e+00
9.877555414662058553e+00
9.737077540221493521e+00
9.553270398622773385e+00
9.327035642415804517e+00
9.059440131564320708e+00
8.751711033896883762e+00
8.405230658693088941e+00
8.021531039518798423e+00
7.602288278277780087e+00
7.149316658394420543e+00
6.664562531156184022e+00
6.150097975592782262e+00
5.608114228918777755e+00
5.040914881577255535e+00
4.450908828350392810e+00
3.840602964898327976e+00
3.212594617492963600e+00
2.569563692665770116e+00
1.914264533015358039e+00
1.249517465544081052e+00
5.782000296238751780e-01
-9.676212696334118846e-02
-7.724046935132127256e-01
-1.445734490466937361e+00
-2.113739615988688314e+00
-2.773399945310257131e+00
-3.421697978921825367e+00
-4.055630031042541717e+00
-4.672217744747666046e+00
-5.268519914715186658e+00
-5.841644592850944839e+00
-6.388761446123608856e+00
-6.907114329865602365e+00
-7.394034033647778337e+00
-7.846951150697048405e+00
-8.263409015776447930e+00
-8.641076650572077966e+00
-8.977761650011434114e+00
-9.271422937657629149e+00
-9.520183313461931363e+00
-9.722341712793234336e+00
-9.876385091869382293e+00
-9.980999851563527869e+00
-1.003508270911148870e+01
-1.003775092556326420e+01
-9.988351795953892776e+00
-9.886471309160059562e+00
-9.731941885295354311e+00
-9.524849100305386784e+00
-9.265537310173282748e+00
-8.954614090843904251e+00
-8.592953414621925745e+00
-8.181697489382417032e+00
-7.722257193433755162e+00
-7.216311046259496820e+00
-6.665802663599426303e+00
-6.072936654359587294e+00
-5.440172926608974890e+00
-4.770219380357786143e+00
-4.066022975845019261e+00
-3.330759177606002375e+00
-2.567819786555867179e+00
-1.780799184613671704e+00
-9.734790289056973744e-01
-1.498114452161459775e-01
6.860992170071906759e-01
1.530015993250240403e+00
2.377590188971622887e+00
3.224383441934504102e+00
4.065890851136414241e+00
4.897565050651333074e+00
5.714841096368526330e+00
6.513162024050397569e+00
7.288004928433517549e+00
8.034907405360065979e+00
8.749494192233571610e+00
9.427503836526248904e+00
1.006481521769161347e+01
1.065747374472014108e+01
1.120171704976530158e+01
1.169399999780576849e+01
1.213101883322358354e+01
1.250973428648840269e+01
1.282739346784820000e+01
1.308155038003369164e+01
1.327008488846761836e+01
1.339121999530286189e+01
1.344353727275250776e+01
1.342599032156814509e+01
1.333791613210486915e+01
1.317904423810831105e+01
1.294950356708465478e+01
1.264982690577383195e+01
1.228095291473640671e+01
1.184422564227222807e+01
1.134139150469696311e+01
1.077459371728422077e+01
1.014636417780722155e+01
9.459612822449338765e+00
8.717614491761615625e+00
7.923993362186685374e+00
7.082705016304524648e+00
6.198016242245368623e+00
5.274482669523679057e+00
4.316924364736720143e+00
3.330399526015813016e+00
2.320176429687877295e+00
1.291703796185090569e+00
2.505797547152955329e-01
-7.974804025238289018e-01
-1.846677475836790094e+00
-2.891162413894220240e+00
-3.925070953511754723e+00
-4.942558621282802989e+00
-5.937835870974496721e+00
-6.905203128173515559e+00
-7.839085512884085283e+00
-8.734067011640911815e+00
-9.584923873210625445e+00
-1.038665700609744569e+01
-1.113452316182088353e+01
-1.182406469525152914e+01
-1.245113770212849502e+01
-1.301193834417112427e+01
-1.350302718386698508e+01
-1.392135136397886441e+01
-1.426426448097306832e+01
-1.452954401682129060e+01
-1.471540620985787484e+01
-1.482051826246073922e+01
-1.484400780114084206e+01
-1.478546952303805462e+01
-1.464496898169474726e+01
-1.442304348417012605e+01
-1.412070009092706080e+01
-1.373941072932478669e+01
-1.328110445084223201e+01
-1.274815688119665680e+01
-1.214337693117026795e+01
-1.146999085407997221e+01
-1.073162375328947959e+01
-9.932278659845625413e+00
-9.076313316101916939e+00
-8.168414815963540576e+00
-7.213572266044494086e+00
-6.217047644479904100e+00
-5.184345045297870769e+00
-4.121178506057658453e+00
-3.033438624838331599e+00
-1.927158179569414598e+00
-8.084769680891394916e-01
3.163939088246150444e-01
1.441208096899984081e+00
2.559720144988492763e+00
3.665721544341657534e+00
4.753076428347376314e+00
5.815756714333004673e+00
6.847876474292324822e+00
7.843725328039873546e+00
8.797800660269084361e+00
9.704838472221643642e+00
1.055984268907839230e+01
1.135811275567236223e+01
1.209526936560028254e+01
1.276727818217291066e+01
1.337047142378434117e+01
1.390156720108829980e+01
1.435768650872691410e+01
1.473636779014978693e+01
1.503557901016757015e+01
1.525372718618814005e+01
1.538966534546376863e+01
1.544269689202137918e+01
1.541257738313712267e+01
1.529951373114418267e+01
1.510416086191965235e+01
1.482761587648316493e+01
1.447140977665977069e+01
1.403749682962422796e+01
1.352824165927034272e+01
1.294640416466281607e+01
1.229512237726403434e+01
1.157789337912450911e+01
1.079855241373516250e+01
9.961250329718968288e+00
9.070429504958777756e+00
8.130798405091606895e+00
7.147304935534778636e+00
6.125108750338417174e+00
5.069552684186727554e+00
3.986133475805339721e+00
2.880471951896036664e+00
1.758282840535926095e+00
6.253443817831279006e-01
-5.125320989393915561e-01
-1.649532492205242562e+00
-2.779869922188321851e+00
-3.897814326796763318e+00
-4.997721452178621959e+00
-6.074061119688066057e+00
-7.121444630281251520e+00
-8.134651178750633704e+00
-9.108653158141500228e+00
-1.003864024304912483e+01
-1.092004214920405758e+01
-1.174854997574253801e+01
-1.252013604576448280e+01
-1.323107217013264503e+01
-1.387794626890271132e+01
-1.445767729423051939e+01
-1.496752840802401074e+01
-1.540511837693703079e+01
-1.576843115649123028e+01
-1.605582364511288418e+01
-1.626603159764361095e+01
-1.639817369638855382e+01
-1.645175378597216564e+01
-1.642666128615102750e+01
-1.632316980426333330e+01
-1.614193397615709458e+01
-1.588398457122025498e+01
-1.555072190352673900e+01
-1.514390759710721213e+01
-1.466565475895213844e+01
-1.411841661855816277e+01
-1.350497369764467237e+01
-1.282841957810191325e+01
-1.209214534029865717e+01
-1.129982274758658178e+01
-1.045538625620807061e+01
-9.563013932856311072e+00
-8.627107364872660611e+00
-7.652270650508186556e+00
-6.643288558846787595e+00
-5.605103950897381004e+00
-4.542794555033519366e+00
-3.461549191400066672e+00
-2.366643541136613571e+00
-1.263415557291699187e+00
-1.572406151368306304e-01
9.464934997655980453e-01
2.042411666918362734e+00
3.125176470562062825e+00
4.189513104446902503e+00
5.230234042561487939e+00
6.242263376935783370e+00
7.220660724092827110e+00
8.160644602383158031e+00
9.057615183316212182e+00
9.907176321111629491e+00
1.070515676605275956e+01
1.144763046884646229e+01
1.213093588510079890e+01
1.275169419123964332e+01
1.330682632570488266e+01
1.379356877216721955e+01
1.420948800469829720e+01
1.455249351846435779e+01
1.482084937350404275e+01
1.501318418356203210e+01
1.512849948678035261e+01
1.516617644030795553e+01
1.512598078658435341e+01
1.500806604518601084e+01
1.481297489069546813e+01
1.454163868405553295e+01
1.419537513229707315e+01
1.377588405936232441e+01
1.328524127896903195e+01
1.272589056904877580e+01
1.210063375621703763e+01
1.141261892795856525e+01
1.066532679970001674e+01
9.862555273649327603e+00
9.008402236157543541e+00
8.107246650352363915e+00
7.163728010843712468e+00
6.182724237351136409e+00
5.169328094082775493e+00
4.128822231541175114e+00
3.066652957068265906e+00
1.988402849801216066e+00
8.997623447147118370e-01
-1.934995809973925063e-01
-1.285565477876504659e+00
-2.370600101669584792e+00
-3.442781542653289062e+00
-4.496332645028523700e+00
-5.525552549274839187e+00
-6.524848185881394258e+00
-7.488765545319241212e+00
-8.412020546540322385e+00
-9.289529324737342719e+00
-1.011643775861636740e+01
-1.088815005806310943e+01
-1.160035623485159562e+01
-1.224905828197763391e+01
-1.283059489131049169e+01
-1.334166454455535522e+01
-1.377934681900011427e+01
-1.414112175717556319e+01
-1.442488715836414492e+01
-1.462897365982186138e+01
-1.475215748658921733e+01
-1.479367076081342702e+01
-1.475320927452602859e+01
-1.463093764375199157e+01
-1.442749177659221083e+01
-1.414397860343763114e+01
-1.378197303364869875e+01
-1.334351211976985674e+01
-1.283108642754011797e+01
-1.224762862749657089e+01
-1.159649934173207342e+01
-1.088147029724028947e+01
-1.010670485513838379e+01
-9.276736002771672318e+00
-8.396441913150736625e+00
-7.471019193217685483e+00
-6.505953958961517181e+00
-5.506990891271000166e+00
-4.480100441509729414e+00
-3.431444369995130472e+00
-2.367339813752415534e+00
-1.294222091979166933e+00
-2.186064684988828777e-01
8.529508999990155216e-01
1.913892593022614719e+00
2.957699889111546909e+00
3.977932813839790693e+00
4.968270020934037134e+00
5.922548252661757218e+00
6.834801125550569623e+00
7.699296989126406920e+00
8.510575608717138252e+00
9.263483428455604241e+00
9.953207177420388518e+00
1.057530559034266027e+01
1.112573902444696117e+01
1.160089676572557948e+01
1.199762183120931169e+01
1.231323308850988774e+01
1.254554452998707248e+01
1.269288155623192615e+01
1.275409414205063108e+01
1.272856677765796185e+01
1.261622509821929938e+01
1.241753913607747428e+01
1.213352315182326535e+01
1.176573202266628115e+01
1.131625418918309833e+01
1.078770118430394298e+01
1.018319379118846868e+01
9.506344899273877047e+00
8.761239150093899752e+00
7.952409486305345609e+00
7.084810738561707844e+00
6.163790405288271934e+00
5.195056799889831822e+00
4.184644758318934343e+00
3.138879117112473693e+00
2.064336187840175807e+00
9.678034682818630330e-01
-1.437621565474804797e-01
-1.263277459273260295e+00
-2.383576887306131376e+00
-3.497457271074970286e+00
-4.597722936502880664e+00
-5.677230931154365834e+00
-6.728936071720996281e+00
-7.745935520739816837e+00
-8.721512602656089186e+00
-9.649179573540195065e+00
-1.052271906492281062e+01
-1.133622393028505826e+01
-1.208413523267667955e+01
-1.276127812367167813e+01
-1.336289537732556632e+01
-1.388467835788103422e+01
-1.432279521657551058e+01
-1.467391613091938218e+01
-1.493523541911346442e+01
-1.510449038272390965e+01
-1.517997675218982323e+01
-1.516056063205342319e+01
-1.504568686581948356e+01
-1.483538376390850289e+01
-1.453026416210284211e+01
-1.413152280202928246e+01
-1.364093004940807674e+01
-1.306082198985752996e+01
-1.239408696580983893e+01
-1.164414864140118411e+01
-1.081494570488923301e+01
-9.910908340064299438e+00
-8.936931619111428304e+00
-7.898345989300783465e+00
-6.800885044604724428e+00
-5.650650790729024209e+00
-4.454076627994236759e+00
-3.217888290898748060e+00
-1.949062995951567956e+00
-6.547870603912011589e-01
6.575877363544684329e-01
1.980588769226231172e+00
3.306667877370662367e+00
4.628247078943260817e+00
5.937764400922298513e+00
7.227719534276038083e+00
8.490719027044487888e+00
9.719520732017222997e+00
1.090707723166465826e+01
1.204657797076656323e+01
1.313148983670733649e+01
1.415559593860291798e+01
1.511303234919574479e+01
1.599832258771007076e+01
1.680640963748687966e+01
1.753268530910568401e+01
1.817301677771905588e+01
1.872377014235095061e+01
1.918183087479824067e+01
1.954462104639105391e+01
1.981011324206094315e+01
1.997684109279325426e+01
2.004390637944833031e+01
2.001098268297755567e+01
1.987831557808516436e+01
1.964671938924644579e+01
1.931757054954423580e+01
1.889279762388602180e+01
1.837486807867807315e+01
1.776677189982850535e+01
1.707200217990658686e+01
1.629453281327973713e+01
1.543879345497801481e+01
1.450964191479422283e+01
1.351233417262840852e+01
1.245249221424400332e+01
1.133606989835185530e+01
1.016931707621348480e+01
8.958742193711092483e+00
7.711073613026032447e+00
6.433219896677122129e+00
5.132229300674559624e+00
3.815248725944120345e+00
2.489482377970912985e+00
1.162150383823787436e+00
-1.595523866263413026e-01
-1.468497052348297416e+00
-2.757660768048547428e+00
-4.020165855479152839e+00
-5.249317796422895199e+00
-6.438641874013627309e+00
-7.581918259643767755e+00
-8.673215354416081269e+00
-9.706921206825967374e+00
-1.067777284201091703e+01
-1.158088335237857791e+01
-1.241176661461349973e+01
-1.316635951386228598e+01
-1.384104157219132247e+01
-1.443265189509562063e+01
-1.493850336679360780e+01
-1.535639404216529513e+01
-1.568461570036500419e+01
-1.592195954226133381e+01
-1.606771903081595809e+01
-1.612168989021123267e+01
-1.608416729587212757e+01
-1.595594030340979685e+01
-1.573828357985053117e+01
-1.543294651522353789e+01
-1.504213980658394334e+01
-1.456851961977472953e+01
-1.401516944661521613e+01
-1.338557978668924520e+01
-1.268362579343908436e+01
-1.191354303381045021e+01
-1.107990151920150801e+01
-1.018757817291515266e+01
-9.241727905678738253e+00
-8.247753476062021250e+00
-7.211274316786855820e+00
-6.138094510978822527e+00
-5.034170104369309229e+00
-3.905575940327437490e+00
-2.758472204406095862e+00
-1.599070863846777435e+00
-4.336021852383407094e-01
7.317184897033164326e-01
1.890723534429724850e+00
3.037325223178553912e+00
4.165547147062180322e+00
5.269554702458519202e+00
6.343684500956422667e+00
7.382472558205238400e+00
8.380681127730053248e+00
9.333324055041332556e+00
1.023569053712374810e+01
1.108336718257298337e+01
1.187225827819324131e+01
1.259860417871023053e+01
1.325899774732749137e+01
1.385039878609681629e+01
1.437014640642091834e+01
1.481596930139931878e+01
1.518599389310512393e+01
1.547875033918412946e+01
1.569317639434246736e+01
1.582861913328130932e+01
1.588483455239647313e+01
1.586198507803895374e+01
1.576063501928424238e+01
1.558174401294141020e+01
1.532665851790896383e+01
1.499710142491583831e+01
1.459515985614240208e+01
1.412327123716462829e+01
1.358420773108328028e+01
1.298105913156001456e+01
1.231721431776988318e+01
1.159634137997198522e+01
1.082236652948900435e+01
9.999451911355444977e+00
9.131972441741403657e+00
8.224491795473459987e+00
7.281737671558957459e+00
6.308576466570576358e+00
5.309987487072540979e+00
4.291036832967235704e+00
3.256851083726089335e+00
2.212590918943678986e+00
1.163424803538612995e+00
1.145028662249032436e-01
-9.290689023824889592e-01
-1.962254008476002731e+00
-2.980110250360773261e+00
-3.977813833986192815e+00
-4.950682696659914228e+00
-5.894198931692384846e+00
-6.804030211943814521e+00
-7.676050115883125358e+00
-8.506357265784508570e+00
-9.291293194061315930e+00
-1.002745886043162038e+01
-1.071172974960299129e+01
-1.134126948641635835e+01
-1.191354191287658892e+01
-1.242632157918030877e+01
-1.287770260870393813e+01
-1.326610590489624997e+01
-1.359028467610261792e+01
-1.384932826249204396e+01
-1.404266425743426971e+01
-1.417005892384264243e+01
-1.423161591412939941e+01
-1.422777331047399407e+01
-1.415929901005237390e+01
-1.402728448767693692e+01
-1.383313697592372016e+01
-1.357857011023784821e+01
-1.326559309368200346e+01
-1.289649844288947023e+01
-1.247384838337644730e+01
-1.200045996862458608e+01
-1.147938900323758560e+01
-1.091391285597702421e+01
-1.030751225356658374e+01
-9.663852150796722995e+00
-8.986761776640561195e+00
-8.280213959786477673e+00
-7.548303840184521718e+00
-6.795227075876438150e+00
-6.025257656518268945e+00
-5.242725436599133815e+00
-4.451993502399819391e+00
-3.657435487214993231e+00
-2.863412949277272190e+00
-2.074252926171434641e+00
-1.294225778311511643e+00
-5.275234322795250286e-01
2.217618675028756314e-01
9.496581931674570320e-01
1.652333851653635444e+00
2.326116488531937421e+00
2.967511283511663045e+00
3.573218148627551383e+00
4.140147845429857476e+00
4.665436943254201552e+00
5.146461546793887898e+00
5.580849727705763819e+00
5.966492601818444541e+00
6.301554000643200482e+00
6.584478693275880090e+00
6.813999122383606277e+00
6.989140625753769598e+00
7.109225122801992924e+00
7.173873253449648324e+00
7.183004964845951079e+00
7.136838549482252603e+00
7.035888146282601063e+00
6.880959724212055484e+00
6.673145575779271255e+00
6.413817355479779714e+00
6.104617705690322360e+00
5.747450519740899821e+00
5.344469898822012510e+00
4.898067865991155401e+00
4.410860906790551539e+00
3.885675411842400173e+00
3.325532102218945241e+00
2.733629523361610580e+00
2.113326697822466294e+00
1.468125031096349842e+00
8.016495682856792371e-01
1.176297022718850727e-01
-5.801205635535615635e-01
-1.287722693133163787e+00
-2.001253930055873820e+00
-2.716767737568907659e+00
-3.430314259433139057e+00
-4.137960695256410304e+00
-4.835811484997138088e+00
-5.520028198949837872e+00
-6.186849031689870770e+00
-6.832607801153888438e+00
-7.453752357244118443e+00
-8.046862308049524515e+00
-8.608665975949397975e+00
-9.136056500479838860e+00
-9.626107009870576547e+00
-1.007608478856903922e+01
-1.048346437382607910e+01
-1.084593952049000620e+01
-1.116143397950505900e+01
-1.142811104220095508e+01
-1.164438180925213651e+01
-1.180891215014071882e+01
-1.192062832603546241e+01
-1.197872125616069106e+01
-1.198264941493439650e+01
-1.193214035436338882e+01
-1.182719085335700626e+01
-1.166806570271997856e+01
-1.145529514157335882e+01
-1.118967096779182313e+01
-1.087224135170312245e+01
-1.050430438873476824e+01
-1.008740043288552890e+01
-9.623303258811368721e+00
-9.114010105922346838e+00
-8.561730663159899279e+00
-7.968875058041813730e+00
-7.338040918100615428e+00
-6.671999576984610769e+00
-5.973681501218780276e+00
-5.246161016925587006e+00
-4.492640418666827173e+00
-3.716433544983706039e+00
-2.920948907170484166e+00
-2.109672459319760218e+00
-1.286150098716943191e+00
-4.539699862443935530e-01
3.832552234204293917e-01
1.221906152352251418e+00
2.058374381980512702e+00
2.889079960257166846e+00
3.710488647525162165e+00
4.519128817253289299e+00
5.311607930229324204e+00
6.084628503602380611e+00
6.835003499324962206e+00
7.559671060039077517e+00
8.255708524264504078e+00
8.920345656852090244e+00
9.550977035043905161e+00
1.014517353510549924e+01
1.070069286934397290e+01
1.121548912836860268e+01
1.168772128866749860e+01
1.211576065093424148e+01
1.249819718005880631e+01
1.283384472326928361e+01
1.312174508855021493e+01
1.336117097114128605e+01
1.355162772161313711e+01
1.369285395469656841e+01
1.378482100368461971e+01
1.382773123080671240e+01
1.382201520946761697e+01
1.376832779962606956e+01
1.366754314283670979e+01
1.352074860857100269e+01
1.332923772834754317e+01
1.309450215891767044e+01
1.281822272025037357e+01
1.250225955832037528e+01
1.214864148670941546e+01
1.175955456476426519e+01
1.133732997350198346e+01
1.088443125359810715e+01
1.040344097262325107e+01
9.897046891197582852e+00
9.368027699897556460e+00
8.819238400568643499e+00
8.253595407160847941e+00
7.674061442306000735e+00
7.083630306590428916e+00
6.485311597840958342e+00
5.882115457732901120e+00
5.277037422646453813e+00
4.673043454941611330e+00
4.073055229695816237e+00
3.479935750454879795e+00
2.896475365694068493e+00
2.325378255477117406e+00
1.769249455248621317e+00
1.230582480805942680e+00
7.117476152870993999e-01
2.149809154905550912e-01
-2.576260089696722488e-01
-7.041353942610806271e-01
-1.122771853616856497e+00
-1.511930000829930787e+00
-1.870181130282644766e+00
-2.196278922836965464e+00
-2.489164152078108483e+00
-2.747968370718804731e+00
-2.972016562403458018e+00
-3.160828749675870242e+00
-3.314120554460632473e+00
-3.431802713029966423e+00
-3.513979553052394955e+00
-3.560946445920124326e+00
-3.573186253094156051e+00
-3.551364790663375182e+00
-3.496325341651404628e+00
-3.409082250795832714e+00
-3.290813641535974110e+00
-3.142853299749436058e+00
-2.966681773344295614e+00
-2.763916741116755560e+00
-2.536302708294055019e+00
-2.285700089876830710e+00
-2.014073746247194041e+00
-1.723481038498938300e+00
-1.416059473551259718e+00
-1.094014011311974510e+00
-7.596041079410840169e-01
-4.151305706197438994e-01
-6.292230013975030900e-02
2.946770019125222184e-01
6.553220846032976610e-01
1.016679281415111102e+00
1.376439450933967024e+00
1.732330650446061604e+00
2.082130470262518074e+00
2.423677958865931181e+00
2.754885071680595043e+00
3.073747579392634766e+00
3.378355375271152816e+00
3.666902124844059863e+00
3.937694205541812487e+00
4.189158888510284839e+00
4.419851719684664282e+00
4.628463062376032333e+00
4.813823769021719379e+00
4.974909955351064283e+00
5.110846855986954651e+00
5.220911746399716336e+00
5.304535922116674129e+00
5.361305732125911661e+00
5.390962669457931788e+00
5.393402527940500235e+00
5.368673640061796704e+00
5.316974216700824485e+00
5.238648815155304561e+00
5.134183967372678126e+00
5.004203005535107884e+00
4.849460127123593978e+00
4.670833746258675312e+00
4.469319182448531436e+00
4.246020741843103963e+00
4.002143249662744928e+00
3.738983095621151165e+00
3.457918856867797874e+00
3.160401565220701592e+00
2.847944687225433480e+00
2.522113886853639908e+00
2.184516641430536588e+00
1.836791781655981559e+00
1.480599026351979930e+00
1.117608581838627657e+00
7.494908746120581000e-01
3.779064842877479791e-01
4.496341589588226384e-03
-3.691277464685249754e-01
-7.413921851280020903e-01
-1.110770238548280275e+00
-1.475790182829560315e+00
-1.835042917835426834e+00
-2.187188994769745598e+00
-2.530965021252702840e+00
-2.865189410674232384e+00
-3.188767447834532476e+00
-3.500695648274455785e+00
-3.800065394205401681e+00
-4.086065835530564350e+00
-4.357986050058205052e+00
-4.615216462603132896e+00
-4.857249528207105982e+00
-5.083679690142656860e+00
-5.294202628651849096e+00
-5.488613821474713994e+00
-5.666806442097932717e+00
-5.828768626269494213e+00
-5.974580141640631226e+00
-6.104408499383519704e+00
-6.218504550258679764e+00
-6.317197610846922551e+00
-6.400890168490463772e+00
-6.470052215890089720e+00
-6.525215268260703638e+00
-6.566966117447984530e+00
-6.595940378441670582e+00
-6.612815884286841417e+00
-6.618305985488378340e+00
-6.613152809633943363e+00
-6.598120536131637515e+00
-6.573988739684144100e+00
-6.541545854415238281e+00
-6.501582808448308270e+00
-6.454886876229805281e+00
-6.402235793022436283e+00
-6.344392172789117268e+00
-6.282098267183048534e+00
-6.216071099584697279e+00
-6.146998004119488712e+00
-6.075532595388191126e+00
-6.002291190285575340e+00
-5.927849698811362700e+00
-5.852740996232768111e+00
-5.777452784381621242e+00
-5.702425945302064036e+00
-5.628053385949122855e+00
-5.554679368213738755e+00
-5.482599314255853784e+00
-5.412060073001020655e+00
-5.343260629734306377e+00
-5.276353237040757094e+00
-5.211444941926833607e+00
-5.148599480838933928e+00
-5.087839511500604317e+00
-5.029149148039719464e+00
-4.972476763791473076e+00
-4.917738024455713841e+00
-4.864819112971698445e+00
-4.813580106555065186e+00
-4.763858465827167876e+00
-4.715472595853109183e+00
-4.668225439191193260e+00
-4.621908061731613060e+00
-4.576303193158997473e+00
-4.531188685292667273e+00
-4.486340853325346600e+00
-4.441537667071603579e+00
-4.396561761728140283e+00
-4.351203240311315668e+00
-4.305262242843603815e+00
-4.258551260476968636e+00
-4.210897176035643952e+00
-4.162143015895097165e+00
-4.112149401655091907e+00
-4.060795693671698459e+00
-4.007980822151956168e+00
-3.953623805143631209e+00
-3.897663956338327296e+00
-3.840060789107614170e+00
-3.780793626577319877e+00
-3.719860930777156405e+00
-3.657279366951170729e+00
-3.593082621946850352e+00
-3.527319998190821870e+00
-3.460054807079115058e+00
-3.391362587640701420e+00
-3.321329178050487663e+00
-3.250048668961434295e+00
-3.177621268676630528e+00
-3.104151110887053200e+00
-3.029744036049551781e+00
-2.954505377474299976e+00
-2.878537782830022707e+00
-2.801939101068245286e+00
-2.724800363719440455e+00
-2.647203888142277250e+00
-2.569221528622903428e+00
-2.490913099249336682e+00
-2.412324990243703837e+00
-2.333488996952774563e+00
-2.254421377997554821e+00
-2.175122156201015677e+00
-2.095574672875833322e+00
-2.015745402900514183e+00
-1.935584034771552719e+00
-1.855023816532797909e+00
-1.773982165181643200e+00
-1.692361533876753921e+00
-1.610050528054773000e+00
-1.526925258444619349e+00
-1.442850915976761961e+00
-1.357683550760034219e+00
-1.271272034666474759e+00
-1.183460184659335335e+00
-1.094089021844388387e+00
-1.002999139348285551e+00
-9.100331505471876969e-01
-8.150381879082893022e-01
-7.178684217757471675e-01
-6.183875678482592120e-01
-5.164713518613139875e-01
-4.120099001122195514e-01
-3.049100249461624834e-01
-1.950973751592676997e-01
-8.251842245700979905e-02
3.285774337112468135e-02
1.510378360571278389e-01
2.720030345856244702e-01
3.957079059643104912e-01
5.220796072518987252e-01
6.510173821369416025e-01
7.823923642293688641e-01
9.160476959273093911e-01
1.051798968281827618e+00
1.189434983744555030e+00
1.328718840077673047e+00
1.469389330077559119e+00
1.611162648143914300e+00
1.753734391161669848e+00
1.896781837684196503e+00
2.039966486059131778e+00
2.182936828951239860e+00
2.325331338734021980e+00
2.466781635468613842e+00
2.606915806704353855e+00
2.745361846142099438e+00
2.881751176332026709e+00
3.015722219048879715e+00
3.146923975825925979e+00
3.275019580344157077e+00
3.399689783984239710e+00
3.520636335858261745e+00
3.637585219056706620e+00
3.750289705668277129e+00
3.858533194358201079e+00
3.962131795911184362e+00
4.060936634151831370e+00
4.154835832026972042e+00
4.243756155356577686e+00
4.327664289803778708e+00
4.406567729958731583e+00
4.480515263039903218e+00
4.549597033561802562e+00
4.613944179359288356e+00
4.673728033562180251e+00
4.729158891434972922e+00
4.780484345397163715e+00
4.827987195973608259e+00
4.871982950850967775e+00
4.912816928587783849e+00
4.950860987801465107e+00
4.986509906788998414e+00
5.020177442488836128e+00
5.052292101416162140e+00
5.083292658664896990e+00
5.113623464227595505e+00
5.143729578707326056e+00
5.174051782947514333e+00
5.205021508162970711e+00
5.237055734788063965e+00
5.270551909448971450e+00
5.305882930196250236e+00
5.343392250390804676e+00
5.383389151410876927e+00
5.426144233636909675e+00
5.471885173975999272e+00
5.520792796512693279e+00
5.572997500729569786e+00
5.628576089142937278e+00
5.687549033165900880e+00
5.749878212566634339e+00
5.815465160061023653e+00
5.884149838398499810e+00
5.955709972801812135e+00
6.029860956845912057e+00
6.106256344847930784e+00
6.184488938635125166e+00
6.264092471205888302e+00
6.344543884349653773e+00
6.425266191793699733e+00
6.505631913949280865e+00
6.584967064887234933e+00
6.662555666834668600e+00
6.737644762300425860e+00
6.809449888956746300e+00
6.877160977676026299e+00
6.939948629690567472e+00
6.996970724753637683e+00
7.047379308472396353e+00
7.090327703695611383e+00
7.124977788004582813e+00
7.150507377006005250e+00
7.166117651284721113e+00
7.171040563566003279e+00
7.164546161875986918e+00
7.145949764288807238e+00
7.114618921215258851e+00
7.069980102123936128e+00
7.011525045086099972e+00
6.938816709594521903e+00
6.851494775707426044e+00
6.749280635695769526e+00
6.631981827999332779e+00
6.499495867399114779e+00
6.351813429854490600e+00
6.189020855400949372e+00
6.011301937812350005e+00
5.818938975362285326e+00
5.612313062919477957e+00
5.391903611737406621e+00
5.158287089592051622e+00
4.912134980334707635e+00
4.654210968398550641e+00
4.385367360278187299e+00
4.106540761428853159e+00
3.818747033355313292e+00
3.523075561819839052e+00
3.220682873044809380e+00
2.912785640460528569e+00
2.600653129908853334e+00
2.285599136203987580e+00
1.968973468535533566e+00
1.652153046327993202e+00
1.336532670814954749e+00
1.023515540705150606e+00
7.145035828902521757e-01
4.108876711398061765e-01
1.140378071351251243e-01
-1.747066610089165195e-01
-4.540467073991958369e-01
-7.227331092964104364e-01
-9.795756664700603356e-01
-1.223452086779523773e+00
-1.453316468032437747e+00
-1.668207308999360539e+00
-1.867254985841023895e+00
-2.049688634110305330e+00
-2.214842380886173245e+00
-2.362160876451480540e+00
-2.491204080192781056e+00
-2.601651261041221908e+00
-2.693304178735407284e+00
-2.766089418425278446e+00
-2.820059857593281372e+00
-2.855395250896590298e+00
-2.872401925270547274e+00
-2.871511584428938502e+00
-2.853279228688343050e+00
-2.818380202781448407e+00
-2.767606390946111716e+00
-2.701861585034707858e+00
-2.622156057623021841e+00
-2.529600378064983168e+00
-2.425398515084791207e+00
-2.310840274782132830e+00
-2.187293127801581250e+00
-2.056193483851886938e+00
-1.919037475714348240e+00
-1.777371318328421879e+00
-1.632781311455948625e+00
-1.486883556787960359e+00
-1.341313462149377855e+00
-1.197715106671386032e+00
-1.057730541428414384e+00
-9.229891000813861268e-01
-7.950967935303969725e-01
-6.756258614730583645e-01
-5.661045520995857672e-01
-4.680071989546608080e-01
-3.827446612799372261e-01
-3.116551909507023765e-01
-2.559957854636438768e-01
-2.169340823591063838e-01
-1.955408460053558173e-01
-1.927830928791873788e-01
-2.095178963869326338e-01
-2.464869069322173090e-01
-3.043116173948945402e-01
-3.834893984926992516e-01
-4.843903226975996290e-01
-6.072547895269888585e-01
-7.521919591705490404e-01
-9.191789955992657468e-01
-1.108061114577777673e+00
-1.318552426414063561e+00
-1.550237557872309324e+00
-1.802574032490538158e+00
-2.074895383619669076e+00
-2.366414969875075158e+00
-2.676230458393813905e+00
-3.003328937353982653e+00
-3.346592615658300574e+00
-3.704805064537575632e+00
-4.076657953104271925e+00
-4.460758227599223247e+00
-4.855635682230939665e+00
-5.259750868114405620e+00
-5.671503285872553590e+00
-6.089239806967873037e+00
-6.511263268772644608e+00
-6.935841188755754061e+00
-7.361214543943413346e+00
-7.785606562984026979e+00
-8.207231479689475862e+00
-8.624303198812544480e+00
-9.035043827024686891e+00
-9.437692024549525271e+00
-9.830511135653175359e+00
-1.021179705915969826e+01
-1.057988582331203631e+01
-1.093316083260197757e+01
-1.127005975760843093e+01
-1.158908104237701231e+01
-1.188879000740816139e+01
-1.216782452986122642e+01
-1.242490028609308084e+01
-1.265881554509920015e+01
-1.286845550478149214e+01
-1.305279616620070193e+01
-1.321090774405567281e+01
-1.334195761454190077e+01
-1.344521280445657396e+01
-1.352004202791723131e+01
-1.356591727933155234e+01
-1.358241499328265078e+01
-1.356921678377068829e+01
-1.352610977676840776e+01
-1.345298655130718757e+01
-1.334984470530726064e+01
-1.321678606310935855e+01
-1.305401554215857374e+01
-1.286183969654780412e+01
-1.264066495515740307e+01
-1.239099557194883339e+01
-1.211343130559642844e+01
-1.180866484509756731e+01
-1.147747899730419974e+01
-1.112074365149637600e+01
-1.073941253518943739e+01
-1.033451977436289049e+01
-9.907176270238974070e+00
-9.458565903656571905e+00
-8.989941576998603523e+00
-8.502621102572488709e+00
-7.997982945329376037e+00
-7.477461826870570150e+00
-6.942544196842408866e+00
-6.394763577092174245e+00
-5.835695783357500055e+00
-5.266954028813975341e+00
-4.690183913516368541e+00
-4.107058303655557019e+00
-3.519272104617866326e+00
-2.928536932087008715e+00
-2.336575685867122054e+00
-1.745117031734841007e+00
-1.155889797436383759e+00
-5.706172899345167693e-01
8.988457839226526858e-03
5.812325011636674255e-01
1.144442847633805549e+00
1.696976358623531134e+00
2.237224673876271552e+00
2.763620143254900352e+00
3.274641747895834509e+00
3.768820991196274672e+00
4.244747738255120417e+00
4.701075980606025162e+00
5.136529501364373473e+00
5.549907414278963280e+00
5.940089548672055741e+00
6.306041650889055106e+00
6.646820371697771179e+00
6.961578008096248382e+00
7.249566967241087845e+00
7.510143919710939642e+00
7.742773609102188814e+00
7.947032285026794263e+00
8.122610726970597383e+00
8.269316827179240548e+00
8.387077701786886053e+00
8.475941300788598198e+00
8.536077489191510992e+00
8.567778573756100968e+00
8.571459252157243469e+00
8.547655964143242358e+00
8.497025627342329912e+00
8.420343743738639475e+00
8.318501866500538355e+00
8.192504420763278006e+00
8.043464876125405283e+00
7.872601272978206666e+00
7.681231109322421702e+00
7.470765599394926681e+00
7.242703320198977224e+00
6.998623266856403902e+00
6.740177342545761618e+00
6.469082313604674894e+00
6.187111265121334469e+00
5.896084596966857383e+00
5.597860604688983166e+00
5.294325693947036449e+00
4.987384281180543333e+00
4.678948436921041676e+00
4.370927331542413086e+00
4.065216546255864039e+00
3.763687314759971869e+00
3.468175763115199040e+00
3.180472217101175225e+00
2.902310647502282848e+00
2.635358324434067256e+00
2.381205751948424876e+00
2.141356953727870049e+00
1.917220179686817794e+00
1.710099101739572802e+00
1.521184564867463784e+00
1.351546956931422905e+00
1.202129257437605681e+00
1.073740821692902969e+00
9.670519525012313267e-01
8.825893067795238522e-01
8.207321792426416351e-01
7.817096996560390920e-01
7.655989741211310928e-01
7.723241944873766585e-01
8.016567333204882573e-01
8.532162349517626865e-01
9.264727060396058533e-01
1.020749601848434551e+00
1.135227897148110898e+00
1.268951123319684626e+00
1.420831345977981996e+00
1.589656050251399222e+00
1.774095893851713512e+00
1.972713281283098752e+00
2.183971706037340255e+00
2.406245801457707501e+00
2.637832035182091417e+00
2.876959976747640368e+00
3.121804063102791460e+00
3.370495782472836765e+00
3.621136193302454842e+00
3.871808691888515952e+00
4.120591939850340779e+00
4.365572860788285325e+00
4.604859614374941401e+00
4.836594455721373365e+00
5.058966388172878581e+00
5.270223518716331768e+00
5.468685026922624814e+00
5.652752660792362605e+00
5.820921676006525658e+00
5.971791138884253058e+00
6.104073517791324122e+00
6.216603492790568453e+00
6.308345918945013509e+00
6.378402884828684449e+00
6.426019814425609766e+00
6.450590567648594842e+00
6.451661502133930526e+00
6.428934466704088635e+00
6.382268704877882115e+00
6.311681654980905165e+00
6.217348641703392076e+00
6.099601462299114374e+00
5.958925878951438548e+00
5.795958037081485159e+00
5.611479837472266752e+00
5.406413297964702380e+00
5.181813948082227839e+00
4.938863307197429720e+00
4.678860503708790475e+00
4.403213099089102300e+00
4.113427186551041004e+00
3.811096839397631442e+00
3.497892988846155404e+00
3.175551815192406480e+00
2.845862739587836643e+00
2.510656106405320998e+00
2.171790648152425618e+00
1.831140826134792121e+00
1.490584140573529837e+00
1.151988503630448690e+00
8.171997678052314029e-01
4.880295004415078353e-01
1.662430926391227359e-01
-1.464517122671207261e-01
-4.484157893012543639e-01
-7.380890245842799402e-01
-1.014000058310301711e+00
-1.274775311625488960e+00
-1.519147237141731388e+00
-1.745961739330900819e+00
-1.954184717945711469e+00
-2.142907694843809274e+00
-2.311352492086409249e+00
-2.458874936880794948e+00
-2.584967576768132602e+00
-2.689261396360833167e+00
-2.771526534836966427e+00
-2.831672011239887432e+00
-2.869744472339221808e+00
-2.885925985325878074e+00
-2.880530904870889586e+00
-2.854001851021375380e+00
-2.806904840976189419e+00
-2.739923623929549912e+00
-2.653853273841008331e+00
-2.549593100144307734e+00
-2.428138941001974693e+00
-2.290574907717932263e+00
-2.138064652302650970e+00
-1.971842232927196292e+00
-1.793202654081288649e+00
-1.603492159659722027e+00
-1.404098357932047847e+00
-1.196440257406964136e+00
-9.819582919883931282e-01
-7.621044125517197898e-01
-5.383323201602552288e-01
-3.120879136225536143e-01
-8.480002098504879626e-02
1.421285190990086988e-01
3.673293643497901328e-01
5.894767070479929316e-01
8.072947913408592413e-01
1.019564863002268673e+00
1.225131510723608486e+00
1.422908364013459881e+00
1.611883118991217501e+00
1.791121869710360137e+00
1.959772729085425880e+00
2.117068729959786566e+00
2.262330003283154589e+00
2.394965236707199185e+00
2.514472423100841070e+00
2.620438914475913705e+00
2.712540802550131858e+00
2.790541652604431100e+00
2.854290622374339392e+00
2.903720002402976785e+00
2.938842218543866736e+00
2.959746341096318734e+00
2.966594148361007210e+00
2.959615795189804555e+00
2.939105139358535013e+00
2.905414780295635602e+00
2.858950865850882650e+00
2.800167723379184181e+00
2.729562371452539882e+00
2.647668968002018453e+00
2.555053249649454905e+00
2.452307015428870862e+00
2.340042706048475196e+00
2.218888127328629167e+00
2.089481363505527600e+00
1.952465922746597027e+00
1.808486153523996443e+00
1.658182966477133924e+00
1.502189892111166492e+00
1.341129500169715882e+00
1.175610201839924596e+00
1.006223451141192937e+00
8.335413569715834914e-01
6.581147123834518720e-01
4.804714427882118555e-01
3.011154699936491874e-01
1.205259843097415962e-01
-6.084288753841327058e-02
-2.425620352292419124e-01
-4.242269589543166131e-01
-6.054570290987781878e-01
-7.858944391619745451e-01
-9.652028826101087811e-01
-1.143065986985172700e+00
-1.319185540808359036e+00
-1.493279550598559657e+00
-1.665080166656898397e+00
-1.834331517143330315e+00
-2.000787490380380618e+00
-2.164209505267966627e+00
-2.324364309181347288e+00
-2.481021841766332781e+00
-2.633953201651056286e+00
-2.782928751285652424e+00
-2.927716392917084853e+00
-3.068080046138954131e+00
-3.203778354549585927e+00
-3.334563645845111779e+00
-3.460181166199514102e+00
-3.580368606083995431e+00
-3.694855930790616139e+00
-3.803365524897569738e+00
-3.905612655784813203e+00
-4.001306257129595423e+00
-4.090150029121886632e+00
-4.171843847990050591e+00
-4.246085473357533502e+00
-4.312572538010154943e+00
-4.371004800878493413e+00
-4.421086640475921925e+00
-4.462529762713803194e+00
-4.495056093980707601e+00
-4.518400827651142038e+00
-4.532315589813663337e+00
-4.536571688000686109e+00
-4.530963405087642393e+00
-4.515311299321767891e+00
-4.489465470657353130e+00
-4.453308753220449390e+00
-4.406759793809409409e+00
-4.349775976855667636e+00
-4.282356157219687987e+00
-4.204543163569252506e+00
-4.116426036869735405e+00
-4.018141970690281894e+00
-3.909877922575262232e+00
-3.791871868621435659e+00
-3.664413676610097426e+00
-3.527845576537303351e+00
-3.382562211130642815e+00
-3.229010252899432665e+00
-3.067687578398553327e+00
-2.899141994652251419e+00
-2.723969517041264332e+00
-2.542812202361044882e+00
-2.356355545166413989e+00
-2.165325449885400211e+00
-1.970484795467877248e+00
-1.772629613490956046e+00
-1.572584904630847547e+00
-1.371200122190304072e+00
-1.169344354904264804e+00
-9.679012444978294383e-01
-7.677636764082995668e-01
-5.698282846764755050e-01
-3.749898142356773434e-01
-1.841353856574405867e-01
1.861291168352430248e-03
1.821457069491101421e-01
3.558882984759144108e-01
5.222901015446428374e-01
6.805882635100282130e-01
8.300613684496935818e-01
9.700345291303209549e-01
1.099884201610709766e+00
1.219042680370750809e+00
1.327002234303023442e+00
1.423318846722005482e+00
1.507615525709931958e+00
1.579585154597180185e+00
1.638992856138429488e+00
1.685677847957469666e+00
1.719554771056909459e+00
1.740614477585529229e+00
1.748924268583329500e+00
1.744627577043263322e+00
1.727943096293621750e+00
1.699163358375911592e+00
1.658652771724727693e+00
1.606845132007876487e+00
1.544240624414141116e+00
1.471402339943135296e+00
1.388952332317606952e+00
1.297567245967193195e+00
1.197973549089253353e+00
1.090942409046196104e+00
9.772842502802712161e-01
8.578430374916763412e-01
7.334903290114311858e-01
6.051191470887822277e-01
4.736377131898601434e-01
3.399630973588143590e-01
2.050148312182926702e-01
6.970853428084922143e-02
-6.505039709217896871e-02
-1.983729895072920968e-01
-3.293927337278761414e-01
-4.572714214078672512e-01
-5.812047335027674677e-01
-7.004275388145542180e-01
-8.142188637922478378e-01
-9.219064976888082796e-01
-1.022871200438344452e+00
-1.116550484134630317e+00
-1.202441942727346280e+00
-1.280106108471573023e+00
-1.349168817732161685e+00
-1.409323072918719610e+00
-1.460330391570971109e+00
-1.502021637889514594e+00
-1.534297336273954926e+00
-1.557127470651047396e+00
-1.570550777512212726e+00
-1.574673544596338459e+00
-1.569667931014976148e+00
-1.555769828290136658e+00
-1.533276285229247193e+00
-1.502542522768224309e+00
-1.463978567847735057e+00
-1.418045538024731655e+00
-1.365251610843891683e+00
-1.306147713982791281e+00
-1.241322973829338316e+00
-1.171399961439178128e+00
-1.097029775749197356e+00
-1.018887004487611492e+00
-9.376646034231281845e-01
-8.540687344386217461e-01
-7.688136024079277320e-01
-6.826163300070797746e-01
-5.961919084192359719e-01
-5.102482604117914988e-01
-4.254814504950372722e-01
-3.425710748361039393e-01
-2.621758613251925496e-01
-1.849295076981549713e-01
-1.114367829406806010e-01
-4.226991436189031504e-02
2.203472023850583383e-02
8.097957894536023105e-02
1.341086074049648857e-01
1.810095457196725377e-01
2.213158836333821711e-01
2.547084602084925820e-01
2.809167072628424577e-01
2.997195388142612771e-01
3.109458916440441811e-01
3.144749248130604968e-01
3.102358885219045348e-01
2.982076750781850194e-01
2.784180669007021436e-01
2.509426984360407786e-01
2.159037505731626894e-01
1.734683976069000266e-01
1.238470280116619193e-01
6.729126123920625702e-02
4.091783445080210413e-03
-6.542397452049542039e-02
-1.408942933475367809e-01
-2.219257322930454635e-01
-3.080957838829645468e-01
-3.989555937193807189e-01
-4.940327235857200350e-01
-5.928339370047006618e-01
-6.948479875477113765e-01
-7.995483914999623742e-01
-9.063961679320766684e-01
-1.014842530793309550e+00
-1.124331519301388305e+00
-1.234302554634052917e+00
-1.344192912704591514e+00
-1.453440104602566230e+00
-1.561484158078186635e+00
-1.667769795219534057e+00
-1.771748503194516378e+00
-1.872880496580719090e+00
-1.970636571366804812e+00
-2.064499852158423909e+00
-2.153967435443704836e+00
-2.238551932951429180e+00
-2.317782920156805204e+00
-2.391208295843244347e+00
-2.458395559305627476e+00
-2.518933012274469530e+00
-2.572430892947655146e+00
-2.618522449635461768e+00
-2.656864961457057195e+00
-2.687140713276130466e+00
-2.709057931636220218e+00
-2.722351687861288561e+00
-2.726784773735209555e+00
-2.722148554278051691e+00
-2.708263801112765101e+00
-2.684981508779429760e+00
-2.652183695124900709e+00
-2.609784185592412875e+00
-2.557729379880236742e+00
-2.495998998052014528e+00
-2.424606801786875820e+00
-2.343601285076974516e+00
-2.253066327337307051e+00
-2.153121800609111958e+00
-2.043924121336860633e+00
-1.925666736100141385e+00
-1.798580529706782727e+00
-1.662934143220081928e+00
-1.519034188819637698e+00
-1.367225347896591892e+00
-1.207890338473872394e+00
-1.041449737932218511e+00
-8.683616471220958477e-01
-6.891211822559628608e-01
-5.042597815108225134e-01
-3.143443140261920066e-01
-1.199759799591351150e-01
7.821100855086954295e-02
2.795509742530603026e-01
4.833485566383088905e-01
6.888807341311187216e-01
8.953990900170695211e-01
1.102132323384452661e+00
1.308289004105051667e+00
1.513060568508459269e+00
1.715624549942510901e+00
1.915148035881123034e+00
2.110791340669162963e+00
2.301711880406197785e+00
2.487068233897692604e+00
2.666024371069392274e+00
2.837754027779583410e+00
3.001445203600586531e+00
3.156304756906136877e+00
3.301563069520194738e+00
3.436478751284262501e+00
3.560343353206995243e+00
3.672486056398602816e+00
3.772278302781007397e+00
3.859138332627148227e+00
3.932535593332083579e+00
3.991994983472894276e+00
4.037100896182880483e+00
4.067501026159731303e+00
4.082909905250494909e+00
4.083112132513676329e+00
4.067965265947290909e+00
4.037402344690312006e+00
3.991434012443382251e+00
3.930150215105419953e+00
3.853721448169683761e+00
3.762399532250931600e+00
3.656517898203335726e+00
3.536491366615201137e+00
3.402815410004881969e+00
3.256064889765599268e+00
3.096892263784263299e+00
2.926025264659828373e+00
2.744264052535130283e+00
2.552477850699033546e+00
2.351601076275628976e+00
2.142628982458155917e+00
1.926612832829726507e+00
1.704654632303987061e+00
1.477901443079122856e+00
1.247539317692902383e+00
1.014786884758661856e+00
7.808886262196859107e-01
5.471078879493376235e-01
3.147196682178461380e-01
8.500323091535477715e-02
-1.407654075595412557e-01
-3.613210671880646707e-01
-5.754170171801082923e-01
-7.818325601145086345e-01
-9.793805342657933011e-01
-1.166914681002497289e+00
-1.343336824562166187e+00
-1.507603812359334272e+00
-1.658734165261280369e+00
-1.795814388965843778e+00
-1.918004899724486734e+00
-2.024545520158280709e+00
-2.114760503795242386e+00
-2.188063050193856718e+00
-2.243959276083594023e+00
-2.282051611821191539e+00
-2.302041596600157725e+00
-2.303732050226536376e+00
-2.287028603850849162e+00
-2.251940576786191972e+00
-2.198581191405942992e+00
-2.127167123061145304e+00
-2.038017386944914300e+00
-1.931551568817653441e+00
-1.808287411449359450e+00
-1.668837773492120258e+00
-1.513906982225298181e+00
-1.344286606177821142e+00
-1.160850677986114743e+00
-9.645504019572146426e-01
-7.564083846366873587e-01
-5.375124301999361087e-01
-3.090089456608344776e-01
-7.209600369846613788e-02
1.719838866848686365e-01
4.219512494612471798e-01
6.764972970486873294e-01
9.342917170485058875e-01
1.193990534666618419e+00
1.454243995018721147e+00
1.713704409759712277e+00
1.971033913170585627e+00
2.224912073976702320e+00
2.474043310745655422e+00
2.717164060708058493e+00
2.953049654239002120e+00
3.180520850011374190e+00
3.398449988956300238e+00
3.605766728614029137e+00
3.801463323196160538e+00
3.984599418675252025e+00
4.154306336431668356e+00
4.309790823383295333e+00
4.450338251059966943e+00
4.575315250721469162e+00
4.684171776312195057e+00
4.776442591756751455e+00
4.851748183784693857e+00
4.909795106089577033e+00
4.950375765134728212e+00
4.973367662277707879e+00
4.978732111057920129e+00
4.966512452441865122e+00
4.936831794514082716e+00
4.889890306507465034e+00
4.825962100156233170e+00
4.745391734102771153e+00
4.648590379474434542e+00
4.536031686749251612e+00
4.408247395636141874e+00
4.265822730894702985e+00
4.109391627805027980e+00
3.939631831366371628e+00
3.757259913256213224e+00
3.563026250122755201e+00
3.357710005923930652e+00
3.142114159776530968e+00
2.917060619156908174e+00
2.683385456319727247e+00
2.441934303496330116e+00
2.193557939825665493e+00
1.939108100087829190e+00
1.679433532183489231e+00
1.415376326966601095e+00
1.147768540527120296e+00
8.774291253727768414e-01
6.051611832114094369e-01
3.317495482275287788e-01
5.795870591670171379e-02
-2.154689512707617105e-01
-4.878145339822604898e-01
-7.583837378793253370e-01
-1.026507607118852583e+00
-1.291542992466446771e+00
-1.552872720277990837e+00
-1.809905491523743581e+00
-2.062075532709855441e+00
-2.308842022947778627e+00
-2.549688323511740684e+00
-2.784121037986394320e+00
-3.011668932527067355e+00
-3.231881746818993761e+00
-3.444328927022479725e+00
-3.648598312320960879e+00
-3.844294806649051210e+00
-4.031039066768215662e+00
-4.208466237086672557e+00
-4.376224760495665222e+00
-4.533975293031561549e+00
-4.681389748387100980e+00
-4.818150496207900702e+00
-4.943949735743154328e+00
-5.058489063800072572e+00
-5.161479253107242648e+00
-5.252640254154565369e+00
-5.331701430378791073e+00
-5.398402033239262821e+00
-5.452491920312660945e+00
-5.493732516066803129e+00
-5.521898011487103908e+00
-5.536776795264265694e+00
-5.538173105844084176e+00
-5.525908890327590584e+00
-5.499825853026736766e+00
-5.459787673463276647e+00
-5.405682370777780577e+00
-5.337424788924036712e+00
-5.254959174689089352e+00
-5.158261818527612341e+00
-5.047343726454154300e+00
-4.922253289818334210e+00
-4.783078918713560057e+00
-4.629951604052633840e+00
-4.463047372994026318e+00
-4.282589602426924102e+00
-4.088851155624346312e+00
-3.882156307950222818e+00
-3.662882428654439249e+00
-3.431461387299837629e+00
-3.188380655226376259e+00
-2.934184074653084728e+00
-2.669472270530701685e+00
-2.394902683063242055e+00
-2.111189201891935596e+00
-1.819101386250344010e+00
-1.519463258926606830e+00
-1.213151665573572346e+00
-9.010941947573034572e-01
-5.842666580917273977e-01
-2.636901338367477754e-01
5.957241860089768082e-02
3.844199617665469693e-01
7.097175853450303773e-01
1.034301093992032738e+00
1.356981954551702563e+00
1.676552575744447049e+00
1.991791889942442495e+00
2.301471203407839283e+00
2.604360278383316185e+00
2.899233607724119199e+00
3.184876840373803475e+00
3.460093313934630821e+00
3.723710648890787400e+00
3.974587357724397307e+00
4.211619421236539651e+00
4.433746783857617224e+00
4.639959719611900013e+00
4.829305020692071793e+00
5.000891961302309952e+00
5.153897990537329221e+00
5.287574109573492720e+00
5.401249890344475446e+00
5.494338095143458389e+00
5.566338859218187274e+00
5.616843401383173173e+00
5.645537230940051998e+00
5.652202822745922006e+00
5.636721736070130717e+00
5.599076156900927081e+00
5.539349847570196772e+00
5.453071641896700683e+00
5.346431938952612484e+00
5.219794432665671557e+00
5.073619983723649085e+00
4.908464814465322235e+00
4.724978103546619401e+00
4.523898993745925523e+00
4.306053030752067023e+00
4.072348055116269627e+00
3.823769573710230851e+00
3.561375640979759005e+00
3.286291283986141565e+00
2.999702508652781319e+00
2.702849927756780346e+00
2.397022053996414659e+00
2.083548303905848442e+00
1.763791760456639768e+00
1.439141743867854650e+00
1.111006241428593277e+00
7.808042480117980411e-01
4.499580694189427299e-01
1.198856407424024884e-01
-2.080070884343359072e-01
-5.323336509508785896e-01
-8.517343912221188029e-01
-1.164883578307554624e+00
-1.470496256502865862e+00
-1.767334789334598533e+00
-2.054215055444094773e+00
-2.330012257755890381e+00
-2.593666310513142115e+00
-2.844186772197779156e+00
-3.080657296006831469e+00
-3.302239573394514682e+00
-3.508176750180108883e+00
-3.697796298828369466e+00
-3.870512334697862045e+00
-4.025827368286866381e+00
-4.163333489751265937e+00
-4.282712986188250248e+00
-4.383738396339805554e+00
-4.466272011436171141e+00
-4.530264834840236787e+00
-4.575755016937513631e+00
-4.602865785313987601e+00
-4.611802893648635937e+00
-4.602851615893687409e+00
-4.576373315201333725e+00
-4.532801619660485670e+00
-4.472638239214484557e+00
-4.396448460125521152e+00
-4.304856355023249037e+00
-4.198539747914417752e+00
-4.078224974532851377e+00
-3.944681479071658448e+00
-3.798716288663499530e+00
-3.641168406963034343e+00
-3.472903167845697858e+00
-3.294806589576866784e+00
-3.107779768838538903e+00
-2.912733352739657278e+00
-2.710582125399623621e+00
-2.502239743899401958e+00
-2.288613656363221338e+00
-2.070600232687201725e+00
-1.849080135994423557e+00
-1.624913960292626580e+00
-1.398938157068470023e+00
-1.171961270695797364e+00
-9.447604995937980421e-01
-7.180785970694818499e-01
-4.926211227465849829e-01
-2.690540524447967430e-01
-4.800175135707274165e-02
