923
5172
-1.68033
-1.8261
-1.8261
-1.97188
-1.97188
-2.11765
-2.11765
-2.11765
-2.26342
-2.26342
-2.26342
-2.26342
-2.26342
-2.26342
-2.26342
-2.26342
-2.26342
-2.26342
-2.26342
-2.26342
-2.26342
-2.26342
-2.26342
-2.26342
-2.26342
-2.26342
-2.26342
-2.26342
-2.26342
-2.26342
-2.26342
-2.26342
-2.26342
-2.26342
-2.26342
-2.26342
-2.26342
-2.26342
-2.26342
-2.26342
-2.26342
-2.26342
-2.26342
-2.26342
-2.26342
-2.26342
-2.26342
-2.26342
-2.26342
-2.26342
-2.26342
-2.26342
-2.26342
-2.26342
-2.26342
-2.26342
-2.26342
-2.11765
-2.26342
-2.11765
-2.11765
-2.11765
-2.11765
-2.11765
-2.11765
-2.11765
-2.11765
-2.11765
-1.97188
-1.97188
-1.97188
-1.97188
-1.8261
-1.8261
-1.8261
-1.68033
-1.68033
-1.53456
-1.38879
-1.24301
-1.09724
-0.951468
-0.951468
-0.805695
-0.659923
-0.51415
-0.51415
-0.368377
-0.222605
-0.0768322
-0.0768322
0.214713
0.360486
0.797803
1.52667
1.96398
2.10976
2.25553
2.25553
2.25553
2.10976
2.10976
1.96398
1.81821
1.52667
1.38089
0.943576
0.506258
0.214713
-0.0768322
-0.222605
-0.368377
-0.51415
-0.659923
-0.659923
-0.805695
-0.951468
-0.951468
-1.09724
-1.24301
-1.24301
-1.24301
-1.24301
-1.24301
-1.24301
-1.24301
-1.24301
-1.24301
-1.09724
-1.09724
-1.09724
-0.951468
-0.805695
-0.659923
-0.659923
-0.51415
-0.368377
-0.222605
-0.0768322
-0.0768322
0.0689404
0.0689404
0.214713
0.214713
0.214713
0.360486
0.360486
0.360486
0.360486
0.360486
0.360486
0.506258
0.506258
0.506258
0.506258
0.506258
0.506258
0.506258
0.506258
0.506258
0.506258
0.506258
0.506258
0.506258
0.506258
0.506258
0.506258
0.506258
0.506258
0.506258
0.652031
0.652031
0.652031
0.652031
0.652031
0.797803
0.797803
0.797803
0.943576
0.943576
1.08935
1.23512
1.38089
1.52667
1.67244
1.81821
1.96398
1.96398
2.10976
2.25553
2.25553
2.25553
2.4013
2.4013
2.4013
2.4013
2.4013
2.4013
2.4013
2.4013
2.4013
2.4013
2.4013
2.4013
2.4013
2.4013
2.4013
2.25553
2.10976
2.10976
1.96398
1.96398
1.81821
1.67244
1.52667
1.52667
1.52667
1.38089
1.38089
1.38089
1.38089
1.38089
1.23512
1.23512
1.23512
1.23512
1.23512
1.23512
1.23512
1.23512
1.23512
1.38089
1.38089
1.38089
1.38089
1.38089
1.38089
1.52667
1.67244
1.81821
2.10976
2.4013
2.69285
2.54707
2.4013
2.10976
1.81821
1.67244
1.52667
1.38089
1.38089
1.38089
1.23512
1.23512
1.23512
1.08935
1.08935
1.08935
0.943576
0.943576
0.797803
0.652031
0.506258
0.360486
0.214713
0.0689404
-0.0768322
-0.0768322
-0.222605
-0.222605
-0.368377
-0.368377
-0.368377
-0.368377
-0.368377
-0.368377
-0.51415
-0.368377
-0.51415
-0.51415
-0.51415
-0.51415
-0.51415
-0.368377
-0.368377
-0.368377
-0.368377
-0.368377
-0.368377
-0.368377
-0.222605
-0.222605
-0.0768322
-0.0768322
0.0689404
0.0689404
0.214713
0.214713
0.360486
0.360486
0.360486
0.360486
0.360486
0.506258
0.652031
1.08935
1.52667
1.81821
2.10976
2.25553
2.4013
2.54707
2.69285
2.83862
2.98439
3.13016
3.13016
3.27594
3.27594
3.42171
3.42171
3.42171
3.27594
3.13016
2.98439
2.83862
2.69285
2.54707
2.4013
2.4013
2.4013
2.4013
2.4013
2.4013
2.4013
2.54707
2.54707
2.54707
2.69285
2.83862
2.98439
2.98439
3.13016
3.13016
3.27594
3.27594
3.27594
3.27594
3.27594
3.27594
3.27594
3.27594
3.27594
3.27594
3.27594
3.27594
3.27594
3.27594
3.27594
3.27594
3.27594
3.27594
3.27594
3.27594
3.27594
3.27594
3.27594
3.27594
3.27594
3.27594
3.27594
3.27594
3.27594
3.42171
3.42171
3.42171
3.56748
3.56748
3.71326
3.71326
3.85903
4.0048
4.15057
4.29635
4.29635
4.44212
4.44212
4.44212
4.44212
4.44212
4.44212
4.44212
4.44212
4.44212
4.44212
4.44212
4.44212
4.44212
4.44212
4.44212
4.44212
4.44212
4.44212
4.44212
4.44212
4.44212
4.44212
4.44212
4.44212
4.44212
4.44212
4.44212
4.44212
4.44212
4.44212
4.44212
4.44212
4.44212
4.44212
4.44212
4.44212
4.44212
4.44212
4.44212
4.44212
4.44212
4.44212
4.44212
4.44212
4.44212
4.44212
4.44212
4.44212
4.44212
4.44212
4.44212
4.44212
4.44212
4.44212
4.44212
4.44212
4.44212
4.44212
4.44212
4.44212
4.29635
4.44212
4.29635
4.29635
4.29635
4.29635
4.29635
4.29635
4.29635
4.29635
4.29635
4.0048
3.42171
2.69285
1.96398
1.67244
1.67244
1.52667
1.38089
1.38089
1.38089
1.38089
1.38089
1.38089
1.38089
1.23512
1.23512
1.23512
1.08935
0.943576
0.797803
0.652031
0.506258
0.506258
0.360486
0.360486
0.360486
0.360486
0.360486
0.360486
0.360486
0.214713
0.214713
0.0689404
-0.0768322
-0.368377
-0.659923
-1.09724
-1.53456
-1.68033
-1.8261
-1.97188
-2.11765
-2.40919
-2.40919
-2.55497
-2.70074
-2.84651
-2.99228
-3.13806
-3.28383
-3.28383
-3.28383
-3.4296
-3.4296
-3.4296
-3.4296
-3.4296
-3.4296
-3.4296
-3.4296
-3.4296
-3.4296
-3.4296
-3.4296
-3.4296
-3.4296
-3.4296
-3.4296
-3.4296
-3.28383
-3.28383
-3.28383
-3.13806
-2.99228
-2.84651
-2.70074
-2.55497
-2.40919
-2.26342
-2.11765
-1.97188
-1.8261
-1.68033
-1.53456
-1.38879
-1.38879
-1.24301
-1.24301
-1.24301
-1.24301
-1.24301
-1.24301
-1.24301
-1.24301
-1.24301
-1.24301
-1.24301
-1.24301
-1.09724
-0.951468
-0.951468
-0.805695
-0.659923
-0.51415
-0.51415
-0.368377
-0.368377
-0.368377
-0.368377
-0.368377
-0.368377
-0.368377
-0.368377
-0.368377
-0.368377
-0.368377
-0.368377
-0.368377
-0.368377
-0.368377
-0.368377
-0.368377
-0.368377
-0.368377
-0.368377
-0.368377
-0.368377
-0.368377
-0.368377
-0.368377
-0.368377
-0.368377
-0.368377
-0.368377
-0.51415
-0.659923
-0.805695
-1.09724
-1.24301
-1.38879
-1.38879
-1.53456
-1.53456
-1.53456
-1.53456
-1.53456
-1.53456
-1.53456
-1.53456
-1.53456
-1.53456
-1.53456
-1.53456
-1.53456
-1.38879
-1.38879
-1.38879
-1.38879
-1.38879
-1.24301
-1.24301
-1.09724
-0.951468
-0.951468
-0.805695
-0.659923
-0.659923
-0.51415
-0.51415
-0.51415
-0.51415
-0.368377
-0.368377
-0.368377
-0.222605
-0.222605
-0.0768322
0.0689404
0.360486
0.506258
0.943576
1.08935
1.38089
1.52667
1.52667
1.52667
1.52667
1.38089
1.08935
0.943576
0.652031
0.506258
0.360486
0.214713
0.0689404
-0.0768322
-0.368377
-0.51415
-0.659923
-0.951468
-1.38879
-1.68033
-1.8261
-1.97188
-2.26342
-2.40919
-2.84651
-3.13806
-3.28383
-3.4296
-3.4296
-3.57537
-3.57537
-3.57537
-3.57537
-3.57537
-3.4296
-3.4296
-3.4296
-3.28383
-3.28383
-3.13806
-2.99228
-2.99228
-2.84651
-2.70074
-2.55497
-2.11765
-1.8261
-1.53456
-1.09724
-0.951468
-0.659923
-0.51415
-0.368377
-0.222605
-0.0768322
-0.0768322
0.0689404
0.214713
0.214713
0.214713
0.360486
0.360486
0.360486
0.360486
0.360486
0.360486
0.360486
0.360486
0.360486
0.360486
0.360486
0.360486
0.360486
0.214713
0.0689404
-0.0768322
-0.222605
-0.368377
-0.51415
-0.659923
-0.659923
-0.805695
-0.951468
-1.09724
-1.24301
-1.24301
-1.53456
-1.53456
-1.8261
-1.8261
-1.97188
-2.11765
-2.26342
-2.26342
-2.26342
-2.40919
-2.40919
-2.40919
-2.40919
-2.40919
-2.40919
-2.40919
-2.40919
-2.40919
-2.40919
-2.40919
-2.40919
-2.40919
-2.40919
-2.40919
-2.26342
-2.40919
-2.26342
-2.26342
-2.26342
-2.11765
-2.11765
-1.97188
-1.8261
-1.68033
-1.53456
-1.38879
-1.24301
-0.951468
-0.805695
-0.659923
-0.368377
-0.0768322
0.360486
0.652031
0.797803
1.08935
1.23512
1.38089
1.52667
1.67244
1.81821
1.96398
1.96398
2.10976
2.10976
2.25553
2.25553
2.25553
2.25553
2.4013
2.4013
2.4013
2.4013
2.54707
2.54707
2.83862
2.98439
3.13016
3.56748
4.0048
4.44212
4.58789
4.87944
5.17098
5.17098
5.31675
5.31675
5.31675
5.31675
5.17098
5.02521
4.73366
4.44212
4.15057
3.71326
3.42171
2.69285
1.96398
1.23512
0.506258
0.0689404
-0.659923
-1.38879
-2.40919
-2.99228
-3.57537
-4.01269
-4.30424
-4.59578
-5.0331
-5.17887
-5.61619
-5.76196
-6.05351
-6.34505
-6.49083
-6.78237
-7.07392
-7.21969
-7.51123
-7.80278
-7.94855
-8.2401
-8.2401
-8.2401
-7.94855
-7.51123
-7.07392
-6.78237
-6.49083
-6.05351
-5.61619
-5.32465
-5.0331
-4.59578
-4.15846
-3.4296
-2.70074
-2.11765
-1.53456
-1.09724
-0.659923
-0.368377
-0.0768322
0.214713
0.360486
0.652031
0.797803
0.943576
1.08935
1.38089
1.52667
1.67244
1.67244
1.81821
1.96398
2.10976
2.10976
2.10976
2.25553
2.25553
2.25553
2.4013
2.4013
2.4013
2.4013
2.4013
2.54707
2.54707
2.54707
2.54707
2.54707
2.69285
2.83862
2.98439
3.27594
3.42171
3.71326
3.42171
3.13016
2.98439
2.54707
2.4013
1.96398
1.52667
1.08935
0.652031
0.214713
-0.222605
-0.659923
-1.38879
-2.11765
-2.55497
-3.13806
-3.57537
-4.01269
-4.45001
-5.0331
-5.47042
-6.05351
-6.6366
-7.07392
-7.65701
-8.53164
-9.40628
-9.98937
-10.2809
-10.5725
-10.864
-11.0098
-11.1555
-11.3013
-11.4471
-11.7386
-11.4471
-11.1555
-11.0098
-10.5725
-10.2809
-9.69782
-8.53164
-7.65701
-7.07392
-6.49083
-6.05351
-5.32465
-3.72115
-1.8261
-0.805695
-0.0768322
0.360486
0.943576
1.67244
2.83862
3.85903
4.58789
5.02521
5.46253
5.6083
5.89984
6.19139
6.33716
6.48293
6.77448
6.92025
7.06602
7.35757
7.50334
7.64912
7.79489
7.94066
8.08643
8.23221
8.37798
8.37798
8.37798
8.37798
8.37798
8.37798
8.23221
8.08643
7.94066
7.64912
7.50334
7.06602
6.62871
6.19139
5.75407
5.31675
4.87944
4.15057
3.42171
2.4013
1.38089
0.214713
-0.951468
-1.97188
-2.99228
-4.01269
-5.0331
-5.76196
-6.49083
-7.21969
-7.65701
-8.09432
-8.67742
-9.26051
-9.98937
-10.4267
-11.0098
-11.5929
-12.3217
-13.0506
-13.7795
-14.5083
-15.2372
-16.1118
-16.6949
-16.9865
-17.278
-17.7153
-17.278
-16.8407
-16.4034
-15.966
-15.5287
-14.7999
-13.7795
-12.759
-11.7386
-11.0098
-10.2809
-9.26051
-8.2401
-7.21969
-6.19928
-5.0331
-3.86692
-2.84651
-1.53456
-0.51415
0.506258
1.23512
1.96398
2.83862
3.71326
4.58789
5.46253
5.89984
6.62871
7.06602
7.64912
8.23221
8.96107
9.68993
10.4188
11.0019
11.585
12.0223
12.3138
12.6054
12.7512
12.7512
12.4596
12.3138
11.8765
11.585
11.2934
10.8561
10.4188
10.1272
9.8357
9.10684
8.66952
8.08643
7.50334
6.92025
6.33716
5.89984
5.17098
4.15057
3.42171
2.54707
1.96398
1.23512
0.214713
-0.659923
-1.8261
-2.99228
-4.45001
-5.17887
-5.61619
-6.05351
-6.49083
-7.07392
-7.65701
-8.38587
-9.11473
-10.1351
-11.4471
-12.759
-14.3625
-15.6745
-16.6949
-17.7153
-18.4442
-19.6104
-20.1935
-20.7765
-21.3596
-21.9427
-22.5258
-23.2547
-23.5462
-24.4209
-23.5462
-23.1089
-21.6512
-20.1935
-18.7357
-16.6949
-13.4879
-9.26051
-8.2401
-7.36546
-6.78237
-5.76196
-4.45001
-2.84651
-1.24301
0.0689404
0.797803
1.52667
1.96398
2.54707
3.13016
4.44212
6.04562
7.35757
8.37798
9.54416
10.4188
11.7307
13.3342
14.792
15.6666
16.3955
17.1243
17.5617
17.999
18.4363
18.8736
19.3109
19.4567
19.7482
20.0398
20.1856
20.4771
20.6229
20.6229
20.6229
20.6229
19.894
18.8736
18.1447
17.4159
16.2497
15.0835
14.3547
13.9173
13.3342
12.7512
12.1681
11.585
10.8561
10.1272
9.10684
8.37798
7.64912
7.2118
6.77448
6.33716
5.75407
5.17098
4.73366
4.29635
3.56748
2.83862
1.81821
0.797803
-0.368377
-1.53456
-2.11765
-2.70074
-3.28383
-3.86692
-4.59578
-5.32465
-6.34505
-7.07392
-7.80278
-8.2401
-8.67742
-8.82319
-9.11473
-8.82319
-8.67742
-8.2401
-7.94855
-7.65701
-7.21969
-6.78237
-6.34505
-5.90774
-5.47042
-5.17887
-4.88733
-4.45001
-4.01269
-3.57537
-2.99228
-2.55497
-2.11765
-1.68033
-1.24301
-0.951468
-0.51415
-0.0768322
0.214713
0.652031
1.23512
1.96398
2.83862
3.42171
3.85903
4.29635
4.58789
4.87944
5.31675
5.75407
6.04562
6.33716
6.62871
6.92025
7.06602
7.35757
7.50334
7.64912
7.79489
8.08643
8.08643
8.23221
8.37798
8.37798
8.23221
8.08643
7.94066
7.79489
7.64912
7.35757
7.06602
6.92025
6.62871
6.33716
6.04562
5.75407
5.31675
4.87944
4.44212
4.0048
3.71326
3.27594
2.69285
1.96398
1.23512
0.506258
-0.0768322
-0.659923
-1.38879
-2.40919
-3.4296
-4.45001
-5.17887
-6.19928
-7.36546
-8.53164
-9.26051
-9.98937
-10.7182
-11.4471
-11.8844
-12.6133
-13.1964
-13.7795
-13.9252
-14.3625
-13.9252
-13.7795
-13.3421
-13.0506
-12.6133
-12.3217
-11.8844
-11.4471
-11.0098
-10.5725
-9.8436
-9.11473
-8.38587
-7.65701
-6.92814
-6.19928
-5.76196
-4.74156
-4.01269
-2.99228
-2.11765
-1.24301
-0.368377
0.506258
1.23512
1.96398
2.69285
3.42171
4.44212
5.46253
6.33716
7.2118
8.08643
8.8153
9.54416
10.1272
10.8561
11.4392
11.7307
12.1681
12.3138
12.7512
12.8969
13.1885
13.3342
13.48
13.48
13.48
13.48
13.3342
13.3342
13.1885
13.0427
12.8969
12.6054
12.4596
12.1681
11.8765
11.585
11.1477
10.7103
10.1272
9.54416
8.96107
7.94066
6.92025
5.6083
4.29635
2.98439
1.96398
1.23512
0.506258
0.214713
-0.0768322
-0.368377
-0.659923
-0.951468
-1.38879
-1.68033
-1.97188
-2.11765
-2.26342
-2.26342
-2.40919
-2.40919
-2.26342
-2.26342
-2.11765
-2.11765
-1.97188
-1.8261
-1.68033
-1.38879
-1.24301
-1.09724
-0.805695
-0.659923
-0.368377
-0.222605
-0.0768322
0.0689404
0.214713
0.360486
0.506258
0.652031
0.797803
0.797803
1.08935
1.08935
1.38089
1.38089
1.67244
1.81821
1.96398
2.25553
2.54707
2.83862
3.13016
3.56748
3.85903
4.15057
4.29635
4.73366
4.87944
5.17098
5.46253
5.6083
5.75407
5.89984
6.04562
6.19139
6.33716
6.33716
6.33716
6.33716
6.33716
6.33716
6.19139
6.19139
6.19139
6.04562
6.04562
5.89984
5.75407
5.6083
5.46253
5.17098
4.87944
4.73366
4.29635
4.0048
3.42171
2.98439
2.54707
1.81821
1.08935
0.360486
-0.368377
-1.09724
-1.8261
-2.55497
-3.57537
-4.59578
-5.61619
-6.49083
-7.07392
-7.51123
-7.65701
-7.94855
-8.09432
-8.2401
-8.2401
-8.38587
-8.38587
-8.2401
-8.2401
-8.09432
-7.94855
-7.65701
-7.36546
-6.78237
-6.19928
-5.76196
-5.32465
-5.0331
-4.74156
-4.59578
-4.30424
-4.15846
-3.86692
-3.86692
-3.72115
-3.57537
-3.4296
-3.4296
-3.28383
-3.13806
-3.13806
-2.99228
-2.99228
-2.84651
-2.84651
-2.70074
-2.55497
-2.55497
-2.40919
-2.11765
-1.8261
-1.68033
-1.24301
-0.805695
-0.368377
0.0689404
0.506258
0.943576
1.23512
1.52667
1.81821
2.10976
2.25553
2.54707
2.83862
2.98439
3.13016
3.27594
3.13016
3.13016
2.98439
2.83862
2.69285
2.54707
2.25553
2.10976
1.96398
1.81821
1.67244
1.38089
1.08935
0.943576
0.506258
0.0689404
-0.659923
-1.38879
-2.11765
-2.84651
-3.57537
-4.88733
-5.90774
-6.34505
-6.78237
-7.21969
-7.51123
-7.80278
-8.2401
-8.53164
-8.82319
-9.11473
-9.40628
-9.55205
-9.8436
-9.55205
-9.40628
-8.96896
-8.82319
-8.38587
-8.2401
-7.94855
-7.65701
-7.36546
-7.07392
-6.92814
-6.78237
-6.49083
-6.19928
-5.90774
-5.61619
-5.32465
-5.0331
-4.59578
-4.45001
-4.30424
-4.15846
-4.15846
-4.01269
-4.01269
-3.86692
-3.72115
-3.4296
-2.99228
-2.55497
-2.11765
-1.68033
-1.24301
-0.659923
0.0689404
0.506258
0.797803
1.08935
1.23512
1.38089
1.67244
1.96398
2.54707
2.83862
3.27594
3.42171
3.56748
3.56748
3.71326
3.71326
3.56748
3.42171
3.42171
3.13016
2.98439
2.83862
2.54707
2.25553
1.96398
1.67244
1.52667
1.38089
1.08935
0.797803
0.652031
0.506258
0.214713
-0.0768322
-0.51415
-0.805695
-0.951468
-1.24301
-1.24301
-1.53456
-1.68033
-1.8261
-1.97188
-2.11765
-2.11765
-2.26342
-2.26342
-2.40919
-2.40919
-2.40919
-2.40919
-2.40919
-2.26342
-2.26342
-2.26342
-2.11765
-1.8261
-1.53456
-1.38879
-0.951468
-0.51415
-0.0768322
0.360486
0.797803
1.23512
1.67244
2.10976
2.54707
2.98439
3.71326
3.85903
4.15057
4.15057
4.29635
4.29635
4.29635
4.44212
4.44212
4.44212
4.44212
4.44212
4.58789
4.73366
4.87944
5.31675
5.75407
5.89984
6.04562
6.19139
6.33716
6.33716
6.33716
6.48293
6.48293
6.48293
6.33716
6.04562
5.75407
5.6083
5.31675
5.02521
4.73366
4.44212
4.15057
3.85903
3.56748
3.27594
2.83862
2.4013
1.96398
1.52667
1.08935
0.797803
0.506258
0.0689404
-0.222605
-0.659923
-0.951468
-1.38879
-1.8261
-2.11765
-2.40919
-2.84651
-2.99228
-3.4296
-3.57537
-3.86692
-4.15846
-4.45001
-4.74156
-4.88733
-5.17887
-5.32465
-5.32465
-5.17887
-4.74156
-4.59578
-4.45001
-4.15846
-3.86692
-3.57537
-3.13806
-2.70074
-2.11765
-1.68033
-1.09724
-0.51415
-0.0768322
0.506258
0.797803
1.23512
1.52667
1.67244
1.96398
2.10976
2.25553
2.4013
2.54707
2.69285
2.69285
2.83862
2.98439
2.98439
3.13016
3.27594
3.27594
3.27594
3.42171
3.42171
3.42171
3.42171
3.42171
3.42171
3.42171
3.42171
3.42171
3.42171
3.42171
3.42171
3.42171
3.27594
3.27594
3.27594
3.27594
3.13016
3.13016
2.98439
2.83862
2.54707
2.4013
2.10976
1.67244
1.38089
1.08935
0.652031
0.214713
-0.222605
-0.659923
-1.38879
-2.40919
-2.99228
-3.57537
-4.01269
-4.45001
-4.74156
-5.0331
-5.32465
-5.61619
-6.05351
-6.19928
-6.6366
-6.92814
-7.21969
-7.51123
-7.21969
-7.07392
-6.6366
-6.19928
-5.90774
-5.61619
-4.88733
-3.86692
-2.84651
-2.11765
-1.53456
-0.951468
-0.51415
0.214713
0.943576
1.67244
2.4013
2.69285
2.98439
3.13016
3.27594
3.42171
3.56748
3.71326
3.85903
4.0048
4.0048
4.0048
4.15057
4.15057
4.15057
4.29635
4.29635
4.29635
4.15057
4.15057
4.15057
4.0048
3.85903
3.85903
3.71326
3.56748
3.56748
3.42171
3.42171
3.42171
3.27594
3.42171
3.27594
3.27594
3.27594
3.27594
3.27594
3.27594
3.27594
3.13016
3.13016
3.13016
2.98439
2.83862
2.69285
2.4013
2.10976
1.67244
1.23512
0.797803
0.214713
-0.0768322
-0.51415
-0.805695
-1.09724
-1.53456
-1.97188
-2.40919
-2.84651
-2.99228
-3.4296
-3.57537
-4.01269
-4.15846
-4.45001
-4.74156
-5.17887
-5.61619
-5.90774
-6.19928
-6.6366
-6.92814
-7.21969
-7.36546
-7.51123
-7.65701
-7.94855
-7.65701
-7.21969
-6.78237
-6.19928
-5.61619
-4.88733
-3.86692
-3.13806
-2.70074
-2.26342
-1.8261
-1.09724
0.214713
1.38089
1.81821
2.10976
2.4013
2.69285
3.13016
3.42171
3.71326
3.85903
4.0048
4.0048
4.15057
4.15057
4.15057
4.15057
4.29635
4.29635
4.29635
4.29635
4.29635
4.44212
4.44212
4.58789
4.58789
4.73366
4.73366
4.87944
4.87944
5.02521
5.17098
5.31675
5.31675
5.31675
5.17098
4.87944
4.58789
4.44212
4.29635
4.0048
3.71326
3.56748
3.27594
2.98439
2.54707
2.10976
1.38089
0.506258
-0.368377
-0.951468
-1.53456
-2.26342
-3.28383
-4.45001
-5.61619
-6.34505
-7.07392
-7.65701
-8.53164
-9.11473
-9.98937
-10.7182
-11.4471
-11.8844
-12.6133
-13.4879
-14.3625
-14.9456
-15.5287
-15.966
-16.1118
-16.4034
-16.5491
-16.6949
-16.8407
-16.9865
-16.9865
-17.1322
-16.6949
-16.2576
-15.5287
-14.7999
-14.071
-13.1964
-12.4675
-11.8844
-10.864
-8.96896
-6.78237
-5.17887
-4.15846
-3.13806
-2.40919
-1.24301
0.214713
1.08935
1.67244
2.10976
2.4013
2.69285
2.98439
3.27594
3.42171
3.71326
4.0048
4.29635
4.58789
5.02521
5.46253
5.89984
6.33716
6.92025
7.50334
7.94066
8.37798
8.66952
8.96107
9.10684
9.25261
9.39839
9.25261
9.25261
9.25261
9.10684
8.96107
8.8153
8.66952
8.52375
8.08643
7.79489
7.2118
6.77448
6.19139
5.6083
4.87944
4.0048
3.13016
2.10976
1.08935
-0.0768322
-0.951468
-1.8261
-2.40919
-2.99228
-3.57537
-4.01269
-4.59578
-5.0331
-5.61619
-6.05351
-6.6366
-7.21969
-7.65701
-8.38587
-9.11473
-10.1351
-11.1555
-11.8844
-12.6133
-13.0506
-13.3421
-13.6337
-13.9252
-14.2168
-14.3625
-14.5083
-14.6541
-14.7999
-14.9456
-15.0914
-15.2372
-15.383
-15.6745
-15.383
-14.9456
-14.6541
-14.3625
-13.9252
-13.4879
-13.0506
-12.6133
-11.8844
-11.1555
-10.2809
-9.40628
-8.67742
-7.65701
-6.49083
-5.61619
-4.88733
-4.30424
-3.72115
-3.28383
-2.70074
-2.11765
-1.38879
-0.659923
0.0689404
0.797803
1.67244
2.54707
3.27594
4.0048
4.73366
5.46253
6.04562
6.92025
7.50334
8.08643
8.66952
9.25261
10.1272
11.0019
11.7307
12.4596
12.7512
13.0427
13.3342
13.48
13.6258
13.6258
13.6258
13.6258
13.48
13.3342
13.1885
12.7512
12.6054
12.1681
11.8765
11.2934
11.0019
10.4188
9.98148
9.39839
8.8153
8.37798
7.79489
7.2118
6.62871
6.04562
5.6083
4.87944
4.29635
3.71326
2.69285
1.96398
1.38089
0.797803
0.506258
0.214713
-0.0768322
-0.222605
-0.368377
-0.51415
-0.51415
-0.659923
-0.659923
-0.659923
-0.659923
-0.659923
-0.659923
-0.659923
-0.51415
-0.51415
-0.368377
-0.368377
-0.222605
-0.0768322
-0.0768322
0.0689404
0.214713
0.214713
0.360486
0.506258
0.652031
0.797803
0.797803
0.943576
1.08935
1.23512
1.38089
1.52667
1.67244
1.96398
2.10976
2.54707
2.83862
3.13016
3.27594
3.42171
3.56748
3.85903
4.0048
4.15057
4.29635
4.58789
4.73366
4.87944
5.17098
5.46253
5.75407
5.89984
6.04562
6.19139
6.19139
6.19139
6.04562
6.04562
5.89984
5.75407
5.46253
5.31675
5.02521
4.87944
4.58789
4.29635
4.0048
3.71326
3.27594
2.83862
2.54707
2.25553
1.81821
1.38089
1.08935
0.797803
0.652031
0.214713
0.0689404
-0.368377
-0.805695
-1.53456
-1.97188
-2.40919
-2.70074
-2.99228
-3.4296
-4.15846
-4.59578
-5.0331
-5.17887
-5.32465
-5.32465
-5.47042
-5.47042
-5.47042
-5.47042
-5.47042
-5.47042
-5.32465
-5.32465
-5.32465
-5.32465
-5.17887
-5.17887
-5.0331
-5.0331
-4.88733
-4.74156
-4.59578
-4.30424
-4.15846
-4.01269
-3.72115
-3.57537
-3.28383
-3.13806
-2.99228
-2.84651
-2.70074
-2.55497
-2.40919
-2.11765
-1.8261
-1.24301
-0.805695
-0.51415
-0.368377
-0.0768322
0.214713
0.360486
0.506258
0.797803
0.943576
1.23512
1.38089
1.52667
1.67244
1.96398
2.10976
2.25553
2.25553
2.4013
2.4013
2.4013
2.4013
2.4013
2.25553
2.25553
1.96398
1.81821
1.67244
1.38089
1.23512
0.943576
0.797803
0.506258
0.214713
0.0689404
-0.0768322
-0.222605
-0.368377
-0.51415
-0.659923
-0.805695
-0.951468
-1.24301
-1.8261
-2.55497
-2.99228
-3.4296
-3.57537
-4.01269
-4.15846
-4.30424
-4.59578
-4.88733
-5.0331
-5.17887
-5.17887
-5.17887
-5.32465
-5.17887
-5.17887
-5.17887
-5.0331
-5.0331
-4.88733
-4.59578
-4.45001
-4.15846
-3.86692
-3.57537
-3.13806
-2.84651
-2.55497
-2.26342
-2.11765
-1.8261
-1.53456
-1.38879
-1.24301
-1.09724
-0.951468
-0.805695
-0.659923
-0.51415
-0.368377
-0.0768322
0.0689404
0.360486
0.652031
1.08935
1.67244
2.10976
2.83862
3.27594
3.42171
3.71326
3.85903
4.0048
4.15057
4.15057
4.29635
4.29635
4.29635
4.29635
4.29635
4.29635
4.15057
4.15057
4.0048
3.85903
3.71326
3.56748
3.27594
2.98439
2.69285
2.4013
1.96398
1.52667
1.08935
0.652031
0.214713
-0.0768322
-0.51415
-0.951468
-1.53456
-1.97188
-2.70074
-3.13806
-3.57537
-4.30424
-4.88733
-5.47042
-5.90774
-6.6366
-7.21969
-7.80278
-8.53164
-8.96896
-9.40628
-9.98937
-10.2809
-10.7182
-11.0098
-11.3013
-11.4471
-11.5929
-11.4471
-11.3013
-11.1555
-11.0098
-10.864
-10.5725
-10.2809
-9.8436
-9.11473
-8.09432
-7.36546
-6.92814
-6.6366
-6.34505
-5.90774
-5.17887
-4.45001
-3.4296
-2.84651
-2.40919
-1.97188
-1.68033
-1.24301
-1.09724
-0.805695
-0.51415
-0.368377
-0.222605
0.214713
1.52667
2.4013
2.69285
2.98439
3.27594
3.42171
3.85903
4.15057
4.44212
4.58789
4.87944
5.17098
5.31675
5.31675
5.46253
5.46253
5.31675
5.17098
5.02521
4.87944
4.58789
4.29635
4.0048
3.71326
3.56748
3.27594
2.98439
2.69285
2.4013
2.25553
1.96398
1.67244
1.52667
1.23512
0.943576
0.652031
0.360486
-0.0768322
-0.222605
-0.659923
-0.951468
-1.24301
-1.8261
-2.26342
-2.70074
-2.99228
-3.72115
-6.19928
-7.07392
-7.51123
-7.80278
-8.2401
-8.82319
-10.2809
-11.3013
-12.0302
-12.4675
-12.759
-13.0506
-13.1964
-13.3421
-13.1964
-13.0506
-12.759
-12.4675
-12.0302
-11.0098
-9.98937
-9.26051
-8.2401
-7.36546
-6.19928
-5.32465
-4.45001
-3.57537
-2.70074
-2.26342
-1.8261
-1.24301
-0.805695
-0.368377
-0.0768322
0.360486
0.797803
1.23512
1.67244
2.10976
2.54707
2.98439
3.42171
3.71326
4.15057
4.44212
4.87944
5.31675
5.75407
6.19139
6.62871
6.77448
7.2118
7.35757
7.64912
7.94066
8.08643
8.23221
8.37798
8.37798
8.37798
8.37798
8.23221
8.08643
7.94066
7.79489
7.64912
7.50334
7.2118
7.06602
6.92025
6.77448
6.62871
6.33716
6.19139
6.04562
5.89984
5.6083
5.46253
5.17098
4.73366
4.29635
3.71326
2.98439
2.25553
1.52667
0.797803
-0.0768322
-0.951468
-1.68033
-2.70074
-3.4296
-4.45001
-5.32465
-6.19928
-7.07392
-7.94855
-8.82319
-9.69782
-10.4267
-11.1555
-11.5929
-12.176
-12.759
-13.1964
-13.4879
-14.071
-13.4879
-12.9048
-12.4675
-12.0302
-11.3013
-10.864
-10.1351
-9.40628
-8.67742
-7.94855
-7.21969
-6.49083
-5.61619
-5.0331
-4.30424
-3.57537
-3.13806
-2.55497
-1.97188
-1.53456
-0.951468
-0.222605
0.943576
2.83862
3.71326
4.29635
5.02521
5.75407
6.33716
7.2118
7.94066
8.96107
9.68993
10.7103
11.585
12.4596
13.1885
13.9173
14.6462
15.3751
15.8124
16.2497
16.3955
16.5412
16.3955
16.3955
16.3955
16.2497
16.1039
15.9582
15.6666
15.3751
15.0835
14.6462
14.2089
13.7716
13.3342
12.7512
12.3138
11.585
11.0019
10.4188
9.54416
8.66952
7.79489
6.62871
5.75407
4.58789
3.56748
2.54707
1.52667
0.506258
-0.51415
-1.53456
-2.26342
-2.99228
-3.86692
-4.45001
-5.17887
-5.61619
-6.19928
-6.49083
-6.92814
-7.36546
-7.65701
-7.94855
-8.09432
-8.38587
-8.53164
-8.82319
-8.96896
-9.26051
-9.40628
-9.55205
-9.8436
-9.98937
-10.2809
-10.4267
-10.5725
-10.2809
-10.1351
-9.98937
-9.8436
-9.69782
-9.40628
-9.26051
-8.96896
-8.82319
-8.67742
-8.2401
-7.80278
-7.07392
-6.05351
-4.74156
-3.13806
-2.11765
-0.951468
-0.0768322
0.943576
1.67244
2.25553
2.83862
3.27594
3.71326
4.29635
4.87944
5.31675
5.75407
6.19139
6.48293
6.77448
6.92025
7.35757
7.50334
7.79489
8.08643
8.23221
8.37798
8.52375
8.37798
8.23221
8.08643
7.94066
7.79489
7.50334
7.2118
7.06602
6.62871
6.33716
6.04562
5.75407
5.46253
5.02521
4.58789
4.15057
3.71326
3.27594
2.83862
2.25553
1.67244
0.943576
0.214713
-0.368377
-0.951468
-1.68033
-2.26342
-2.84651
-3.28383
-3.72115
-4.15846
-4.59578
-5.0331
-5.32465
-5.61619
-5.90774
-6.19928
-6.6366
-6.92814
-7.21969
-7.51123
-7.80278
-7.51123
-7.36546
-7.07392
-6.6366
-6.05351
-5.47042
-5.0331
-4.59578
-4.15846
-3.72115
-3.28383
-2.84651
-2.11765
-1.68033
-1.09724
-0.51415
0.214713
0.506258
0.797803
1.23512
1.67244
2.10976
2.83862
3.27594
3.71326
3.85903
4.15057
4.44212
4.58789
5.02521
5.46253
5.75407
5.89984
6.19139
6.33716
6.48293
6.62871
6.77448
6.92025
6.92025
7.06602
7.2118
7.2118
7.35757
7.50334
7.64912
7.79489
8.08643
8.23221
8.37798
8.52375
8.52375
8.66952
8.52375
8.37798
8.08643
7.79489
7.35757
6.92025
6.48293
6.04562
5.75407
5.17098
4.15057
3.71326
3.27594
2.83862
2.54707
2.10976
1.52667
0.506258
-0.368377
-0.951468
-1.53456
-1.8261
-2.40919
-2.99228
-3.72115
-4.01269
-4.15846
-4.15846
-4.30424
-4.45001
-4.45001
-4.45001
-4.59578
-4.59578
-4.45001
-4.01269
-3.72115
-3.13806
-1.97188
-0.951468
-0.222605
0.214713
0.506258
0.797803
1.08935
1.38089
1.67244
1.96398
2.4013
2.83862
3.27594
4.0048
4.58789
4.87944
5.02521
5.17098
5.17098
5.31675
5.31675
5.31675
5.17098
5.17098
5.02521
4.87944
4.73366
4.58789
4.44212
4.29635
4.15057
4.0048
3.85903
3.71326
3.56748
3.42171
3.13016
2.98439
2.83862
2.69285
2.54707
2.54707
2.4013
2.25553
2.10976
1.96398
1.96398
1.81821
1.81821
1.67244
1.52667
1.52667
1.38089
1.38089
1.23512
1.08935
0.943576
0.652031
0.506258
0.214713
0.0689404
-0.222605
-0.368377
-0.659923
-0.951468
-1.24301
-1.68033
-2.11765
-2.84651
-3.86692
-4.45001
-5.0331
-5.47042
-5.90774
-6.34505
-6.78237
-6.92814
-7.07392
-7.21969
-7.36546
-7.36546
-7.36546
-7.21969
-7.07392
-6.92814
-6.78237
-6.49083
-6.19928
-6.05351
-5.76196
-5.47042
-5.17887
-4.88733
-4.74156
-4.45001
-4.15846
-4.01269
-3.86692
-3.72115
-3.57537
-3.4296
-3.28383
-3.13806
-2.99228
-2.84651
-2.70074
-2.55497
-2.40919
-2.40919
-2.40919
-2.55497
-2.55497
-2.70074
-2.84651
-2.99228
-2.99228
-3.13806
-3.28383
-3.28383
-3.28383
-3.4296
-3.28383
-3.4296
-3.28383
-3.28383
-3.28383
-3.13806
-2.99228
-2.99228
-2.84651
-2.70074
-2.40919
-2.40919
-2.11765
-1.97188
-1.68033
-1.38879
-0.951468
-0.805695
-0.368377
-0.0768322
0.214713
0.506258
0.797803
0.943576
1.08935
1.23512
1.38089
1.38089
1.38089
1.38089
1.38089
1.23512
1.08935
1.08935
0.797803
0.652031
0.506258
0.214713
-0.0768322
-0.222605
-0.51415
-0.805695
-1.09724
-1.38879
-1.53456
-1.8261
-1.8261
-2.11765
-2.11765
-2.11765
-2.11765
-2.11765
-2.11765
-1.97188
-1.8261
-1.8261
-1.68033
-1.53456
-1.38879
-1.24301
-1.09724
-0.951468
-0.659923
-0.51415
-0.368377
-0.0768322
0.214713
0.506258
0.797803
1.23512
1.67244
1.96398
2.4013
2.83862
3.13016
3.56748
4.0048
4.29635
4.58789
4.73366
4.87944
5.17098
5.17098
5.31675
5.46253
5.46253
5.31675
5.31675
5.17098
5.02521
4.87944
4.73366
4.58789
4.29635
4.15057
3.85903
3.56748
3.27594
2.83862
2.54707
2.25553
1.96398
1.67244
1.38089
1.08935
0.943576
0.652031
0.506258
0.214713
0.0689404
-0.0768322
-0.368377
-0.659923
-0.805695
-0.951468
-1.09724
-1.24301
-1.38879
-1.53456
-1.68033
-1.8261
-1.97188
-1.97188
-2.11765
-2.11765
-2.26342
-2.26342
-2.26342
-2.26342
-2.26342
-2.40919
-2.40919
-2.40919
-2.26342
-2.26342
-2.26342
-2.11765
-2.11765
-2.11765
-1.97188
-1.97188
-1.8261
-1.8261
-1.68033
-1.53456
-1.38879
-1.24301
-1.24301
-1.09724
-0.951468
-0.805695
-0.659923
-0.51415
-0.368377
-0.222605
-0.0768322
0.214713
0.214713
0.506258
0.652031
0.797803
0.943576
1.08935
1.23512
1.38089
1.52667
1.67244
1.96398
2.10976
2.4013
2.54707
2.83862
3.13016
3.27594
3.56748
3.85903
4.0048
4.0048
4.0048
4.0048
3.85903
3.71326
3.71326
3.56748
3.42171
3.27594
3.13016
2.83862
2.83862
2.54707
2.4013
2.25553
2.10976
1.96398
1.81821
1.67244
1.52667
1.38089
1.08935
0.943576
0.797803
0.652031
0.506258
0.214713
0.214713
-0.0768322
-0.0768322
-0.222605
-0.222605
-0.368377
-0.368377
-0.368377
-0.368377
-0.51415
-0.51415
-0.51415
-0.51415
-0.51415
-0.51415
-0.51415
-0.51415
-0.51415
-0.51415
-0.51415
-0.51415
-0.51415
-0.51415
-0.51415
-0.51415
-0.51415
-0.51415
-0.51415
-0.51415
-0.51415
-0.51415
-0.51415
-0.368377
-0.51415
-0.368377
-0.51415
-0.368377
-0.368377
-0.368377
-0.368377
-0.368377
-0.368377
-0.368377
-0.368377
-0.368377
-0.368377
-0.368377
-0.368377
-0.368377
-0.368377
-0.368377
-0.368377
-0.368377
-0.368377
-0.368377
-0.368377
-0.368377
-0.222605
-0.222605
-0.222605
-0.0768322
-0.0768322
0.0689404
0.0689404
0.214713
0.360486
0.506258
0.797803
0.943576
1.23512
1.38089
1.52667
1.52667
1.38089
0.943576
0.652031
0.652031
0.652031
0.652031
0.797803
0.797803
0.943576
1.08935
1.08935
1.08935
1.23512
1.23512
1.23512
1.23512
1.23512
1.38089
1.38089
1.38089
1.38089
1.52667
1.52667
1.67244
1.67244
1.67244
1.81821
1.96398
1.96398
2.10976
2.10976
2.25553
2.25553
2.25553
2.4013
2.4013
2.4013
2.4013
2.4013
2.4013
2.4013
2.4013
2.25553
2.25553
2.25553
2.10976
1.96398
1.96398
1.81821
1.67244
1.38089
1.23512
1.08935
0.797803
0.797803
0.652031
0.506258
0.506258
0.506258
0.506258
0.360486
0.360486
0.360486
0.360486
0.360486
0.360486
0.360486
0.360486
0.360486
0.360486
0.360486
0.360486
0.360486
0.360486
0.360486
0.214713
0.214713
0.214713
0.0689404
-0.0768322
-0.0768322
-0.222605
-0.368377
-0.368377
-0.51415
-0.659923
-0.659923
-0.805695
-0.951468
-0.951468
-1.09724
-1.09724
-1.24301
-1.24301
-1.24301
-1.24301
-1.38879
-1.38879
-1.38879
-1.38879
-1.38879
-1.38879
-1.38879
-1.38879
-1.38879
-1.24301
-1.24301
-1.24301
-1.09724
-1.09724
-0.951468
-0.805695
-0.659923
-0.51415
-0.368377
-0.0768322
0.0689404
0.214713
0.360486
0.652031
0.797803
1.08935
1.08935
1.38089
1.52667
1.67244
1.67244
1.81821
1.96398
1.96398
2.10976
2.25553
2.25553
2.25553
2.4013
2.4013
2.4013
2.54707
2.54707
2.54707
2.69285
2.83862
2.83862
2.83862
2.98439
2.98439
3.13016
3.13016
3.27594
3.27594
3.27594
3.27594
3.13016
3.13016
2.83862
2.54707
2.25553
1.81821
1.38089
0.943576
0.506258
0.214713
-0.222605
-0.659923
-0.951468
-1.24301
-1.68033
-1.8261
-2.26342
-2.40919
-2.84651
-2.99228
-3.28383
-3.57537
-3.72115
-3.86692
-4.01269
-4.01269
-4.15846
-4.15846
-4.15846
-4.15846
-4.15846
-4.15846
-4.15846
-4.15846
-4.15846
-4.01269
-4.01269
-3.86692
-3.72115
-3.57537
-3.4296
-3.28383
-3.28383
-3.13806
-2.99228
-2.84651
-2.70074
-2.70074
-2.55497
-2.40919
-2.26342
-2.11765
-2.11765
-1.97188
-1.8261
-1.8261
-1.68033
-1.53456
-1.38879
-1.24301
-1.24301
-1.09724
-1.09724
-0.951468
-0.805695
-0.805695
-0.659923
-0.659923
-0.659923
-0.51415
-0.51415
-0.51415
-0.51415
-0.368377
-0.368377
-0.368377
-0.368377
-0.368377
-0.368377
-0.368377
-0.368377
-0.51415
-0.51415
-0.51415
-0.659923
-0.805695
-0.951468
-1.24301
-1.68033
-2.11765
-2.40919
-2.55497
-2.70074
-2.84651
-2.99228
-3.13806
-3.13806
-3.28383
-3.28383
-3.28383
-3.4296
-3.4296
-3.4296
-3.4296
-3.4296
-3.4296
-3.4296
-3.57537
-3.4296
-3.57537
-3.4296
-3.4296
-3.4296
-3.4296
-3.4296
-3.4296
-3.4296
-3.4296
-3.28383
-3.28383
-3.28383
-3.13806
-3.13806
-2.99228
-2.99228
-2.84651
-2.70074
-2.55497
-2.55497
-2.40919
-2.26342
-2.11765
-1.97188
-1.8261
-1.68033
-1.53456
-1.38879
-1.24301
-1.09724
-0.951468
-0.659923
-0.51415
-0.368377
-0.0768322
0.0689404
0.214713
0.360486
0.652031
0.943576
1.08935
1.23512
1.52667
1.81821
1.96398
2.10976
2.4013
2.54707
2.69285
2.83862
2.98439
3.13016
3.27594
3.27594
3.42171
3.42171
3.42171
3.42171
3.42171
3.42171
3.42171
3.42171
3.27594
3.13016
2.98439
2.83862
2.69285
2.54707
2.54707
2.4013
2.4013
2.4013
2.4013
2.4013
2.25553
2.25553
2.25553
2.25553
2.25553
2.25553
2.25553
2.25553
2.25553
2.25553
2.25553
2.25553
2.25553
2.25553
2.25553
2.25553
2.25553
2.4013
2.25553
2.4013
2.25553
2.4013
2.25553
2.4013
2.4013
2.4013
2.4013
2.4013
2.4013
2.4013
2.4013
2.4013
2.4013
2.4013
2.4013
2.4013
2.4013
2.4013
2.54707
2.54707
2.54707
2.54707
2.54707
2.69285
2.69285
2.69285
2.83862
2.83862
2.83862
2.98439
3.13016
3.13016
3.13016
3.27594
3.27594
3.27594
3.27594
3.27594
3.42171
3.42171
3.42171
3.42171
3.42171
3.42171
3.42171
3.42171
3.42171
3.42171
3.42171
3.27594
3.27594
3.27594
3.27594
3.27594
3.27594
3.27594
3.27594
3.27594
3.27594
3.27594
3.27594
3.27594
3.13016
3.13016
3.13016
3.13016
2.98439
2.83862
2.83862
2.54707
2.4013
2.10976
1.96398
1.67244
1.38089
0.943576
0.214713
-0.51415
-0.951468
-1.09724
-1.24301
-1.38879
-1.53456
-1.68033
-1.8261
-1.8261
-1.97188
-2.11765
-2.11765
-2.26342
-2.40919
-2.40919
-2.40919
-2.40919
-2.40919
-2.40919
-2.40919
-2.26342
-2.26342
-2.26342
-2.11765
-2.11765
-1.97188
-1.8261
-1.68033
-1.53456
-1.24301
-1.09724
-0.805695
-0.51415
-0.368377
-0.0768322
0.214713
0.360486
0.506258
0.652031
0.797803
0.943576
1.08935
1.38089
1.52667
1.67244
1.96398
2.10976
2.4013
2.69285
2.98439
3.27594
3.71326
4.0048
4.44212
4.73366
5.02521
5.31675
5.46253
5.75407
5.89984
6.04562
6.19139
6.33716
6.33716
6.33716
6.33716
6.19139
6.04562
5.75407
5.46253
5.02521
4.58789
4.15057
3.42171
2.69285
1.96398
0.943576
0.214713
-0.51415
-1.24301
-1.97188
-2.99228
-4.59578
-5.61619
-6.34505
-6.78237
-7.21969
-7.65701
-7.94855
-8.2401
-8.53164
-8.82319
-9.26051
-9.40628
-9.8436
-9.98937
-10.4267
-10.5725
-10.4267
-10.2809
-9.98937
-9.69782
-9.55205
-9.26051
-8.96896
-8.67742
-8.38587
-8.09432
-7.80278
-7.36546
-6.92814
-6.49083
-5.76196
-4.74156
-3.13806
-1.8261
-0.805695
-0.0768322
0.360486
0.797803
1.08935
1.38089
1.67244
1.96398
2.10976
2.25553
2.4013
2.69285
2.83862
2.98439
3.13016
3.13016
3.27594
3.42171
3.42171
3.42171
3.56748
3.56748
3.56748
3.71326
3.71326
3.71326
3.85903
3.85903
4.0048
4.0048
4.15057
4.29635
4.15057
4.0048
3.85903
3.71326
3.42171
3.27594
3.13016
2.83862
2.69285
2.25553
1.96398
1.52667
1.08935
0.797803
0.506258
0.214713
-0.222605
-0.368377
-0.805695
-1.24301
-1.53456
-2.11765
-2.55497
-3.13806
-3.72115
-4.45001
-5.17887
-5.90774
-6.49083
-7.07392
-7.36546
-7.65701
-8.09432
-8.53164
-8.67742
-9.11473
-9.26051
-9.55205
-9.69782
-9.98937
-10.1351
-10.2809
-10.4267
-10.864
-10.4267
-10.1351
-9.69782
-9.26051
-8.82319
-8.2401
-7.80278
-7.07392
-6.05351
-5.0331
-3.4296
-2.11765
-0.805695
0.214713
1.08935
1.96398
2.69285
3.42171
3.85903
4.29635
4.87944
5.46253
5.89984
6.62871
7.35757
7.94066
8.37798
8.66952
8.96107
9.25261
9.39839
9.68993
9.8357
9.98148
10.1272
10.273
10.273
10.4188
10.4188
10.4188
10.4188
10.4188
10.273
10.273
10.1272
9.98148
9.8357
9.54416
9.10684
8.66952
8.23221
7.79489
7.2118
6.62871
6.04562
5.46253
4.87944
4.29635
3.42171
2.54707
1.81821
0.506258
-1.09724
-2.70074
-3.57537
-4.45001
-5.32465
-6.19928
-6.78237
-7.36546
-7.94855
-8.2401
-8.53164
-8.82319
-8.96896
-9.11473
-9.26051
-9.40628
-9.55205
-9.69782
-9.8436
-9.8436
-9.98937
-9.98937
-10.1351
-10.2809
-10.2809
-10.4267
-10.4267
-10.5725
-10.1351
-9.69782
-9.40628
-9.11473
-8.67742
-8.2401
-7.36546
-6.49083
-5.76196
-5.0331
-4.45001
-3.86692
-3.13806
-2.40919
-1.68033
-0.951468
-0.222605
0.214713
0.943576
1.67244
2.69285
3.71326
4.29635
4.73366
5.02521
5.31675
5.6083
5.75407
6.04562
6.19139
6.48293
6.62871
6.92025
7.2118
7.35757
7.50334
7.64912
7.79489
7.94066
8.08643
8.23221
8.23221
8.23221
8.37798
8.37798
8.37798
8.37798
8.23221
8.23221
8.08643
8.08643
7.79489
7.64912
7.50334
7.06602
6.77448
6.48293
6.04562
5.6083
4.87944
4.29635
3.42171
2.25553
1.08935
-0.0768322
-0.951468
-1.97188
-2.99228
-3.72115
-4.45001
-5.17887
-5.90774
-6.49083
-7.07392
-7.51123
-7.94855
-8.2401
-8.67742
-9.11473
-9.40628
-9.8436
-10.2809
-10.5725
-10.864
-11.3013
-11.5929
-11.7386
-11.4471
-11.3013
-10.864
-10.7182
-10.2809
-10.1351
-9.69782
-9.40628
-9.11473
-8.67742
-7.94855
-7.21969
-6.49083
-5.61619
-4.74156
-4.01269
-3.28383
-2.70074
-2.11765
-1.53456
-0.951468
-0.51415
0.214713
0.797803
1.38089
2.10976
2.83862
3.27594
4.0048
4.44212
4.87944
5.31675
5.75407
5.89984
6.19139
6.33716
6.48293
6.62871
6.77448
6.92025
7.06602
7.2118
7.35757
7.50334
7.79489
7.94066
8.08643
8.23221
8.37798
8.37798
8.37798
8.23221
8.23221
8.08643
7.94066
7.64912
7.50334
7.2118
6.92025
6.48293
6.04562
5.75407
5.17098
4.44212
3.42171
2.10976
0.506258
-0.805695
-2.11765
-3.13806
-4.15846
-4.88733
-5.61619
-6.19928
-6.49083
-7.07392
-7.36546
-7.80278
-8.09432
-8.53164
-9.11473
-9.69782
-10.2809
-10.7182
-11.3013
-11.8844
-12.3217
-12.9048
-13.4879
-13.9252
-14.3625
-14.9456
-15.2372
-15.6745
-15.2372
-14.7999
-14.3625
-13.7795
-13.3421
-12.9048
-12.3217
-11.8844
-11.4471
-10.7182
-9.98937
-9.11473
-8.2401
-7.21969
-6.19928
-5.17887
-4.45001
-3.4296
-2.40919
-1.68033
-0.951468
-0.51415
-0.0768322
0.506258
1.08935
1.52667
2.25553
2.83862
3.42171
4.0048
4.58789
5.31675
5.89984
6.48293
6.92025
7.50334
7.94066
8.37798
8.8153
9.10684
9.54416
9.8357
10.1272
10.273
10.4188
10.4188
10.4188
10.273
10.1272
9.98148
9.68993
9.39839
8.96107
8.52375
7.79489
7.35757
6.62871
6.04562
5.17098
4.58789
4.0048
3.13016
2.4013
1.67244
0.797803
0.214713
-0.659923
-1.38879
-2.11765
-2.84651
-3.57537
-4.30424
-5.0331
-5.61619
-6.19928
-6.92814
-7.65701
-8.38587
-9.11473
-9.69782
-10.2809
-11.0098
-11.7386
-12.176
-12.9048
-13.3421
-13.7795
-14.2168
-14.6541
-15.2372
-15.5287
-16.1118
-16.4034
-16.9865
-17.278
-17.8611
-18.1526
-18.7357
-18.1526
-18.1526
-17.5695
-17.278
-16.6949
-16.2576
-15.8203
-15.2372
-14.6541
-14.071
-13.1964
-12.4675
-11.4471
-10.2809
-9.11473
-7.80278
-6.49083
-5.0331
-3.57537
-1.97188
-0.659923
0.943576
2.25553
3.85903
5.17098
6.19139
7.2118
7.94066
8.66952
9.39839
9.98148
10.5646
11.0019
11.4392
11.8765
12.1681
12.4596
12.7512
13.0427
13.1885
13.1885
13.3342
13.3342
13.1885
13.0427
12.8969
12.7512
12.4596
12.1681
11.8765
11.2934
11.0019
10.4188
9.98148
9.54416
8.96107
8.37798
7.79489
7.2118
6.62871
6.04562
5.31675
4.58789
3.85903
3.13016
2.4013
1.67244
0.943576
0.214713
-0.222605
-0.659923
-1.24301
-1.68033
-2.11765
-2.55497
-2.99228
-3.28383
-3.72115
-4.15846
-4.59578
-5.0331
-5.47042
-5.90774
-5.47042
-5.47042
-5.0331
-4.74156
-4.30424
-3.86692
-3.57537
-3.28383
-2.84651
-2.40919
-2.11765
-1.68033
-1.38879
-0.951468
-0.51415
-0.0768322
0.360486
0.797803
1.23512
1.67244
2.10976
2.54707
2.83862
3.42171
3.85903
4.29635
4.58789
5.17098
5.46253
5.75407
6.19139
6.62871
6.77448
7.2118
7.50334
7.79489
7.94066
8.23221
8.52375
8.66952
8.96107
9.25261
9.39839
9.68993
9.8357
10.1272
10.273
10.4188
10.5646
10.7103
10.8561
11.0019
11.0019
11.0019
11.0019
11.0019
10.8561
10.7103
10.4188
10.1272
9.8357
9.39839
8.96107
8.66952
8.23221
7.79489
7.2118
6.62871
6.19139
5.75407
5.02521
4.0048
2.10976
1.08935
0.652031
0.214713
-0.0768322
-0.368377
-0.659923
-0.951468
-1.09724
-1.38879
-1.68033
-1.97188
-2.26342
-2.40919
-2.84651
-2.55497
-2.26342
-2.11765
-1.8261
-1.53456
-1.38879
-1.24301
-0.805695
-0.659923
-0.368377
-0.0768322
0.214713
0.360486
0.652031
0.797803
0.943576
1.08935
1.23512
1.38089
1.52667
1.67244
1.81821
1.96398
2.10976
2.25553
2.4013
2.54707
2.69285
2.83862
2.98439
3.13016
3.27594
3.42171
3.56748
3.71326
3.71326
3.85903
4.0048
4.0048
4.15057
4.29635
4.29635
4.44212
4.44212
4.58789
4.58789
4.58789
4.73366
4.87944
5.02521
5.02521
5.17098
5.31675
5.46253
5.75407
5.75407
6.04562
6.04562
6.19139
6.33716
6.33716
6.33716
6.19139
6.04562
5.89984
5.75407
5.46253
5.31675
5.02521
4.73366
4.58789
4.15057
4.0048
3.56748
3.42171
2.98439
2.83862
2.54707
2.25553
1.96398
1.67244
1.38089
1.23512
1.08935
0.797803
0.652031
0.652031
0.506258
0.360486
0.360486
0.360486
0.360486
0.360486
0.360486
0.506258
0.506258
0.652031
0.797803
0.797803
0.943576
1.08935
1.08935
1.23512
1.23512
1.23512
1.23512
1.38089
1.38089
1.38089
1.38089
1.38089
1.38089
1.38089
1.23512
1.23512
1.08935
1.08935
0.943576
0.797803
0.797803
0.652031
0.506258
0.506258
0.360486
0.360486
0.360486
0.360486
0.360486
0.360486
0.360486
0.506258
0.506258
0.797803
0.943576
1.08935
1.52667
1.81821
2.10976
2.4013
2.69285
2.98439
3.13016
3.27594
3.42171
3.42171
3.42171
3.42171
3.42171
3.42171
3.27594
3.13016
2.83862
2.69285
2.54707
2.25553
2.10976
1.81821
1.52667
1.23512
0.943576
0.797803
0.360486
0.0689404
-0.222605
-0.51415
-0.805695
-1.24301
-1.53456
-1.8261
-2.11765
-2.40919
-2.55497
-2.84651
-2.99228
-2.99228
-3.13806
-3.28383
-3.28383
-3.28383
-3.28383
-3.28383
-3.28383
-3.28383
-3.13806
-2.99228
-2.99228
-2.84651
-2.70074
-2.55497
-2.40919
-2.11765
-1.97188
-1.8261
-1.8261
-1.68033
-1.53456
-1.53456
-1.38879
-1.38879
-1.38879
-1.24301
-1.24301
-1.24301
-1.24301
-1.24301
-1.24301
-1.24301
-1.09724
-1.09724
-1.09724
-1.09724
-0.951468
-0.951468
-0.951468
-0.805695
-0.805695
-0.659923
-0.659923
-0.659923
-0.659923
-0.51415
-0.51415
-0.51415
-0.51415
-0.51415
-0.51415
-0.51415
-0.51415
-0.51415
-0.51415
-0.659923
-0.659923
-0.659923
-0.805695
-0.951468
-1.24301
-1.53456
-1.97188
-2.11765
-2.40919
-2.70074
-2.84651
-2.99228
-3.13806
-3.28383
-3.4296
-3.57537
-3.72115
-3.72115
-3.86692
-3.86692
-3.86692
-4.01269
-4.01269
-4.01269
-4.01269
-4.01269
-4.01269
-4.15846
-4.01269
-4.01269
-4.01269
-3.86692
-3.86692
-3.72115
-3.57537
-3.4296
-3.13806
-2.99228
-2.84651
-2.55497
-2.40919
-2.26342
-2.11765
-1.97188
-1.8261
-1.8261
-1.68033
-1.53456
-1.38879
-1.24301
-1.24301
-1.09724
-1.09724
-0.951468
-0.951468
-0.805695
-0.805695
-0.659923
-0.659923
-0.659923
-0.51415
-0.51415
-0.51415
-0.368377
-0.368377
-0.368377
-0.368377
-0.368377
-0.368377
-0.368377
-0.368377
-0.368377
-0.368377
-0.368377
-0.222605
-0.222605
-0.222605
-0.0768322
-0.0768322
-0.0768322
0.0689404
0.214713
0.360486
0.360486
0.214713
0.0689404
-0.0768322
-0.222605
-0.368377
-0.659923
-0.805695
-0.951468
-1.09724
-1.24301
-1.53456
-1.68033
-1.8261
-2.11765
-2.26342
-2.40919
-2.70074
-2.99228
-3.13806
-3.28383
-3.57537
-3.86692
-4.01269
-4.15846
-4.15846
-4.15846
-4.15846
-4.15846
-4.15846
-4.15846
-4.01269
-3.86692
-3.72115
-3.57537
-3.4296
-2.99228
-2.70074
-2.11765
-1.68033
-1.38879
-1.09724
-0.951468
-0.659923
-0.51415
-0.368377
-0.0768322
0.0689404
0.214713
0.360486
0.506258
0.506258
0.652031
0.652031
0.797803
0.943576
0.943576
1.08935
1.08935
1.08935
1.23512
1.23512
1.23512
1.23512
1.38089
1.38089
1.38089
1.52667
1.67244
1.67244
1.81821
1.96398
2.25553
2.69285
3.13016
3.71326
4.29635
4.58789
4.87944
5.02521
5.17098
5.17098
5.31675
5.31675
5.31675
5.31675
5.17098
5.02521
5.02521
4.87944
4.73366
4.58789
4.29635
4.15057
4.0048
3.85903
3.56748
3.27594
3.13016
2.83862
2.54707
2.25553
1.96398
1.67244
1.38089
0.943576
0.506258
0.0689404
-0.368377
-0.805695
-1.24301
-1.53456
-1.8261
-2.26342
-2.70074
-2.99228
-3.28383
-3.57537
-3.72115
-3.86692
-4.15846
-3.86692
-3.57537
-3.13806
-2.70074
-2.40919
-2.11765
-1.68033
-1.24301
-0.805695
-0.368377
-0.0768322
0.214713
0.506258
0.797803
1.08935
1.38089
1.52667
1.67244
1.81821
1.96398
2.10976
2.25553
2.25553
2.4013
2.4013
2.54707
2.54707
2.54707
2.69285
2.69285
2.69285
2.83862
2.98439
2.98439
3.13016
3.13016
3.27594
3.42171
3.42171
3.42171
3.27594
3.13016
2.98439
2.83862
2.54707
2.25553
2.10976
1.81821
1.52667
1.08935
0.652031
0.214713
-0.222605
-0.951468
-1.38879
-1.8261
-2.40919
-2.84651
-3.28383
-3.57537
-4.15846
-4.45001
-4.88733
-5.17887
-5.61619
-5.90774
-6.19928
-6.49083
-6.92814
-7.07392
-7.51123
-7.80278
-8.09432
-8.38587
-8.67742
-8.82319
-9.11473
-9.40628
-9.55205
-9.69782
-9.8436
-9.98937
-9.98937
-9.98937
-10.1351
-10.1351
-10.1351
-9.98937
-9.98937
-9.8436
-9.69782
-9.55205
-9.26051
-8.82319
-8.09432
-7.36546
-6.34505
-5.32465
-4.30424
-3.28383
-2.55497
-1.53456
-0.805695
0.214713
1.08935
1.96398
2.98439
4.0048
4.58789
5.17098
5.6083
5.89984
6.33716
6.62871
6.77448
7.2118
7.35757
7.64912
7.79489
8.08643
8.23221
8.37798
8.52375
8.52375
8.66952
8.66952
8.52375
8.37798
8.23221
7.94066
7.64912
7.2118
6.92025
6.33716
5.89984
5.46253
4.73366
4.29635
3.56748
2.83862
2.10976
1.38089
0.797803
-0.0768322
-0.659923
-1.53456
-2.11765
-2.99228
-3.72115
-4.45001
-5.17887
-5.90774
-6.6366
-7.36546
-8.09432
-8.53164
-9.40628
-9.98937
-10.7182
-11.4471
-12.4675
-13.1964
-14.2168
-15.2372
-15.966
-16.4034
-17.1322
-17.7153
-18.2984
-18.7357
-19.4646
-20.0477
-20.485
-21.3596
-20.485
-20.1935
-19.7561
-19.3188
-18.7357
-18.1526
-17.7153
-16.9865
-16.2576
-15.2372
-13.9252
-12.6133
-10.7182
-8.82319
-6.92814
-5.0331
-3.4296
-1.8261
-0.222605
1.08935
2.54707
3.71326
4.58789
5.46253
6.19139
6.92025
7.50334
8.08643
8.8153
9.54416
10.273
11.0019
11.585
12.1681
12.7512
13.3342
13.6258
13.9173
14.2089
14.5004
14.5004
14.6462
14.6462
14.6462
14.5004
14.3547
14.0631
13.6258
13.1885
12.4596
12.0223
11.2934
10.7103
10.1272
9.54416
8.96107
8.23221
7.50334
6.92025
6.33716
5.46253
4.58789
3.85903
2.83862
2.10976
1.08935
0.360486
-0.368377
-1.09724
-1.8261
-2.55497
-3.28383
-4.01269
-4.74156
-5.32465
-5.90774
-6.6366
-7.07392
-7.80278
-8.2401
-8.82319
-9.40628
-9.8436
-10.2809
-10.864
-10.2809
-10.1351
-9.8436
-9.40628
-9.11473
-8.67742
-8.2401
-7.80278
-7.36546
-6.92814
-6.49083
-5.76196
-5.0331
-4.15846
-3.28383
-2.26342
-1.24301
-0.368377
0.506258
1.23512
1.96398
2.54707
3.13016
3.56748
4.0048
4.44212
4.87944
5.31675
5.75407
6.04562
6.48293
6.77448
7.2118
7.50334
7.94066
8.23221
8.66952
8.96107
9.25261
