500
6394
16,9119
16,8455
16,3024
15,1831
13,6869
11,9359
9,9909
7,89076
5,85158
3,97309
2,15555
0,598457
-0,659411
-1,6513
-2,42153
-2,97012
-3,29151
-3,55195
-3,79577
-4,14487
-4,62142
-5,28637
-6,08431
-7,00416
-7,99051
-8,90482
-9,63072
-10,2126
-10,473
-10,3345
-9,94103
-9,22621
-8,30636
-7,34218
-6,46112
-5,72967
-5,17
-4,90402
-4,8874
-5,20325
-5,69642
-6,1231
-6,48882
-6,80468
-6,88779
-6,6329
-6,06769
-5,27529
-4,13933
-2,96458
-1,71225
-0,531962
0,543044
1,41302
1,91174
2,10014
2,03919
1,76212
1,31328
0,814566
0,188403
-0,376806
-0,78686
-1,12488
-1,44073
-1,57372
-1,69563
-1,92282
-2,12785
-2,39937
-2,78172
-3,24718
-3,70711
-4,11716
-4,61587
-5,03147
-5,43598
-5,80725
-6,2838
-6,78805
-7,4253
-8,09579
-8,83832
-9,62518
-10,3954
-10,9495
-11,3984
-11,4981
-11,2155
-10,6226
-9,67505
-8,43381
-6,97091
-5,27529
-3,66278
-2,01148
-0,537503
0,764695
1,90065
2,70968
3,15852
3,24718
3,03107
2,46032
1,5848
0,559668
-0,648328
-1,92836
-3,11973
-4,08391
-4,74332
-5,12013
-5,10351
-4,74332
-4,12824
-3,30259
-2,40491
-1,61251
-0,925392
-0,410054
-0,0942015
0,0221651
-0,0443301
-0,315852
-0,559668
-0,842273
-1,17475
-1,49614
-1,80091
-2,12785
-2,51019
-2,91471
-3,24718
-3,55195
-3,66278
-3,67386
-3,40234
-2,89254
-2,10014
-1,08609
0,0387889
1,19137
2,32733
3,25826
3,96755
4,5383
4,90402
5,03701
5,03147
5,04255
5,01485
5,05364
5,10905
5,22541
5,36395
5,43598
5,41382
5,32516
5,09797
4,86523
4,60479
4,4441
4,38868
4,4718
4,63804
5,05364
5,62993
6,17851
6,87117
7,44746
7,82427
8,10133
8,13458
8,06254
7,77994
7,3311
6,87671
6,29488
5,69088
5,05918
4,41085
3,82902
3,39126
2,78726
2,14447
1,61251
1,06392
0,493173
-0,110825
-0,670493
-1,19137
-1,60697
-1,97269
-2,16109
-2,22759
-2,21651
-2,08352
-2,01148
-1,92836
-1,92282
-2,03364
-2,22759
-2,49911
-2,84821
-3,22502
-3,47992
-3,56303
-3,46329
-3,06432
-2,43816
-1,71779
-0,975263
-0,177321
0,565209
0,980804
1,11379
0,914309
0,415595
-0,288146
-1,32436
-2,59331
-3,89551
-5,18663
-6,52207
-7,8963
-9,19296
-10,3788
-11,5203
-12,5288
-13,4597
-14,169
-14,7121
-15,0335
-15,0556
-14,834
-14,2909
-13,5706
-12,5787
-11,3707
-10,0408
-8,5003
-6,79913
-5,06472
-3,20285
-1,39086
0,376806
2,06689
3,50762
4,74887
5,70196
6,26163
6,40016
6,30042
6,01227
5,62439
5,24204
4,86523
4,68791
4,73778
4,95943
5,28637
5,62993
5,95132
5,92916
5,6133
5,02593
4,06175
2,78726
1,3022
-0,227192
-1,72888
-3,09203
-4,11716
-4,89848
-5,27529
-5,4249
-5,41936
-5,28637
-5,1423
-5,10905
-5,21433
-5,45261
-5,75738
-6,11202
-6,43895
-6,58302
-6,43895
-5,98457
-5,13675
-3,76806
-2,16109
-0,338017
1,78429
3,89551
5,86266
7,58599
8,95469
9,82467
10,207
10,1017
9,54206
8,69979
7,57491
6,30596
4,99268
3,75144
2,60994
1,52385
0,587374
-0,404512
-1,54601
-2,97012
-4,62696
-6,52761
-8,69979
-11,0327
-13,4043
-15,5765
-17,3386
-18,4635
-18,7794
-18,325
-16,9009
-14,7509
-12,1077
-9,17634
-6,22284
-3,68494
-1,60143
-0,221651
0,249357
0,0387889
-0,670493
-1,76212
-2,98674
-3,97863
-4,53276
-4,62142
-4,32773
-3,56858
-2,49911
-1,57372
-0,847814
-0,57075
-0,864438
-1,76766
-3,31922
-5,26974
-7,38651
-9,39799
-11,1047
-12,3293
-12,8225
-12,5454
-11,5314
-9,88562
-7,77994
-5,48031
-3,15298
-0,842273
1,08609
2,64318
3,82347
4,5383
4,99268
5,31962
5,41382
5,46369
5,57451
5,75183
5,91253
6,06215
6,16743
6,02336
5,50802
4,72116
3,64615
2,1888
0,421136
-1,46289
-3,44667
-5,31407
-6,96537
-8,4061
-9,46448
-10,1294
-10,5672
-10,7667
-10,7334
-10,4952
-10,1405
-9,69168
-8,99902
-8,09025
-6,982
-5,55235
-3,93984
-2,11676
-0,105284
1,97823
4,03404
6,03998
7,82427
9,3592
10,7168
11,9414
12,9278
13,6315
14,1413
14,3907
14,2577
13,77
12,8779
11,4427
9,53652
7,23689
4,61587
1,82308
-0,925392
-3,491
-5,79062
-7,70236
-9,09876
-10,0519
-10,5949
-10,7778
-10,7445
-10,6669
-10,5727
-10,6392
-10,9274
-11,4206
-12,1021
-13,0331
-14,0527
-15,1055
-16,0974
-16,8953
-17,394
-17,5769
-17,2998
-16,5961
-15,4601
-13,9862
-12,2019
-10,2126
-8,19553
-6,10648
-4,10054
-2,22205
-0,520879
0,997428
2,31071
3,50208
4,4718
5,3584
6,13418
6,67723
7,15378
7,63587
7,94618
8,17337
8,5003
8,74412
8,96023
9,09322
9,14309
9,07105
8,71087
7,92401
6,69939
5,04255
2,89254
0,254898
-2,80388
-6,12864
-9,60856
-13,0441
-16,2747
-19,1562
-21,4724
-23,096
-23,966
-23,8718
-23,0073
-21,4336
-19,1728
-16,4077
-13,3545
-10,2569
-7,3588
-4,97606
-3,14744
-2,0281
-1,64021
-1,86187
-2,57115
-3,71265
-4,94835
-6,00673
-6,78805
-7,24798
-7,14823
-6,5664
-5,71305
-4,64358
-3,54641
-2,59885
-1,95053
-1,71779
-1,96161
-2,59331
-3,5187
-4,7267
-6,06215
-7,40313
-8,64992
-9,70276
-10,473
-11,0548
-11,3374
-11,5868
-11,4538
-11,0881
-10,5395
-9,81912
-8,93806
-7,82981
-6,59965
-5,23096
-3,9343
-2,74293
-1,71779
-1,01959
-0,670493
-0,603998
-0,864438
-1,3964
-2,10568
-2,77617
-3,50762
-4,25015
-4,80982
-5,38611
-5,94024
-6,46666
-7,14823
-7,97388
-8,87711
-9,85237
-10,8276
-11,6311
-12,1243
-12,2517
-11,886
-11,0216
-9,77479
-8,30636
-6,64398
-4,95389
-3,62399
-2,80388
-2,42153
-2,67643
-3,36355
-4,45518
-5,75183
-7,23135
-8,37839
-9,29825
-9,89116
-10,1184
-9,94657
-9,5476
-9,00456
-8,46151
-8,07917
-7,93509
-7,92401
-8,11241
-8,46151
-8,92698
-9,33703
-9,65289
-9,75817
-9,55314
-9,18742
-8,64438
-7,90185
-7,14269
-6,43341
-5,79616
-5,40828
-5,37503
-5,69642
-6,23947
-7,05403
-8,18445
-9,32595
-10,3123
-11,0992
-11,4926
-11,4206
-10,8553
-9,75263
-8,09579
-6,2173
-4,24461
-2,32179
-0,609539
0,620622
1,32436
1,46289
1,08055
0,299228
-0,814566
-2,03364
-3,21393
-4,20028
-4,7267
-4,80428
-4,4441
-3,61291
-2,38274
-0,869979
0,764695
2,33287
3,76252
4,84307
5,53573
5,76292
5,53573
5,04809
4,30002
3,40788
2,66535
2,05581
1,78983
1,78983
2,16109
2,78726
3,50208
4,2834
4,86523
5,29745
5,48585
5,35286
5,04255
4,56046
3,96201
3,34692
2,81496
2,34396
1,98377
1,68455
1,38532
1,08609
0,648328
0,116367
-0,504255
-1,25787
-2,21651
-3,28597
-4,37206
-5,48585
-6,65506
-7,86306
-9,05443
-10,1294
-11,1158
-11,9414
-12,5898
-12,9832
-13,0608
-12,7726
-12,0966
-11,0493
-9,68613
-8,0293
-6,06769
-4,00634
-1,75104
0,459925
2,56561
4,51613
6,26717
7,63032
8,69425
9,34258
9,48111
9,265
8,68871
7,66357
6,48328
5,08688
3,5852
2,06135
0,653869
-0,565209
-1,54047
-2,24975
-2,70968
-2,93687
-2,92579
-2,73184
-2,40491
-1,96715
-1,54601
-1,09717
-0,615081
-0,193944
0,166238
0,543044
0,736988
0,792401
0,626163
0,221651
-0,537503
-1,52939
-2,78726
-4,22245
-5,69642
-6,99308
-7,88522
-8,23986
-7,91293
-6,77143
-4,73778
-1,94498
1,43519
5,39165
9,5476
13,6094
17,5547
21,0679
23,9937
26,2379
27,7895
28,737
29,0529
28,7592
27,8892
26,7089
25,1906
23,3176
21,3505
19,2504
17,1447
15,111
13,2159
11,4316
9,76371
8,22324
6,76035
5,28637
3,76252
2,10568
0,277063
-1,6513
-3,54641
-5,44706
-7,19811
-8,53909
-9,43678
-9,79696
-9,59747
-8,81061
-7,63032
-6,1231
-4,53276
-2,9535
-1,71779
-0,908768
-0,687117
-1,01405
-1,97823
-3,46883
-5,3584
-7,38097
-9,33149
-11,343
-13,0164
-14,1746
-14,8783
-14,9725
-14,5292
-13,5983
-12,2628
-10,6171
-8,68316
-6,59965
-4,57154
-2,52682
-0,603998
1,24678
2,97566
4,56046
5,98457
7,37543
8,63329
9,73601
10,7334
11,6311
12,2961
12,7061
12,9444
12,8557
12,5842
12,1465
11,5369
10,883
10,2126
9,49773
8,86603
8,21216
7,63032
6,90442
6,03998
5,17554
4,12824
2,93687
1,69563
0,520879
-0,509797
-1,24678
-1,59034
-1,44073
-1,01959
-0,221651
0,936474
2,283
3,71819
5,07026
6,36137
7,63032
8,79399
10,002
11,2432
12,6341
14,2078
15,9256
17,7154
19,5163
21,1787
22,6582
23,7776
24,4702
24,7805
24,714
24,3649
23,761
23,024
22,3202
21,5666
20,8019
20,0372
19,1506
18,0257
16,6681
15,0279
12,9887
10,6614
8,19553
5,5856
2,99783
0,703741
-1,25787
-2,68751
-3,61845
-3,9343
-3,63507
-2,87592
-1,72333
-0,26044
1,35207
2,95904
4,48288
5,80725
6,94875
7,91847
8,70533
9,33149
9,81358
10,1627
10,5062
10,8387
10,9772
10,9772
10,8443
10,4287
9,71384
8,78291
7,65249
6,30042
4,94281
3,55195
2,19988
0,969722
-0,0166238
-0,853355
-1,60143
-2,23313
-2,79834
-3,40788
-4,1892
-5,14784
-6,1231
-7,29231
-8,57234
-9,86345
-11,149
-12,3238
-13,2769
-14,0527
-14,568
-14,7786
-14,6622
-14,2355
-13,6204
-12,6507
-11,476
-9,98536
-8,34515
-6,52207
-4,4718
-2,26084
0,0554127
2,39383
4,7267
6,88225
8,8494
10,5173
11,7419
12,6008
13,0552
13,1716
12,889
12,3903
11,8528
11,3042
10,7334
10,1627
9,63072
8,89927
7,79656
6,33367
4,43855
1,97823
-0,953098
-4,25015
-7,79656
-11,1324
-14,1081
-16,4465
-18,1199
-19,0841
-19,2171
-18,8292
-18,0313
-17,2001
-16,4797
-16,2193
-16,3412
-16,9563
-18,0257
-19,3169
-20,475
-21,4558
-22,0487
-22,0321
-21,3616
-20,0594
-18,1255
-15,8148
-13,0497
-10,0796
-7,10944
-4,20028
-1,3299
1,41302
3,97863
6,2838
8,30082
9,98536
11,1601
11,9137
12,091
11,7752
10,944
9,51435
7,63032
5,36395
2,84821
0,265981
-2,46032
-5,21433
-7,92401
-10,5118
-12,8059
-14,7952
-16,4631
-17,7431
-18,53
-18,7627
-18,5577
-17,865
-16,7402
-15,3493
-13,7146
-12,1187
-10,6503
-9,36474
-8,37285
-7,65803
-7,25352
-7,16486
-7,36988
-7,73561
-8,22878
-8,661
-8,99348
-9,20404
-9,12092
-8,76074
-8,057
-7,0762
-5,88483
-4,49397
-2,99783
-1,57372
-0,376806
0,465466
0,975263
1,11934
0,936474
0,432219
-0,254898
-1,02513
-1,82862
-2,47695
-2,92025
-3,28043
-3,491
-3,66278
-3,82902
-4,03404
-4,38314
-4,8874
-5,50802
-6,15081
-6,94321
-7,75777
-8,53355
-9,16525
-9,74709
-10,2236
-10,606
-10,7778
-10,811
-10,5672
-10,0851
-9,3592
-8,29528
-6,89334
-5,15338
-3,13082
-0,947557
1,3964
3,87335
6,36137
8,80507
11,1878
13,5429
15,9311
18,2031
20,475
22,8522
25,0964
27,1799
29,1526
30,7707
32,0064
32,8597
33,1423
32,8597
32,1449
31,0256
29,5405
27,9335
26,1049
24,3317
22,6028
20,9682
19,4665
18,0479
16,7346
15,643
14,6511
13,9585
13,6038
13,5872
13,9972
14,8506
16,0974
17,6877
19,4886
21,3117
23,0683
24,5478
25,6893
26,3044
26,4651
26,2601
25,7059
24,847
23,9272
23,024
22,3202
21,8326
21,6608
21,7772
22,2648
23,1847
24,4093
25,7946
27,3184
28,8811
30,4049
31,6628
32,5882
32,9982
32,8265
32,0895
30,8205
28,9697
26,6369
23,9771
21,1732
18,4358
15,7039
13,2104
11,0216
9,27054
7,83535
6,73264
5,91807
5,34178
4,83198
4,44964
4,07837
3,66278
3,25272
2,9535
2,80388
2,94241
3,35247
4,31665
5,80171
7,85752
10,4231
13,2048
16,2137
19,2891
22,0542
24,2375
25,7891
26,4928
26,4152
25,4787
23,9383
21,8437
19,4609
17,0394
14,7564
12,7892
11,2266
10,0242
9,23175
8,87157
8,66654
8,47814
8,33961
8,06254
7,58599
6,90996
6,07323
5,00376
3,85672
2,70968
1,60697
0,576292
-0,26044
-0,853355
-1,29112
-1,47398
-1,40748
-1,10271
-0,659411
0,0554127
0,91985
1,87295
2,97566
4,15595
5,40273
6,65506
7,83535
9,02118
10,1239
11,2599
12,2573
13,2492
14,2466
15,1886
16,0364
16,8344
17,7598
18,5355
19,3058
20,0649
20,7742
21,4724
22,1041
22,6859
23,1459
23,4285
23,3841
23,0018
22,2482
21,0457
19,4831
17,4882
15,2773
13,0996
10,9717
9,05997
7,65803
6,72156
6,28934
6,40016
6,8213
7,57491
8,38948
9,18188
9,70276
10,0851
10,1405
9,90224
9,46448
8,81615
8,11241
7,37543
6,59965
5,75183
4,74332
3,61291
2,29963
0,731447
-1,16921
-3,37463
-5,84604
-8,48922
-11,1823
-13,6814
-15,7704
-17,394
-18,2751
-18,2917
-17,3663
-15,3881
-12,5122
-9,03781
-4,99822
-0,6982
3,45221
7,30893
10,6171
13,0996
14,773
15,5876
15,6319
15,0833
14,1247
12,8391
11,5203
10,2236
9,1708
8,44489
7,92955
7,75777
7,86306
8,18445
8,68316
9,20404
9,66397
10,0408
10,1848
10,0796
9,55868
8,72195
7,49179
5,87928
4,06729
2,10014
0,0443301
-1,90065
-3,76252
-5,49694
-6,93767
-8,15674
-9,30379
-10,2569
-11,1269
-12,0578
-13,0608
-14,0914
-15,1387
-16,1085
-17,0172
-17,7099
-17,9482
-17,6434
-16,7623
-15,0556
-12,6895
-9,70276
-6,11202
-2,13339
1,96715
5,97903
9,6141
12,7338
15,1166
16,7568
17,6877
17,9149
17,66
17,0283
16,2248
15,3548
14,5181
13,7368
13,022
12,3349
11,4815
10,3843
9,09322
7,46409
5,58006
3,36355
0,925392
-1,64021
-4,13378
-6,58302
-8,99902
-11,3485
-13,5539
-15,6541
-17,7431
-19,7325
-21,5777
-23,3454
-24,9191
-26,1825
-27,0026
-27,396
-27,2353
-26,4928
-25,1795
-23,2456
-20,7631
-17,865
-14,6954
-11,2211
-7,65803
-4,13933
-0,770236
2,38274
5,08134
7,30893
8,98793
9,869
10,1848
9,91887
8,97131
7,60262
5,89037
4,01188
2,06689
0,254898
-1,41302
-2,86483
-4,00634
-4,94835
-5,73521
-6,47774
-7,25352
-8,18999
-9,38136
-10,7722
-12,418
-14,3131
-16,4742
-18,7129
-21,0679
-23,4451
-25,6671
-27,8116
-29,8231
-31,6351
-33,0592
-34,2339
-35,1095
-35,6026
-35,6747
-35,3754
-34,6772
-33,5191
-32,0673
-30,2498
-28,2715
-26,0772
-23,772
-21,3782
-18,9234
-16,5351
-14,1358
-11,7475
-9,48665
-7,24798
-5,12013
-3,15298
-1,32436
0,3491
1,72333
2,89808
3,7736
4,33327
4,59371
4,52721
4,19474
3,47992
2,4714
1,26895
-0,193944
-1,95607
-3,87335
-5,84049
-7,92401
-10,0574
-12,1409
-14,2411
-16,247
-18,1698
-19,9153
-21,6054
-23,0129
-24,243
-25,174
-25,8223
-26,1326
-26,0938
-25,8057
-25,174
-24,2153
-23,2567
-22,1097
-20,9792
-19,8488
-18,6297
-17,3885
-16,0863
-14,6123
-12,9555
-11,0105
-8,77182
-6,3115
-3,70157
-1,06946
1,5571
3,94538
5,92916
7,49733
8,66654
9,28716
9,49773
9,33149
8,87711
8,41164
7,91293
7,34772
6,78805
6,2838
5,83495
5,32516
4,75441
4,08945
3,2361
2,21651
1,06392
-0,138532
-1,41856
-2,87038
-4,25569
-5,65209
-7,07066
-8,48368
-9,94657
-11,4372
-12,9499
-14,302
-15,5765
-16,6515
-17,527
-18,1255
-18,2973
-18,0534
-17,5104
-16,718
-15,6929
-14,6234
-13,5983
-12,5953
-11,8251
-11,1712
-10,5727
-9,97428
-9,23175
-8,17891
-6,77143
-4,90402
-2,59331
-0,0775777
2,65427
5,3584
7,83535
9,88562
11,343
12,0855
12,0689
11,4649
10,2846
8,68316
6,86009
4,88186
2,93687
1,06392
-0,648328
-2,31625
-3,76252
-5,09797
-6,29488
-7,30339
-8,22324
-8,93252
-9,45894
-9,85791
-10,0186
-10,0408
-9,9909
-9,86345
-9,71384
-9,57531
-9,38691
-9,23729
-9,18742
-9,1708
-9,12092
-9,21513
-9,32595
-9,33703
-9,33149
-9,22067
-8,82724
-8,12904
-7,07066
-5,45815
-3,20285
-0,43776
2,82605
6,27825
9,83575
13,227
16,1971
18,5078
19,9707
20,5636
20,2312
19,134
17,4384
15,5211
13,5983
11,7364
10,2957
9,54206
9,17634
9,33149
9,75817
10,2846
10,7944
10,9606
10,7168
9,90224
8,64992
7,05403
5,12567
3,10311
1,2357
-0,410054
-1,59588
-2,27746
-2,51573
-2,3495
-1,84524
-1,1415
-0,459925
0,149614
0,620622
0,936474
1,08609
1,10825
1,03068
1,00851
1,26895
1,75658
2,58777
3,75144
5,33624
7,04295
8,91036
10,8886
12,7449
14,23
15,4989
16,2636
16,585
16,4686
15,9311
15,0445
13,9086
12,7449
11,4704
10,1239
8,86049
7,64141
6,33367
4,97606
3,5187
1,91174
0,083119
-1,92836
-3,98971
-6,18405
-8,30082
-10,2292
-11,9913
-13,3545
-14,4128
-15,1775
-15,5433
-15,6319
-15,6042
-15,5322
-15,4934
-15,5266
-15,7095
-16,0918
-16,5739
-17,1003
-17,5547
-17,6988
-17,5769
-16,8067
-15,3936
-13,2935
-10,4564
-6,84901
-2,69306
1,91174
6,77143
11,5646
16,1306
20,3032
23,833
26,6867
28,6927
29,9007
30,3883
30,2553
29,4906
28,3325
26,8474
25,0798
23,168
21,0513
18,8957
16,6183
14,1912
11,6588
8,98793
6,29488
3,59628
0,903226
-1,61251
-3,81239
-5,69642
-7,18702
-8,18445
-8,68871
-8,64992
-8,27865
-7,53058
-6,59965
-5,64655
-4,81536
-4,18366
-3,91768
-4,05067
-4,51613
-5,31962
-6,44449
-7,66911
-8,7552
-9,56423
-10,0131
-10,0297
-9,56423
-8,61113
-7,19811
-5,41936
-3,54641
-1,52385
0,421136
2,26638
4,02296
5,66872
7,22581
8,73858
10,2181
11,7419
13,2215
14,5624
15,7206
16,6127
17,1336
17,2167
16,7679
15,9422
14,7398
13,227
11,5425
9,85237
8,33961
7,09282
6,15635
5,65763
5,6798
6,14526
6,9155
8,09579
9,43678
10,7778
12,0356
13,0497
13,7036
13,8698
13,4764
12,5731
11,3596
9,83021
8,30636
6,85455
5,774
5,17554
5,21987
5,89037
7,12053
8,78845
10,7057
12,7227
14,5791
16,1251
17,3054
18,0091
18,3194
18,1975
17,8263
17,25
16,4742
15,7039
14,7841
13,7867
12,6119
11,3208
9,73601
7,83535
5,8682
3,66832
1,28003
-1,06392
-3,28043
-5,35286
-7,13161
-8,54463
-9,66397
-10,4785
-10,9551
-11,1934
-11,2432
-11,1989
-11,1269
-11,0271
-11,0881
-11,1435
-11,3208
-11,5092
-11,6644
-11,886
-11,9082
-11,7198
-11,3707
-10,7778
-9,9909
-8,9436
-7,85752
-6,76589
-5,68534
-4,86523
-4,36652
-4,2834
-4,51613
-5,24204
-6,23392
-7,40867
-8,83278
-10,1239
-11,1379
-11,7697
-11,9913
-11,5812
-10,5949
-9,11538
-7,14823
-4,96497
-2,7928
-0,687117
1,02513
2,283
2,90362
2,87038
2,23867
1,06946
-0,471008
-2,23867
-4,13378
-5,74075
-7,15378
-8,20662
-8,71087
-8,71641
-8,20107
-7,2646
-5,92916
-4,21136
-2,30517
-0,3491
1,62913
3,52425
5,08134
6,3115
7,15932
7,56383
7,58599
7,20919
6,50545
5,53018
4,51059
3,5187
2,54898
1,82862
1,35761
1,18029
1,40194
1,96161
2,83713
4,0285
5,43044
6,94875
8,56126
9,9909
11,2266
12,0689
12,551
12,5066
11,9082
10,8276
9,32595
7,62478
5,79616
3,95646
2,19434
0,615081
-0,692658
-1,72888
-2,55452
-3,34692
-4,03958
-4,6325
-5,30299
-5,92916
-6,48882
-6,93212
-7,19811
-7,19811
-6,97645
-6,53869
-5,87928
-5,17554
-4,4718
-3,80131
-3,32476
-3,01445
-2,90362
-2,99228
-3,11419
-3,26381
-3,37463
-3,39126
-3,34692
-3,15852
-2,86483
-2,6044
-2,283
-1,91174
-1,47952
-1,0473
-0,471008
0,271522
1,23016
2,37166
3,61845
4,95943
6,16743
7,23689
8,057
8,38948
8,27311
7,62478
6,53315
5,04809
3,33584
1,49614
-0,3491
-2,0281
-3,48546
-4,55492
-5,20879
-5,5191
-5,35286
-4,94835
-4,23353
-3,28043
-2,31625
-1,30774
-0,509797
0,155155
0,48209
0,465466
0,0997428
-0,615081
-1,56264
-2,6986
-3,95092
-5,18108
-6,34475
-7,29231
-8,01267
-8,55572
-8,85494
-9,0101
-9,03226
-8,89373
-8,70533
-8,32298
-7,85752
-7,24244
-6,41125
-5,32516
-4,13933
-2,77063
-1,17475
0,410054
1,97823
3,41342
4,64358
5,71305
6,46666
7,06511
7,46409
7,66357
7,80764
7,94063
8,10133
8,23432
8,41164
8,60005
8,77182
8,82724
8,71641
8,36731
7,83535
6,96537
5,77954
4,33327
2,4714
0,509797
-1,70117
-3,95092
-6,09539
-8,18445
-9,99644
-11,4039
-12,2905
-12,6618
-12,3903
-11,6754
-10,401
-8,79399
-7,12607
-5,40828
-3,83456
-2,54898
-1,64576
-1,208
-1,12488
-1,35761
-1,77321
-2,16109
-2,42707
-2,43262
-2,10568
-1,47398
-0,476549
0,703741
1,89511
3,11419
4,16149
4,97052
5,34178
5,45261
5,29745
4,79874
4,17257
3,44113
2,73739
2,03364
1,39086
0,687117
-0,0387889
-0,942015
-2,07243
-3,50208
-5,36395
-7,52504
-10,0352
-12,7948
-15,643
-18,4303
-21,0125
-23,1015
-24,6198
-25,4455
-25,5009
-24,8637
-23,5338
-21,7883
-19,6604
-17,4273
-15,2828
-13,2658
-11,5591
-10,1738
-9,02118
-8,057
-7,11499
-6,07323
-4,78765
-3,19731
-1,34099
0,897685
3,46883
6,09539
8,63329
11,0382
13,0164
14,7176
15,8259
16,3578
16,2692
15,6818
14,6566
13,2381
11,3651
9,27054
6,83792
4,11716
1,19691
-1,85632
-5,13675
-8,42273
-11,681
-14,8118
-17,6766
-20,0815
-22,0487
-23,434
-24,099
-24,232
-23,7831
-22,8854
-21,6442
-20,2644
-18,8458
-17,5769
-16,5185
-15,8203
-15,4324
-15,4269
-15,6485
-16,0253
-16,4853
-16,8676
-16,9895
-16,8676
-16,3689
-15,4158
-14,0083
-12,2517
-10,1959
-7,94063
-5,47477
-3,02553
-0,6982
1,42411
3,34138
4,78765
5,88483
6,61073
6,89888
6,79913
6,40016
5,69088
4,85415
3,88443
2,84267
1,78429
0,709282
-0,382347
-1,62913
-2,96458
-4,48843
-6,18959
-7,97388
-9,85237
-11,7198
-13,4764
-15,039
-16,2858
-17,1613
-17,8041
-18,2474
-18,6242
-19,073
-19,6272
-20,5138
-21,5112
-22,6305
-23,6612
-24,4093
-24,5921
-23,9106
-22,2593
-19,5828
-16,0032
-11,4981
-6,46112
-1,21354
3,85672
8,52801
12,5233
15,6264
17,865
19,2337
19,9042
20,0483
19,8156
19,5163
19,2725
19,1174
19,134
19,267
19,4554
19,5662
19,544
19,1783
18,4247
17,2112
15,6818
13,7534
11,5923
9,27054
6,94321
4,89294
3,00337
1,42965
0,265981
-0,57075
-1,10271
-1,35761
-1,42965
-1,41302
-1,30774
-1,25233
-1,18583
-1,06946
-0,814566
-0,642787
-0,326935
0,0997428
0,664952
1,31882
2,04473
2,79834
3,62399
4,45518
5,28083
6,05106
6,77697
7,5472
8,28973
8,95469
9,62518
10,1571
10,5894
10,9994
11,2543
11,3818
11,4095
11,2876
11,0604
10,6559
10,1682
9,52544
8,69979
7,79656
6,71047
5,4914
4,18366
2,71522
1,33545
-0,0166238
-1,28557
-2,49357
-3,52979
-4,31665
-5,07026
-5,55235
-5,9624
-6,23392
-6,28934
-6,27825
-6,17297
-5,94024
-5,62993
-5,14784
-4,57709
-4,00079
-3,3968
-2,7928
-2,29963
-1,77321
-1,35207
-1,06946
-0,83119
-0,587374
-0,376806
-0,0720365
0,39343
0,925392
1,56264
2,41599
3,44113
4,55492
5,79062
7,02633
8,31744
9,56423
10,6004
11,3762
11,9082
12,1575
12,0135
11,4981
10,7778
9,73046
8,60559
7,45854
6,26717
5,25866
4,38314
3,66832
3,06432
2,4714
1,89511
1,26341
0,443301
-0,504255
-1,57372
-2,78726
-3,97309
-4,98714
-5,774
-6,20622
-6,24501
-5,80171
-5,03701
-3,96201
-2,63764
-1,27449
-0,171779
0,548585
0,820107
0,448843
-0,587374
-2,33841
-4,62696
-7,28122
-10,2458
-13,1827
-15,8702
-18,059
-19,6161
-20,3697
-20,3254
-19,4111
-17,8096
-15,5433
-12,7726
-9,78588
-6,70493
-3,69048
-0,853355
1,62913
3,74035
5,40273
6,59411
7,40313
7,80764
7,73007
7,46963
7,04849
6,45003
5,85158
5,25312
4,65466
4,17257
3,71819
3,30259
2,94795
2,43262
1,79537
0,936474
-0,083119
-1,23016
-2,55452
-3,87335
-5,24204
-6,52207
-7,69682
-8,74412
-9,61964
-10,3455
-10,9218
-11,3097
-11,5868
-11,6699
-11,6145
-11,2931
-10,7334
-9,90224
-9,01564
-7,91847
-6,71047
-5,47477
-4,37206
-3,47992
-2,64873
-2,05027
-1,73996
-1,4906
-1,32436
-1,15258
-0,869979
-0,493173
-0,0387889
0,598457
1,45735
2,31625
3,20839
4,0285
4,69899
5,13121
5,25866
4,99822
4,42747
3,45775
2,1888
0,653869
-1,10271
-2,84821
-4,5383
-6,00673
-7,2646
-8,20662
-8,86049
-9,30379
-9,54206
-9,78588
-9,97428
-10,2957
-10,8055
-11,4981
-12,3293
-13,1383
-13,892
-14,6345
-15,1443
-15,3881
-15,5045
-15,4269
-15,2385
-14,978
-14,7342
-14,4682
-14,3297
-13,9585
-13,4542
-12,6784
-11,6034
-10,1461
-8,23432
-5,98457
-3,60182
-1,09717
1,33545
3,49654
5,33624
6,69939
7,4253
7,71898
7,64141
7,22027
6,53315
5,82387
5,04255
4,2834
3,61291
2,97566
2,39383
1,85632
1,31328
0,709282
0,00554127
-0,631704
-1,3022
-1,87849
-2,31625
-2,66535
-2,80388
-2,80942
-2,58223
-2,21651
-1,81199
-1,3964
-1,02513
-0,820107
-0,731447
-0,914309
-1,36315
-2,01702
-2,89808
-3,85118
-4,92619
-5,9624
-6,89334
-7,56383
-7,90739
-7,84089
-7,38651
-6,45558
-4,98714
-3,14744
-0,980804
1,45735
4,05621
6,62181
8,98793
11,016
12,5454
13,565
14,0194
13,831
13,0996
11,9525
10,4619
8,9159
7,34218
6,0289
5,05918
4,38314
4,15595
4,28894
4,64912
5,24204
5,69642
6,00673
6,02336
5,59114
4,78211
3,51316
1,9062
0,177321
-1,69563
-3,49654
-4,99268
-6,20068
-7,04295
-7,55275
-7,73007
-7,70236
-7,64695
-7,63032
-7,79656
-8,07917
-8,46151
-8,9159
-9,2927
-9,52544
-9,48665
-9,02672
-8,14566
-6,94321
-5,39165
-3,62399
-1,679
0,193944
1,87849
3,38017
4,61033
5,53573
6,17851
6,48328
6,64398
6,57748
6,20622
5,67426
4,99822
4,27786
3,59074
2,90362
2,46586
2,26638
2,40491
2,79834
3,30259
3,97309
4,50505
4,73224
4,60479
3,99525
2,83713
1,17475
-0,820107
-2,89808
-4,89294
-6,63844
-7,86306
-8,60005
-8,80507
-8,55017
-7,99605
-7,20919
-6,51653
-5,88483
-5,39719
-4,99268
-4,6325
-4,25015
-3,7459
-2,87592
-1,71779
-0,227192
1,57372
3,46883
5,27529
6,93767
8,15674
8,99348
9,25392
8,98239
8,1235
6,90996
5,48031
3,79577
2,07797
0,465466
-1,0473
-2,41045
-3,60182
-4,51059
-5,24204
-5,95686
-6,42233
-6,64398
-6,83238
-6,8213
-6,57748
-6,13418
-5,4914
-4,68237
-3,69048
-2,73739
-1,86741
-1,1415
-0,714823
-0,620622
-0,864438
-1,46844
-2,31625
-3,22502
-4,07283
-4,6325
-4,69345
-4,24461
-3,15298
-1,47952
0,709282
3,25272
5,95132
8,57788
10,9052
12,8834
14,2688
15,0224
15,1609
14,773
13,8642
12,4291
10,6448
8,78291
6,77143
4,66021
2,74847
1,12488
-0,232733
-1,18583
-1,71779
-1,84524
-1,72888
-1,28557
-0,869979
-0,576292
-0,592916
-1,00851
-1,98377
-3,48546
-5,44152
-7,64141
-9,96874
-12,0467
-13,5872
-14,3851
-14,3574
-13,1993
-11,1435
-8,19553
-4,59371
-0,725906
3,25272
6,89888
10,0131
12,4568
14,1136
15,0057
15,2828
15,1942
14,773
14,2577
13,77
13,3822
13,0164
12,5621
11,9525
11,0382
9,70276
7,92955
5,69088
3,08094
0,3491
-2,37166
-4,85415
-6,99308
-8,57788
-9,49219
-9,85791
-9,75817
-9,21513
-8,49476
-7,81319
-7,31447
-7,06511
-7,16486
-7,55829
-8,35069
-9,35366
-10,4564
-11,5535
-12,4623
-12,9776
-13,1605
-12,9001
-12,0633
-10,8055
-9,12092
-7,03187
-4,66575
-2,26084
0,177321
2,47695
4,52167
6,20068
7,48625
8,31744
8,66654
8,69425
8,36177
7,71898
6,94321
5,96794
4,90402
3,79577
2,6044
1,19691
-0,315852
-1,97823
-3,88443
-5,99565
-8,23432
-10,4785
-12,6618
-14,7231
-16,4243
-17,793
-18,6464
-19,0786
-19,1839
-19,2559
-19,3778
-19,8654
-20,9404
-22,7746
-25,5342
-29,1138
-33,4415
-38,2015
-43,0723
-47,4665
-51,0351
-53,2682
-53,8334
-52,5534
-49,2896
-44,2858
-37,8081
-30,2498
-22,1429
-14,0416
-6,35583
0,454384
6,0566
10,4176
13,3988
15,1
15,6707
15,2884
14,2023
12,6008
10,5894
8,28419
5,79616
3,24718
0,504255
-2,41599
-5,44152
-8,51139
-11,6422
-14,8173
-18,0424
-21,2785
-24,5256
-27,662
-30,8371
-33,9347
-36,9769
-39,9858
-42,8395
-45,6046
-48,2201
-50,5585
-52,6753
-54,5815
-56,2272
-57,6347
-58,9369
-60,1892
-61,4582
-62,8213
-64,3341
-66,1461
-68,1354
-70,3907
-72,8012
-75,3224
-77,8437
-80,3207
-82,5649
-84,5985
-86,3496
-87,8679
-89,0703
-90,0345
-90,7937
-91,2924
-91,6193
-91,6913
-91,6581
-91,4032
-90,9654
-90,5443
-90,0899
-89,6466
-89,3308
-89,1368
-89,1313
-89,1479
-89,0814
-88,9041
-88,4109
-87,4911
-86,0171
-84,0333
-81,5065
-78,4477
-75,0177
-71,4602
-67,8861
-64,3009
-60,8653
-57,6569
-54,6203
-51,6945
-48,8906
-46,1255
-43,4491
-40,7948
-38,1682
-35,6858
-33,4637
-31,4467
-29,7511
-28,4156
-27,4514
-26,7144
-26,055
-25,4843
-24,9191
-24,171
-23,1292
-21,7051
-19,7546
-17,4716
-14,7398
-11,6976
-8,42273
-5,04809
-1,73442
1,3299
3,97863
6,1231
7,74669
8,72749
9,15417
9,15971
8,87157
8,42827
7,92955
7,63587
7,70236
8,07363
8,86603
10,1571
11,8306
14,0028
16,4686
19,2005
22,2981
25,5619
28,9753
32,5217
36,2011
39,8916
43,5654
47,1562
50,697
54,0828
57,3576
60,3776
63,0485
65,4701
67,5868
69,3545
70,5459
71,2219
71,3992
71,0169
70,1968
68,9611
67,4095
65,6363
63,8908
62,2229
60,8209
59,6961
58,948
58,6266
58,5435
58,8205
59,2971
59,8069
60,3666
60,76
60,9927
61,1368
61,026
60,6935
60,1671
59,4522
58,6266
57,6569
56,604
55,5235
54,4097
53,3458
52,2541
51,1459
50,1263
49,0624
48,0539
46,9567
45,926
44,9286
43,8702
42,8949
41,964
41,2436
40,6507
40,3293
40,2074
40,4623
40,9721
41,8033
42,8949
44,2193
45,7653
47,3169
48,9515
50,5308
51,9217
53,0909
53,9941
54,4319
54,4097
53,9609
53,1574
51,9937
50,4643
48,8019
47,0897
45,3719
43,8259
42,5403
41,5761
40,961
40,5288
40,4402
40,4512
40,4623
40,4235
40,1354
39,5923
38,6448
37,398
35,7467
33,8571
31,8013
29,7511
27,8393
26,1603
24,7695
23,8718
23,3731
23,1957
23,3841
23,7055
23,9937
24,2043
24,1655
23,8108
23,1237
22,093
20,7243
19,1451
17,5935
16,1916
15,1
14,4239
14,4849
15,2163
16,6016
18,602
21,151
24,0934
27,0913
29,9284
32,3665
34,1508
35,1815
35,3976
34,7992
33,4526
31,6185
29,4518
27,2519
25,307
23,6945
22,5862
22,1152
22,1484
22,5917
23,3066
24,1655
25,0022
25,6671
26,2157
26,4651
26,4263
26,2601
26,0606
25,8168
25,6284
25,3901
25,2072
25,0631
24,9412
24,7196
24,4425
24,1267
23,7665
23,3121
22,8743
22,5308
22,1983
21,9323
21,8104
21,8215
21,8437
22,0487
22,4698
23,0517
23,9771
25,2238
26,7809
28,6262
30,7651
33,098
35,4641
37,7028
39,6588
41,1827
42,1081
42,4516
41,9806
40,9056
39,2765
37,06
34,4722
31,6018
28,5209
25,3513
22,2482
19,1783
16,3523
13,6315
11,149
9,02118
7,23135
5,81279
4,84307
4,23907
4,16703
4,49951
5,18663
6,2173
7,63587
9,18188
10,7667
12,2905
13,6537
14,6899
15,2606
15,377
14,9947
14,1191
12,9001
11,415
9,97982
8,69425
7,79102
7,3311
7,41976
8,08471
9,18742
10,5949
12,1132
13,5484
14,7121
15,4491
15,7704
15,7039
15,0722
14,2521
13,2713
12,1742
11,0992
10,0463
9,08214
8,14012
7,1039
5,94578
4,63804
3,09757
1,26341
-0,748071
-2,9535
-5,27529
-7,7744
-10,3234
-12,7782
-15,1332
-17,3442
-19,2725
-20,8629
-22,021
-22,6638
-22,7746
-22,2371
-20,9903
-19,1728
-16,8787
-14,1579
-11,0715
-7,81319
-4,51059
-1,3022
1,81199
4,75441
7,33664
9,69168
11,7142
13,4597
14,7841
15,776
16,4686
16,8233
16,9341
16,8676
16,7568
16,6626
16,6072
16,7623
17,0283
17,3386
17,6489
17,8207
17,6268
16,9507
15,6929
13,8033
11,3374
8,38948
5,20879
1,91174
-1,25233
-4,10608
-6,51653
-8,33406
-9,70276
-10,6725
-11,4261
-12,1132
-12,8391
-13,698
-14,6733
-15,8646
-16,9951
-18,0036
-18,663
-19,0176
-18,8736
-18,3859
-17,5159
-16,5518
-15,6042
-14,8949
-14,5957
-14,7398
-15,2329
-16,1195
-17,1835
-18,0313
-18,5909
-18,5688
-17,7043
-16,0198
-13,4708
-10,2181
-6,44449
-2,27746
1,86741
5,90145
9,55314
12,6008
14,9725
16,5906
17,5824
17,854
17,5104
16,6238
15,1997
13,4099
11,3485
9,08214
6,69385
4,35544
2,13339
0,205027
-1,44627
-2,6986
-3,66278
-4,27786
-4,80982
-5,37503
-6,10648
-7,19256
-8,88819
-11,0715
-13,7202
-16,8399
-20,1868
-23,5005
-26,4817
-28,8534
-30,3052
-30,6654
-29,8065
-27,8061
-24,7805
-20,9017
-16,452
-11,6865
-6,92104
-2,48249
1,39086
4,69899
7,31447
9,23175
10,5229
11,2931
11,5868
11,5646
11,2044
10,5672
9,59747
8,26203
6,53869
4,48843
2,07243
-0,720365
-3,7736
-7,0097
-10,2901
-13,5429
-16,6016
-19,4665
-21,9933
-24,1211
-25,8112
-26,9527
-27,6288
-27,723
-27,3018
-26,3653
-25,1019
-23,5448
-21,8104
-20,1702
-18,9123
-18,0978
-17,9703
-18,3859
-19,4776
-21,0956
-23,0794
-25,1684
-27,2298
-28,9864
-30,2775
-31,1807
-31,6018
-31,7625
-31,7404
-31,6905
-31,8457
-32,2945
-33,1423
-34,2118
-35,4586
-36,7718
-37,9355
-38,7889
-39,2322
-39,1324
-38,5118
-37,3703
-35,9074
-34,1287
-32,1948
-30,2609
-28,4212
-26,7311
-25,1296
-23,7554
-22,5585
-21,5555
-20,5526
-19,6715
-18,8348
-18,1864
-17,6101
-17,117
-16,7623
-16,5241
-16,4188
-16,4077
-16,5241
-16,6737
-16,8344
-16,8621
-16,7734
-16,585
-16,2802
-15,6707
-14,8229
-13,8088
-12,684
-11,3984
-10,002
-8,70533
-7,4253
-6,30596
-5,31962
-4,48288
-3,69602
-3,00337
-2,36058
-1,57372
-0,609539
0,581833
1,99486
3,69602
5,54127
7,38651
9,12647
10,6171
11,7364
12,3681
12,5066
12,0689
11,1989
10,0962
8,96023
7,87414
7,08174
6,77143
6,94321
7,56937
8,5945
9,91887
11,3984
12,7837
13,9585
14,8561
15,51
15,9311
16,042
16,1916
16,3855
16,7623
17,3165
18,0701
19,0232
20,1203
21,2895
22,4033
23,3786
24,2043
24,9745
25,6117
26,188
26,9084
27,7396
28,7315
29,8674
31,0588
32,2557
33,4028
34,306
34,7437
34,6994
34,2339
33,1479
31,5409
29,6402
27,6454
25,6007
23,6945
22,2039
21,0901
20,5138
20,3752
20,547
20,9183
21,4502
21,7772
21,9157
21,7439
21,2508
20,4861
19,5828
18,6741
17,865
17,3386
17,2333
17,6157
18,4358
19,7435
21,5112
23,5338
25,6949
27,9224
30,0558
31,9565
33,6133
34,777
35,3976
35,4641
34,91
33,6466
31,8512
29,5571
26,7976
23,6834
20,5803
17,5714
14,7952
12,4512
10,5561
9,21513
8,45597
8,07363
8,00713
8,17337
8,38948
8,50584
8,38394
8,06808
7,38651
6,59411
5,56897
4,52721
3,56858
2,83159
2,33841
2,30517
2,62102
3,39126
4,566
5,99011
7,50842
9,1985
10,5672
11,7253
12,6064
13,2048
13,3822
13,3046
13,0829
12,7227
12,357
12,1187
11,8749
11,7419
11,6754
11,5757
11,3762
11,0271
10,4841
9,7083
8,68871
7,44746
5,94024
4,23907
2,42153
0,421136
-1,6513
-3,94538
-6,10648
-8,16783
-10,135
-11,8029
-13,1051
-14,0305
-14,3962
-14,3851
-14,097
-13,5761
-12,9832
-12,6008
-12,3903
-12,5066
-12,9167
-13,6925
-14,507
-15,2828
-15,848
-15,981
-15,6541
-14,8728
-13,6038
-11,9913
-10,3234
-8,63883
-7,02078
-5,71305
-4,71008
-3,96755
-3,491
-3,15298
-2,84267
-2,53236
-2,17218
-1,76212
-1,33545
-0,947557
-0,764695
-0,74253
-0,864438
-1,19137
-1,60697
-2,05581
-2,51573
-2,8205
-2,92025
-2,87592
-2,77063
-2,64318
-2,55452
-2,70414
-3,20285
-3,9343
-5,06472
-6,59965
-8,44489
-10,473
-12,5288
-14,4793
-16,2525
-17,6988
-18,6685
-19,1229
-19,1118
-18,4857
-17,394
-15,8757
-13,9972
-11,886
-9,72492
-7,6802
-5,83495
-4,25015
-3,09203
-2,32179
-1,88957
-1,86187
-2,08906
-2,43262
-2,70968
-2,91471
-3,05324
-3,0477
-2,94241
-2,79834
-2,76509
-2,887
-3,39126
-4,27786
-5,53573
-7,27568
-9,40353
-11,6865
-14,0748
-16,4631
-18,6076
-20,2977
-21,4502
-22,0321
-21,949
-21,3283
-20,1868
-18,5965
-16,7845
-14,9503
-13,2713
-11,9747
-11,1878
-10,8498
-11,1324
-12,0356
-13,4487
-15,1332
-16,984
-18,796
-20,342
-21,4613
-22,1374
-22,2205
-21,6386
-20,5526
-19,0398
-17,2555
-15,2662
-13,288
-11,3818
-9,63626
-8,11241
-6,76035
-5,56343
-4,61033
-3,79023
-2,99228
-2,19988
-1,5848
-1,03068
-0,493173
-0,144073
0,110825
0,243816
0,121908
-0,0997428
-0,487631
-0,881061
-1,31882
-1,75658
-2,21097
-2,59331
-2,78172
-2,89808
-2,92579
-2,80388
-2,49357
-2,16664
-1,87849
-1,60143
-1,37978
-1,28003
-1,29666
-1,44073
-1,679
-2,03364
-2,35504
-2,54344
-2,58223
-2,45478
-2,0946
-1,62913
-1,02513
-0,338017
0,221651
0,448843
0,498714
0,210568
-0,443301
-1,38532
-2,45478
-3,64061
-4,75441
-5,69088
-6,36692
-6,77697
-6,92658
-6,9155
-6,81022
-6,62181
-6,64952
-6,77697
-6,982
-7,32001
-7,79656
-8,15674
-8,23432
-8,13458
-7,79656
-7,2646
-6,52761
-5,73521
-4,99822
-4,43301
-4,17811
-4,39422
-4,93727
-5,74629
-6,85455
-8,04038
-9,1708
-10,2126
-10,9551
-11,3818
-11,62
-11,5812
-11,4316
-11,1823
-11,0825
-11,1712
-11,3984
-11,8528
-12,4678
-13,227
-13,9363
-14,4682
-14,6788
-14,6179
-14,0527
-13,0054
-11,5258
-9,71384
-7,58599
-5,31407
-3,21393
-1,18029
0,603998
2,05581
3,20285
3,99525
4,52721
4,94281
5,28083
5,66317
6,11756
6,61627
7,18702
7,88522
8,50584
9,08214
9,53098
9,84129
10,0242
10,0906
10,0962
10,1017
10,1405
10,2403
10,5173
10,8055
11,1657
11,5868
11,7807
11,6921
11,2211
10,3733
9,03781
7,13161
4,68791
1,86187
-1,3022
-4,62696
-7,87968
-10,9108
-13,6094
-15,7427
-17,2167
-18,0257
-18,1532
-17,6434
-16,6349
-15,172
-13,626
-11,9359
-10,3012
-8,8494
-7,63032
-6,73818
-6,09539
-5,65209
-5,25312
-4,90956
-4,52167
-4,08391
-3,40788
-2,50465
-1,55155
-0,410054
0,764695
1,96715
3,0754
4,095
4,99822
5,71859
6,23947
6,68277
7,04295
7,37543
7,64141
7,92401
8,28973
8,68871
9,06551
9,48111
9,83021
10,2403
10,5118
10,5506
10,401
9,92441
9,28162
8,3119
7,02633
5,35286
3,50762
1,49614
-0,626163
-2,73739
-4,79874
-6,6606
-8,16229
-9,2927
-10,0463
-10,3455
-10,2126
-9,6141
-8,68871
-7,47517
-6,00673
-4,35544
-2,6321
-0,847814
0,908768
2,62102
4,31665
5,90145
7,36434
8,73858
9,95211
10,8775
11,6422
12,08
12,2074
11,8749
11,1435
10,1294
8,74966
7,14269
5,40828
3,61845
1,92282
0,515338
-0,609539
-1,35207
-1,71779
-1,77321
-1,50722
-0,953098
-0,376806
0,166238
0,725906
1,15812
1,35761
1,37978
1,31328
1,06946
0,886603
0,703741
0,548585
0,520879
0,576292
0,736988
0,958639
1,18583
1,34653
1,40748
1,25787
0,936474
0,454384
-0,232733
-1,09717
-1,92282
-2,72076
-3,36909
-3,62953
-3,5187
-2,89254
-1,66792
0,0664952
2,2553
4,85969
7,64141
10,473
13,1605
15,4823
17,3109
18,6297
19,4443
19,6715
19,4111
18,9123
18,2418
17,4162
16,657
15,8591
15,0445
14,23
13,2048
11,9359
10,4065
8,52247
6,32813
3,91213
1,45181
-0,897685
-3,04216
-4,87077
-6,13972
-6,92658
-7,33664
-7,38651
-7,13161
-6,89334
-6,68277
-6,69385
-6,96537
-7,2646
-7,65249
-8,01267
-8,10687
-7,80764
-6,90996
-5,40828
-3,25272
-0,598457
2,41045
5,62993
8,86603
11,8361
14,4018
16,4409
17,9149
18,8569
19,3002
19,4
19,2337
19,0343
18,7683
18,4635
18,2141
18,0091
17,6157
16,9729
16,1251
14,8728
13,1882
11,1379
8,79953
6,27825
3,66278
1,20245
-1,05284
-2,83159
-4,16703
-4,9816
-5,20879
-4,93173
-4,18366
-3,18623
-1,98377
-0,676035
0,576292
1,78429
2,93133
3,92876
4,87077
5,94024
7,03741
8,35069
9,8025
11,4095
13,1938
15,0113
16,8067
18,4469
19,871
21,0734
21,9102
22,4033
22,6361
22,6638
22,4975
22,2648
21,9323
21,5112
20,9737
20,414
19,666
18,6852
17,5547
16,1528
14,5957
12,8557
11,0105
9,14309
7,24244
5,69088
4,20028
2,96458
2,00594
1,36315
0,936474
0,820107
0,91985
1,09163
1,22462
1,43519
1,4906
1,36869
1,04176
0,52642
-0,199486
-1,05284
-1,9062
-2,77063
-3,56303
-4,16149
-4,59925
-4,85415
-4,93727
-4,88186
-4,68237
-4,45518
-4,15595
-3,90105
-3,69048
-3,491
-3,40234
-3,31368
-3,26935
-3,26935
-3,3303
-3,31368
-3,13636
-2,98674
-2,61548
-2,00594
-1,13596
-0,177321
0,881061
2,0281
2,99228
3,70157
4,08945
3,87889
3,19177
2,04473
0,454384
-1,40748
-3,30259
-5,0758
-6,65506
-7,80764
-8,30082
-8,37285
-8,00159
-7,19256
-6,14526
-5,03701
-3,92876
-2,99228
-2,22205
-1,73442
-1,46289
-1,51831
-1,7455
-2,13893
-2,6986
-3,37463
-4,08945
-4,83753
-5,60222
-6,26717
-6,69385
-7,0097
-7,0762
-6,83792
-6,40016
-5,89037
-5,30853
-4,73778
-4,4441
-4,39977
-4,7267
-5,37503
-6,38354
-7,56383
-8,77737
-9,83575
-10,5284
-10,8332
-10,7501
-10,0463
-8,85494
-7,24244
-5,44152
-3,4245
-1,40748
0,537503
2,35504
4,03404
5,48585
6,92104
8,22324
9,40353
10,412
11,3596
12,0744
12,5233
12,6507
12,5011
11,8361
10,944
9,67505
8,13458
6,43895
4,6325
2,75401
0,869979
-0,881061
-2,54344
-4,05067
-5,41382
-6,55532
-7,5195
-8,27865
-8,85494
-9,18742
-9,29825
-9,16525
-8,86049
-8,32298
-7,71898
-6,92658
-6,11756
-5,27529
-4,41639
-3,73481
-3,20285
-2,84821
-2,74293
-2,87038
-3,19731
-3,64061
-4,11716
-4,53276
-4,7932
-4,74887
-4,34989
-3,59628
-2,47695
-1,0473
0,515338
2,16109
3,7459
5,05918
6,00673
6,57748
6,7271
6,51653
6,00673
5,21987
4,30556
3,36909
2,4714
1,54601
0,803484
0,0886603
-0,637246
-1,31882
-1,97269
-2,59331
-3,10311
-3,53533
-3,79577
-3,82347
-3,54641
-3,00337
-2,23867
-1,3022
-0,243816
0,775777
1,47952
1,97823
2,12231
1,76212
0,908768
-0,249357
-1,70117
-3,35801
-4,99822
-6,57194
-7,9628
-9,04889
-9,78588
-10,2015
-10,2901
-10,1461
-9,78588
-9,17634
-8,36731
-7,46963
-6,42233
-5,21987
-4,00079
-2,64873
-1,40194
-0,221651
0,775777
1,57926
2,10014
2,3495
2,3772
2,26084
2,0004
1,61805
1,35207
1,11934
0,842273
0,565209
0,371265
-0,0332476
-0,664952
-1,50722
-2,61548
-3,98417
-5,60222
-7,33664
-9,14863
-10,8553
-12,4124
-13,6869
-14,5292
-15,0335
-15,1055
-14,7231
-13,8255
-12,6285
-11,2765
-9,68059
-8,07917
-6,6329
-5,34732
-4,4441
-3,90105
-3,81793
-4,11162
-4,86523
-5,97903
-7,30893
-8,80507
-10,4231
-11,9747
-13,3545
-14,6954
-15,8314
-16,657
-17,25
-17,5381
-17,4716
-17,0948
-16,3578
-15,2717
-13,8587
-12,0855
-10,1405
-8,06808
-5,97903
-3,90659
-1,99486
-0,404512
0,903226
1,91174
2,6044
2,97566
3,13636
3,25826
3,25272
3,2361
3,23056
3,21948
3,19731
3,03107
2,78172
2,19988
1,42411
0,410054
-0,903226
-2,35504
-3,81239
-5,20879
-6,45558
-7,25352
-7,60262
-7,58045
-7,09282
-6,23392
-5,22541
-4,16703
-3,2361
-2,52682
-2,1888
-2,39383
-2,95904
-3,75698
-4,71562
-5,6798
-6,43341
-6,72156
-6,49991
-5,74075
-4,51613
-2,95904
-1,24678
0,454384
1,81199
2,78172
3,24718
3,0754
2,45478
1,5848
0,537503
-0,387889
-1,02513
-1,27449
-1,09717
-0,52642
0,338017
1,34653
2,3495
3,01445
3,24164
3,12527
2,58777
1,64576
0,465466
-0,781319
-2,0004
-3,0754
-3,85672
-4,23907
-4,20028
-3,88443
-3,21393
-2,26084
-1,05838
0,332476
1,84524
3,34692
4,79874
6,23392
7,37543
8,22324
8,67208
8,62221
8,06808
7,0762
5,66872
3,82347
1,81754
-0,271522
-2,44924
-4,55492
-6,41125
-8,02375
-9,40907
-10,4841
-11,2876
-11,753
-11,9137
-11,753
-11,3097
-10,5617
-9,50327
-8,20107
-6,74372
-5,21433
-3,72373
-2,35504
-1,3299
-0,509797
-0,0720365
0
-0,177321
-0,631704
-1,25233
-1,78429
-2,18326
-2,42153
-2,28854
-1,82308
-0,947557
0,360182
1,96715
3,7736
5,63547
7,58599
9,20958
10,545
11,5369
12,0079
11,8971
11,3153
10,2901
8,93252
7,4253
5,9347
4,60479
3,48546
2,74293
2,32179
2,19434
2,37166
2,6986
2,99783
3,2361
3,40234
3,37463
3,11973
2,74293
2,38829
2,03919
1,81754
1,85632
2,05581
2,4714
3,01445
3,65724
4,33327
4,93173
5,36395
5,58006
5,66872
5,63547
5,40273
5,22541
5,02039
4,85415
4,80982
4,95943
5,17
5,53018
5,95132
6,42233
6,85455
7,29785
7,73007
8,04592
8,41164
8,87711
9,30933
9,91333
10,739
11,7364
12,9056
14,2189
15,6375
16,9895
18,131
18,9013
19,3279
19,1285
18,4192
17,1724
15,6541
13,7756
11,9026
10,1239
8,60005
7,62478
7,05957
6,92658
7,19811
7,73561
8,40056
9,02118
9,55868
9,91333
10,1017
10,0629
9,9909
9,87454
9,81358
9,81912
9,94657
10,1793
10,5062
10,7722
10,9717
10,9495
10,7667
10,3178
9,50327
8,50584
7,30339
5,94578
4,55492
3,1696
1,82308
0,6982
-0,149614
-0,6982
-1,03622
-0,975263
-0,659411
-0,160697
0,631704
1,40194
2,07243
2,68751
3,15298
3,2361
2,9812
2,4714
1,65684
0,581833
-0,603998
-1,77875
-2,92025
-3,87335
-4,52721
-4,84861
-4,84307
-4,48843
-3,89551
-3,12527
-2,23313
-1,28557
-0,543044
-0,0443301
0,338017
0,493173
0,354641
0,0554127
-0,410054
-0,975263
-1,52385
-2,08352
-2,67089
-3,24164
-3,84564
-4,49951
-5,25866
-5,92916
-6,66614
-7,38097
-7,85752
-8,1512
-8,32852
-8,14012
-7,56937
-6,88225
-5,95686
-4,9816
-4,03404
-3,26381
-2,62102
-2,26638
-2,26638
-2,46586
-2,87592
-3,52425
-4,21136
-4,93727
-5,80171
-6,73818
-7,64695
-8,60005
-9,73601
-10,9828
-12,152
-13,2325
-14,1524
-14,7121
-14,8451
-14,4516
-13,4099
-11,8528
-9,78588
-7,44192
-5,05364
-2,84821
-1,15812
-0,171779
0,0332476
-0,659411
-2,06689
-4,17257
-6,71601
-9,33703
-11,7142
-13,6758
-14,8783
-15,2108
-14,773
-13,4764
-11,4538
-9,04889
-6,51099
-3,88997
-1,65684
0,0720365
1,36869
2,01148
1,95053
1,32436
0,376806
-0,820107
-2,12231
-3,36909
-4,33881
-5,02039
-5,23096
-5,01485
-4,39977
-3,29705
-2,00594
-0,637246
0,731447
1,89511
2,75401
3,19177
3,26381
2,84267
2,06689
1,06946
0,0110825
-0,930933
-1,72888
-2,17218
-2,22205
-1,90065
-1,19691
-0,271522
0,820107
1,91728
3,00891
3,84564
4,59925
5,13675
5,36395
5,52464
5,6798
5,80725
6,04552
6,36692
6,87117
7,5195
8,25649
9,05443
9,81358
10,401
10,8775
11,016
10,8553
10,3622
9,55314
8,5003
7,25906
6,03998
4,92619
4,05067
3,54641
3,50208
3,9343
4,71562
6,03998
7,66357
9,29825
10,9994
12,6008
13,9363
14,978
15,6541
15,9478
15,909
15,6319
15,1443
14,5902
14,0139
13,3988
12,9444
12,5676
12,3404
12,2407
12,3182
12,5177
12,8447
13,2325
13,7146
14,2133
14,6566
14,9947
15,1942
15,1387
14,7065
14,0083
13,0109
11,5979
9,9909
8,3119
6,55532
4,85969
3,41342
2,06135
0,847814
-0,0110825
-0,753612
-1,47952
-2,05581
-2,65427
-3,13082
-3,45775
-3,50208
-3,20839
-2,43816
-1,19137
0,504255
2,65981
5,03701
7,453
9,69168
11,609
13,0441
13,8809
14,1524
14,0249
13,5429
12,7892
12,0578
11,4206
11,005
10,7501
10,6836
10,6226
10,4508
10,2901
9,83575
9,15417
8,30082
7,3311
6,31704
5,38611
4,74887
4,39422
4,26678
4,55492
5,01485
5,60776
6,19514
6,6329
6,83238
6,61627
5,95686
4,9816
3,71819
2,27192
0,797942
-0,565209
-1,60697
-2,17772
-2,31071
-1,95053
-1,09163
-0,00554127
1,28557
2,68197
3,89551
4,87631
5,50248
5,82941
5,86266
5,65209
5,41382
5,06472
4,89294
4,79874
4,92064
5,0758
5,24204
5,36949
5,29191
4,92619
4,27232
3,13636
1,61805
-0,188403
-2,17218
-4,3776
-6,61073
-8,70533
-10,7334
-12,5011
-14,0194
-15,2385
-16,0641
-16,4686
-16,4188
-15,9311
-15,0279
-13,6869
-12,0467
-10,1848
-8,26757
-6,50545
-5,05918
-4,06729
-3,55749
-3,68494
-4,32773
-5,3584
-6,7548
-8,16229
-9,50881
-10,5783
-11,3873
-11,7419
-11,6921
-11,343
-10,8276
-10,2347
-9,45894
-8,71641
-7,90739
-7,10944
-6,24501
-5,13121
-3,85672
-2,42707
-0,759154
0,903226
2,4437
3,79023
4,71008
5,14784
5,02593
4,29448
2,97566
1,22462
-0,91985
-3,21393
-5,52464
-7,74115
-9,73046
-11,3984
-12,7338
-13,6925
-14,3574
-14,8229
-14,9725
-14,978
-14,8728
-14,6899
-14,4793
-14,3519
-14,2743
-14,1524
-14,0804
-14,0249
-14,0914
-14,1469
-14,1136
-13,9529
-13,759
-13,5539
-13,2325
-12,8668
-12,5288
-12,3847
-12,3792
-12,6064
-13,0885
-13,7202
-14,4461
-15,1498
-15,6097
-15,6984
-15,2717
-14,2965
-12,6396
-10,4342
-7,74115
-4,83753
-1,9339
0,687117
2,79834
4,28894
4,9151
4,64912
3,59074
1,86187
-0,360182
-2,74847
-5,18108
-7,55829
-9,58639
-11,0548
-12,0467
-12,4734
-12,4678
-12,1021
-11,4593
-10,6115
-9,68059
-8,78291
-7,99051
-7,2646
-6,66614
-6,21176
-6,01782
-5,91253
-6,01782
-6,33921
-6,88225
-7,74115
-8,81061
-10,002
-11,4316
-12,9499
-14,3353
-15,4269
-16,2137
-16,4021
-16,0032
-14,978
-13,227
-10,8166
-7,9628
-4,73224
-1,37978
1,88957
4,90402
7,56937
9,7083
11,1767
11,9414
12,0079
11,487
10,3123
8,68316
6,68277
4,27786
1,66238
-1,02513
-3,73481
-6,46112
-9,08768
-11,5314
-13,903
-16,0974
-18,0812
-19,8821
-21,3117
-22,4698
-23,2844
-23,6778
-23,4673
-22,8466
-21,7993
-20,3364
-18,6464
-16,7956
-14,9282
-13,2104
-11,8084
-10,7113
-9,88562
-9,38691
-9,06551
-8,78845
-8,5945
-8,22324
-7,74115
-7,01524
-6,16743
-5,31407
-4,47734
-3,79577
-3,36909
-3,13636
-3,13636
-3,46329
-3,86226
-4,25015
-4,54938
-4,66021
-4,51613
-4,06175
-3,36909
-2,46032
-1,61251
-0,83119
-0,243816
0
-0,282605
-1,13596
-2,44924
-4,27786
-6,4722
-8,96023
-11,5591
-14,169
-16,5628
-18,5577
-20,2977
-21,5001
-22,154
-22,4366
-22,2759
-21,7495
-21,0679
-20,3309
-19,5828
-18,9622
-18,4358
-18,1476
-17,9371
-17,8706
-17,7653
-17,5658
-17,2444
-16,6848
-15,8757
-14,8118
-13,4819
-12,0633
-10,5727
-9,19296
-7,89076
-6,84346
-6,13972
-5,80171
-5,75738
-6,0289
-6,69939
-7,62478
-8,76628
-10,0629
-11,4427
-12,7948
-14,0748
-15,2496
-16,1029
-16,6515
-16,8953
-16,7291
-16,0586
-15,0944
-13,8476
-12,2961
-10,6503
-9,03781
-7,58045
-6,33367
-5,38611
-4,81536
-4,61033
-4,79874
-5,29745
-6,10648
-7,19256
-8,41164
-9,69168
-10,9163
-12,0356
-12,9666
-13,7036
-14,097
-14,1191
-13,6925
-12,828
-11,5535
-9,85237
-7,70236
-5,28637
-2,65981
0,160697
2,9812
5,63547
8,07917
10,1793
11,8306
12,9721
13,5706
13,4985
12,8668
11,7697
10,2569
8,4061
6,40016
4,31665
2,30517
0,432219
-1,12488
-2,41599
-3,31922
-3,85118
-4,04512
-3,86226
-3,35247
-2,64873
-1,77321
-0,759154
0,249357
1,2357
2,02256
2,61548
2,89808
2,85929
2,65981
2,36058
1,95607
1,73996
1,78429
2,18326
3,05324
4,52167
6,4057
8,58896
10,9606
13,3489
15,5765
17,5326
19,1395
20,3143
21,079
21,6054
21,9545
22,2759
22,6472
23,0572
23,4673
23,9161
24,2264
24,2763
23,9216
23,1126
21,7716
19,9652
17,721
15,2329
12,7449
10,2292
7,99051
6,11202
4,68237
3,7736
3,24164
3,01445
3,04216
3,18069
3,36355
3,43559
3,47992
3,32476
2,97566
2,64318
2,21097
1,73442
1,33545
0,986345
0,748071
0,653869
0,814566
1,02513
1,44627
2,01148
2,70968
3,44667
4,32219
5,13675
5,79062
6,34475
6,77697
7,02078
7,05957
6,99308
6,87671
6,69385
6,41679
6,22284
6,08985
6,02336
5,9347
5,91253
5,82941
5,71859
5,64101
5,47477
5,34178
5,31962
5,34732
5,48585
5,78508
6,16189
6,63844
7,11499
7,49179
7,75223
7,76331
7,50842
6,97091
6,22284
5,2365
4,11162
2,98674
1,98377
1,09163
0,432219
0,193944
0,293687
0,620622
1,17475
1,95053
2,76509
3,55749
4,22245
4,73778
5,10351
5,21987
5,28083
5,34178
5,4249
5,82387
6,49436
7,48071
8,73858
10,2181
11,7918
13,288
14,5015
15,2939
15,571
15,172
14,1302
12,551
10,5561
8,37285
6,2838
4,28894
2,70968
1,59588
0,925392
0,676035
0,731447
0,897685
1,01959
0,914309
0,43776
-0,421136
-1,61251
-3,03107
-4,59925
-6,0566
-7,1704
-7,84643
-7,85752
-7,08174
-5,66317
-3,66278
-1,14704
1,65684
4,46626
7,10944
9,50881
11,3374
12,6729
13,4597
13,759
13,7091
13,299
12,695
12,1187
11,6256
11,2709
11,0936
11,0659
11,2266
11,4261
11,6865
12,0024
12,1963
12,3016
12,2462
12,1797
12,0744
11,9082
11,8251
11,8583
11,9193
12,1243
12,3736
12,6673
12,9832
13,094
13,0663
12,8613
12,5233
11,9747
11,2377
10,5395
9,83575
9,18742
8,74966
8,37839
8,10133
7,91847
7,78548
7,58045
7,29785
6,80468
6,07877
5,14784
4,13378
3,00891
1,87295
0,914309
0,083119
-0,576292
-0,903226
-0,980804
-0,764695
-0,387889
0,121908
0,809025
1,48506
2,22205
2,94241
3,65169
4,41639
5,07026
5,79616
6,53315
7,20365
7,74669
8,12904
8,32852
8,25095
7,92955
7,25352
6,27271
5,12567
3,77914
2,36058
0,953098
-0,493173
-1,82308
-3,03661
-4,19474
-5,33624
-6,4722
-7,76886
-9,21513
-10,7445
-12,3958
-14,0471
-15,582
-16,9175
-17,9205
-18,4635
-18,4247
-17,7653
-16,585
-14,9725
-13,0109
-10,8553
-8,67762
-6,58857
-4,64912
-2,9535
-1,46289
-0,110825
1,208
2,56007
3,98417
5,56343
7,1704
8,86049
10,4065
11,62
12,5343
12,8779
12,6618
11,8306
10,3677
8,44489
6,2173
3,65169
0,947557
-1,66238
-4,15041
-6,61627
-8,90482
-10,9662
-12,8447
-14,5735
-16,0475
-17,2333
-18,2031
-18,8514
-19,1728
-19,0343
-18,5355
-17,7764
-16,7346
-15,5433
-14,23
-12,9943
-11,8639
-10,8498
-10,1239
-9,75817
-9,63626
-9,69722
-10,0131
-10,4564
-10,8498
-11,1435
-11,3873
-11,2931
-10,9163
-10,2569
-9,28716
-8,15674
-6,94875
-5,68534
-4,59925
-3,90105
-3,57966
-3,62953
-4,1227
-5,06472
-6,35029
-7,76331
-9,1708
-10,5727
-11,7087
-12,5953
-13,1993
-13,565
-13,6481
-13,6426
-13,6371
-13,6648
-13,8476
-14,1191
-14,4682
-14,9115
-15,2884
-15,4435
-15,3548
-15,039
-14,3519
-13,3711
-12,1963
-10,9495
-9,66397
-8,67762
-7,8963
-7,53612
-7,55275
-7,9628
-8,61667
-9,35366
-9,99644
-10,3677
-10,3511
-9,78034
-8,60559
-6,85455
-4,61033
-2,05581
0,637246
3,36355
5,67426
7,56937
8,91036
9,59193
9,54206
8,95469
7,93509
6,54978
5,09242
3,59628
2,24421
1,12488
0,382347
-0,0609539
-0,354641
-0,426678
-0,410054
-0,421136
-0,509797
-0,736988
-1,19691
-1,80645
-2,64873
-3,55195
-4,58817
-5,59114
-6,54424
-7,41976
-8,12904
-8,58896
-8,86603
-9,01564
-8,98239
-8,8494
-8,64438
-8,4061
-8,28973
-8,43381
-8,67208
-9,09876
-9,76371
-10,606
-11,4926
-12,3459
-13,0386
-13,4099
-13,3545
-12,8114
-11,6477
-9,95766
-7,91293
-5,52464
-2,86483
-0,254898
2,12785
4,19474
5,82941
7,00416
7,76886
8,20107
8,50584
8,74966
9,10984
9,65289
10,4397
11,4372
12,5898
13,5927
14,3962
14,8728
14,773
14,0083
12,6119
10,6946
8,42273
6,07323
3,86226
1,92282
0,543044
-0,177321
-0,232733
0,271522
1,26341
2,50465
3,66278
4,64912
5,17554
5,18663
4,59925
3,44113
1,7455
-0,299228
-2,58777
-4,98714
-7,29785
-9,42569
-11,3042
-12,8557
-14,097
-15,0057
-15,5377
-15,7317
-15,6208
-15,2773
-14,7398
-13,9862
-13,0608
-12,0744
-11,0936
-10,0796
-9,09876
-8,21216
-7,38097
-6,69385
-6,0566
-5,51356
-5,0093
-4,58263
-4,25015
-3,9343
-3,70157
-3,59074
-3,46883
-3,48546
-3,65169
-3,92876
-4,38314
-5,08688
-5,89037
-6,93767
-8,10133
-9,42569
-10,8997
-12,3792
-13,8642
-15,1942
-16,3079
-17,1558
-17,6434
-17,6988
-17,3663
-16,5739
-15,3548
-13,7368
-11,8694
-9,80804
-7,54166
-5,24758
-3,00891
-0,869979
0,991887
2,61548
3,83456
4,68237
5,12013
5,10905
4,74887
4,02296
3,03661
1,98931
0,847814
-0,205027
-1,01959
-1,66792
-2,06689
-2,15555
-2,11676
-1,9062
-1,62913
-1,34653
-1,05838
-0,991887
-0,953098
-1,06392
-1,28003
-1,59588
-1,84524
-2,15555
-2,45478
-2,65427
-2,89254
-3,15298
-3,32476
-3,50762
-3,73481
-3,84564
-3,93984
-3,95646
-3,71819
-3,3303
-2,68197
-1,71779
-0,504255
1,0473
2,77617
4,77657
6,87117
8,94915
10,9939
12,8613
14,4073
15,6375
16,513
16,8953
16,9341
16,657
16,0198
15,2717
14,3796
13,5595
12,7671
12,0966
11,5923
11,2709
10,9052
10,545
10,2569
9,66397
8,86603
7,85752
6,41125
4,58817
2,54344
0,166238
-2,32733
-4,89848
-7,46963
-9,81358
-11,7807
-13,3101
-14,3519
-14,7619
-14,5347
-13,8144
-12,6341
-11,1102
-9,35366
-7,61924
-5,91807
-4,42747
-3,16406
-2,08352
-1,19137
-0,415595
0,415595
1,34099
2,4714
3,71265
5,25312
6,94875
8,68871
10,3455
12,0412
13,5151
14,5902
15,4435
15,9976
16,2193
16,2913
16,2027
15,9921
15,7427
15,5211
15,3271
15,1554
14,9115
14,5458
14,0249
13,3378
12,3404
10,9939
9,31487
7,36988
5,11459
2,61548
0,0775777
-2,48803
-5,05918
-7,52504
-9,78034
-11,9303
-13,8532
-15,5654
-17,2112
-18,6852
-19,9042
-20,9848
-21,7495
-22,1484
-22,0653
-21,5223
-20,414
-18,663
-16,3855
-13,7202
-10,7279
-7,59154
-4,41085
-1,35207
1,4906
4,08945
6,35029
8,3119
10,0186
11,4593
12,7449
13,8365
14,7841
15,6319
16,3301
16,7346
16,9452
16,9507
16,6681
16,0253
15,2163
14,0693
12,623
10,9828
9,13201
7,03187
4,8209
2,44924
0,0277063
-2,46586
-4,92619
-7,19811
-9,27608
-11,1546
-12,7227
-13,9141
-14,7342
-15,0833
-15,0279
-14,64
-13,9363
-12,961
-11,886
-10,739
-9,52544
-8,42827
-7,453
-6,59965
-5,87374
-5,18663
-4,49951
-3,82347
-2,94795
-1,8397
-0,487631
1,11934
2,9535
5,0093
7,11499
9,20404
11,1657
12,8724
14,2244
15,2329
15,8369
16,1306
16,0863
15,909
15,6707
15,438
15,2496
15,2329
15,3438
15,4878
15,5987
15,5765
15,3327
14,8561
14,1025
12,9555
11,753
10,3566
8,88265
7,45854
6,22838
5,24204
4,46072
3,92322
3,52425
3,28597
3,08649
2,90362
2,65427
2,30517
1,85078
1,32436
0,664952
-0,0942015
-0,997428
-2,06135
-3,28597
-4,72116
-6,2838
-7,94063
-9,63072
-11,2876
-12,7892
-13,9585
-14,6234
-14,7509
-14,1856
-12,8834
-10,9108
-8,26757
-5,18663
-1,87849
1,60143
5,00376
7,97388
10,4785
12,4789
13,9474
14,8395
15,2717
15,4657
15,4047
15,3826
15,4823
15,6097
15,7427
15,9533
16,0143
15,7649
15,0944
13,9862
12,3238
10,1405
7,6137
4,7932
1,94498
-0,725906
-3,13082
-5,12013
-6,60519
-7,6137
-8,32852
-8,86603
-9,35366
-10,1073
-11,3208
-12,9943
-15,2329
-17,8373
-20,6578
-23,6224
-26,2711
-28,3934
-29,7677
-30,1888
-29,5737
-27,9224
-25,3735
-22,0819
-18,2141
-14,0582
-9,869
-5,82387
-1,96715
1,45181
4,41085
6,98754
9,07659
10,6614
11,8195
12,5066
12,7948
12,8114
12,551
12,1077
11,6256
11,0715
10,5727
10,1461
9,76371
9,47002
9,10984
8,5668
7,8963
6,90442
5,68534
4,10054
2,29963
0,410054
-1,62359
-3,56858
-5,3584
-7,06511
-8,53909
-9,81358
-10,8886
-11,8361
-12,5953
-13,1217
-13,5096
-13,6703
-13,6094
-13,3212
-12,7615
-11,9581
-10,9495
-9,71384
-8,30636
-6,76589
-5,09797
-3,27489
-1,22462
0,969722
3,35801
6,0289
8,86603
11,6699
14,435
16,9064
18,9788
20,5803
21,5223
21,7495
21,2785
20,1758
18,5078
16,3911
14,036
11,4981
8,89373
6,378
3,82902
1,31328
-1,07501
-3,45221
-5,86266
-8,21216
-10,401
-12,49
-14,4184
-16,0974
-17,5104
-18,6297
-19,4997
-20,2201
-20,7797
-21,2175
-21,489
-21,8492
-22,021
-21,9656
-21,6608
-21,0014
-19,7768
-17,7431
-15,1498
-11,9026
-8,36177
-4,33881
-0,238274
3,72373
7,39205
10,5949
13,3323
15,6042
17,394
18,8846
20,1813
21,345
22,3424
23,1902
23,6612
23,628
22,9464
21,3837
18,9179
15,6153
11,6311
7,24244
2,75401
-1,48506
-5,09242
-7,7744
-9,31487
-9,79696
-9,31487
-7,83535
-5,88483
-3,60182
-1,32436
0,914309
2,73184
3,96755
4,90956
5,45261
5,72967
5,67426
5,38057
5,08134
4,78211
4,59925
4,64912
4,87631
5,46923
6,3115
7,5195
8,96577
10,7057
12,5842
14,507
16,38
18,0701
19,5385
20,7077
21,5722
22,1983
22,4975
22,6139
22,5142
22,2039
21,6774
20,8518
19,7325
18,3471
16,6626
14,8229
12,7006
10,5339
8,3119
6,24501
4,42193
2,74847
1,31328
0,249357
-0,637246
-1,40748
-2,13893
-2,81496
-3,55749
-4,39422
-5,3307
-6,36692
-7,54166
-8,8217
-10,1128
-11,487
-12,756
-13,8975
-14,8672
-15,5543
-15,9478
-15,9866
-15,4878
-14,5624
-13,1383
-11,3097
-9,16525
-6,73264
-4,17811
-1,64576
0,803484
3,03107
4,97052
6,51653
7,67465
8,53909
9,20958
9,64734
9,87454
10,0906
10,3622
10,6171
10,811
11,0881
11,3762
11,5258
11,6976
11,7087
11,6865
11,6588
11,7253
11,8251
12,0412
12,4568
12,9444
13,4985
14,0637
14,6068
15,0501
15,3604
15,3715
15,2274
14,9836
14,5791
14,1856
13,7978
13,3212
12,8557
12,357
11,8417
11,1435
10,3012
9,39245
8,30636
6,93212
5,4249
3,91768
2,34396
0,592916
-1,17475
-2,85929
-4,5383
-6,1231
-7,53058
-8,74412
-9,65289
-10,0962
-10,0297
-9,49773
-8,43381
-6,95429
-5,15338
-3,13636
-1,15258
0,759154
2,38829
3,64061
4,50505
5,03701
5,28083
5,30299
5,25312
5,19217
5,17
5,24204
5,37503
5,52464
5,49694
5,3307
4,92064
4,20028
3,12527
1,77875
0,26044
-1,45181
-3,19177
-4,75441
-6,22838
-7,62478
-8,79953
-9,83575
-10,9163
-12,0301
-13,1328
-14,5735
-16,2802
-18,192
-20,2589
-22,4588
-24,5755
-26,5593
-28,1053
-29,1581
-29,4407
-28,7758
-27,1799
-24,5146
-20,9959
-16,6404
-11,6145
-6,16743
-0,681576
4,58263
9,32595
13,2713
16,3911
18,4247
19,4277
19,4776
18,796
17,6046
15,9866
14,2078
12,5177
10,9163
9,5476
8,38948
7,45854
6,58302
5,87928
5,2642
4,54384
4,0285
3,62399
3,3303
3,16406
3,14744
3,15852
3,14744
3,15852
2,85375
2,10014
0,842273
-0,897685
-3,15852
-5,87374
-8,95469
-12,2074
-15,5488
-18,6353
-21,3062
-23,4617
-24,98
-25,7336
-25,717
-24,836
-23,0738
-20,6024
-17,4051
-13,5151
-9,09322
-4,37206
0,48209
5,3307
9,94103
14,0416
17,5824
20,3974
22,4144
23,7499
24,2597
24,1655
23,5504
22,4809
21,0956
19,4332
17,6656
15,5543
13,4154
11,2211
8,99902
6,78251
4,5383
2,48803
0,615081
-1,13596
-2,66535
-4,12824
-5,60222
-7,13161
-8,73304
-10,6503
-12,7892
-15,1942
-17,8706
-20,6301
-23,4396
-26,1548
-28,6594
