482
63
-1.47759
-1.47759
-1.47759
-1.38668
-1.29577
-1.11395
-1.02304
-0.841222
-0.659404
-0.477586
-0.295768
-0.0230406
0.249687
0.431505
0.704232
0.976959
1.24969
1.52241
1.79514
2.15878
2.4315
2.70423
3.06787
3.3406
3.70423
3.97696
4.3406
4.70423
5.06787
5.4315
5.70423
6.06787
6.4315
6.79514
7.06787
7.3406
7.61332
7.79514
7.97696
8.06787
8.15878
8.15878
8.15878
8.15878
8.06787
7.97696
7.79514
7.70423
7.4315
7.15878
6.97696
6.61332
6.24969
5.88605
5.4315
4.97696
4.4315
3.79514
3.15878
2.4315
1.70423
1.06787
0.88605
