500
3502
-16.0102
-16.8902
-17.2458
-17.1424
-16.2896
-15.103
-13.2723
-11.1875
-9.00846
-6.85659
-4.90793
-3.18063
-1.93777
-1.05235
-0.312076
0.137894
0.319333
0.734829
1.06323
1.39345
1.95773
2.56011
3.177
3.72676
3.92635
3.74128
3.14797
2.41133
1.35717
0.0272159
-1.17028
-2.37867
-3.29494
-3.70499
-3.65237
-3.1897
-2.29884
-1.31725
-0.453598
0.0997916
0.137894
-0.375579
-1.6257
-3.55258
-5.7988
-8.23553
-10.6704
-12.5665
-13.8674
-14.419
-14.0398
-12.9675
-11.5885
-9.99186
-8.25549
-7.03259
-6.29776
-6.07459
-6.39574
-7.13419
-7.96156
-8.79074
-9.14091
-9.05019
-8.10852
-6.80035
-5.14018
-3.0881
-1.20476
0.544318
1.77811
2.29884
2.11558
1.2864
0.14878
-1.21746
-2.71615
-3.96263
-4.78274
-5.40871
-5.67542
-5.31617
-5.0041
-4.59404
-4.1096
-4.03521
-4.01525
-4.16403
-4.70472
-5.2817
-5.98931
-6.72414
-7.75653
-8.99576
-10.2677
-11.6049
-13.2215
-14.8617
-16.4402
-17.8464
-18.906
-19.3904
-19.3813
-18.5504
-16.8993
-14.8472
-12.102
-9.08648
-6.05644
-3.19878
-0.591492
1.75633
3.34574
4.33459
5.22001
5.64276
5.8623
6.18164
6.70237
7.20133
8.09582
9.14091
10.3656
11.7409
13.0455
13.8656
14.2992
14.1069
13.3176
11.6067
9.0883
6.16349
2.6472
-1.28278
-5.21457
-8.79255
-11.8571
-14.1559
-15.6364
-16.0175
-15.5312
-14.2121
-12.2236
-9.67797
-7.14871
-4.81903
-2.90303
-1.38257
-0.410053
-0.232242
-0.426382
-1.07956
-1.84887
-2.67079
-3.1516
-3.12983
-2.8105
-1.72912
-0.346549
1.613
3.8828
6.28687
8.55486
10.812
12.7751
14.3736
15.3915
16.0955
16.4602
16.3096
15.7272
14.7565
13.7404
12.3923
10.7448
8.98488
7.07069
5.05127
3.05544
0.968886
-1.01243
-2.97742
-4.75371
-6.50279
-7.93253
-9.4548
-10.8809
-12.278
-13.6969
-15.123
-16.6761
-18.3635
-20.2994
-22.357
-24.2076
-26.0801
-27.635
-28.994
-30.0228
-30.705
-30.6197
-29.8558
-28.4678
-26.1763
-22.9648
-18.8515
-13.8075
-8.0051
-1.50958
5.43955
12.2689
18.9296
24.7266
29.5782
32.9712
34.8345
35.1031
34.0072
31.7428
28.7073
25.2491
21.9614
18.9187
16.5201
14.6603
13.4174
12.6481
12.122
11.2873
10.1515
8.75989
6.83119
4.28197
1.53498
-1.25012
-3.85921
-6.18708
-7.78556
-9.14091
-10.3003
-11.0134
-11.6901
-12.5665
-13.7676
-15.2844
-17.1297
-19.091
-20.9617
-22.4622
-23.324
-23.2696
-22.4967
-20.6061
-18.1639
-15.0903
-11.7065
-8.47503
-5.41959
-2.82682
-0.745716
0.972515
2.4712
3.82474
5.23271
6.80216
8.53672
10.4963
12.6735
14.5841
16.0483
17.1152
17.6141
17.2313
16.1844
14.7528
12.8187
11.1204
9.43666
8.02506
6.84026
6.11995
5.76977
5.22001
4.5886
3.64512
2.23352
0.464485
-1.72912
-4.19851
-6.76043
-9.31328
-11.4506
-13.3612
-14.8
-15.7272
-16.3676
-16.6833
-16.8267
-16.9954
-17.293
-17.5107
-17.625
-17.7684
-17.7157
-17.3746
-16.745
-15.8723
-14.4571
-12.7624
-10.89
-8.58752
-6.14172
-3.65963
-1.18117
1.19206
3.46186
5.45951
7.14689
8.446
9.11733
9.65802
9.83401
9.53282
9.04475
8.68369
8.05228
7.78738
7.74564
7.78193
7.72024
7.63678
7.25939
6.54452
5.43774
3.81385
1.83072
-0.55339
-2.89759
-5.08756
-7.14689
-8.58571
-9.39493
-9.59995
-9.43303
-8.64195
-7.81641
-7.06525
-6.28324
-5.87319
-5.83146
-5.99657
-6.30683
-7.00719
-7.54969
-7.78193
-8.01236
-7.9924
-7.6513
-7.2866
-6.7187
-5.92762
-5.15469
-4.57409
-3.83381
-2.97198
-1.83979
-0.520731
1.22472
3.25321
5.31436
7.45897
9.27518
10.7503
11.6557
11.8806
11.4234
10.3602
9.04656
7.69303
6.48283
5.75707
5.85686
6.44291
7.72932
9.46206
11.0859
12.454
13.5045
13.7386
12.6772
11.1222
8.95403
5.99838
3.08628
0.431826
-1.59667
-3.11168
-3.83926
-4.12593
-3.91546
-3.50722
-3.10624
-3.31308
-4.08964
-5.21638
-7.12512
-9.45117
-11.8008
-14.1976
-16.3023
-17.8808
-18.8026
-18.9477
-18.3544
-17.1932
-15.4477
-13.3576
-10.9009
-8.31174
-5.59377
-2.7361
0.163295
3.10806
6.27599
9.48383
12.4359
15.1919
18.0514
20.4065
22.1646
23.6669
24.703
25.162
25.1965
24.9552
24.36
23.6869
22.8577
21.8653
20.5571
19.2289
17.6105
15.5076
13.1289
10.5688
7.59142
4.43256
1.25919
-1.90148
-5.0803
-7.98877
-10.5906
-12.8459
-14.7746
-16.3622
-17.6468
-18.5594
-19.1509
-19.5755
-19.7333
-19.5156
-18.9568
-18.1131
-16.7233
-14.751
-12.2726
-9.31147
-5.92399
-2.17183
1.69464
5.45951
8.80706
11.6956
13.7186
14.6549
14.5805
13.7477
12.2326
10.4055
8.26456
6.30502
4.73375
3.73584
3.4038
3.68503
4.32007
5.20187
6.30865
7.14871
7.41543
7.35736
6.67334
5.51031
3.90276
2.01398
-0.159667
-2.26799
-4.15133
-5.96754
-7.67851
-9.12458
-10.3257
-11.5885
-12.8931
-14.1305
-15.3788
-16.745
-18.1113
-19.1582
-19.9202
-20.1125
-19.7823
-18.5848
-16.6525
-13.9926
-10.9245
-7.53155
-3.77757
-0.0308447
3.23506
5.8623
8.17384
9.8068
10.8319
11.4434
11.5541
11.5613
11.5758
11.7391
11.9859
12.561
13.314
14.3137
15.3625
16.3731
17.0825
17.4726
17.5125
16.9283
15.4786
13.4392
10.9662
7.73839
4.17492
0.575163
-3.09717
-6.66427
-9.67072
-12.1728
-14.1414
-15.3425
-15.9322
-16.4293
-16.4511
-16.3822
-16.3241
-16.6688
-17.2004
-18.0405
-19.4811
-21.1903
-22.8795
-24.576
-25.9476
-26.853
-27.1687
-26.7024
-25.3924
-23.3531
-20.6206
-17.351
-13.637
-9.80861
-5.96935
-2.13373
1.44426
4.8281
8.06498
11.0732
13.5934
15.954
17.8899
19.3668
20.2885
20.6405
20.2305
19.131
17.5307
15.377
12.9076
10.6178
8.28089
6.29413
4.65755
3.63786
2.89033
2.69075
2.75062
2.6726
2.48209
2.05752
1.15395
-0.408238
-2.45669
-5.00228
-7.99785
-11.5232
-15.2028
-19.1255
-22.992
-26.6698
-29.9429
-33.0455
-35.6111
-37.5035
-38.7845
-39.3614
-39.1256
-38.2347
-36.7324
-34.742
-32.0404
-28.7636
-25.006
-20.8601
-16.2914
-11.3853
-6.22155
-0.830992
4.63215
10.01
15.1103
19.6626
23.7758
27.1814
29.7361
31.7192
32.9875
33.5499
33.3794
32.9204
32.1311
30.6378
28.6692
26.4938
23.8683
20.851
17.6323
14.2375
10.8102
7.5261
4.69565
2.33512
0.0997916
-1.70916
-3.38929
-4.91338
-6.42658
-8.05953
-10.2314
-12.5647
-15.1955
-17.7974
-20.3484
-22.4332
-23.8937
-24.8009
-24.9588
-24.2711
-22.9865
-21.2538
-18.9749
-16.6706
-14.3283
-12.1383
-10.1787
-8.66554
-7.14327
-5.88226
-4.88072
-3.8066
-2.60365
-1.47873
-0.00725757
1.80714
3.88824
6.16712
8.79255
11.7119
14.6258
17.42
20.3756
22.8722
24.9388
26.5663
27.3465
27.3629
26.8603
25.6392
23.6633
21.1449
18.4233
15.3189
12.2871
9.17539
6.16168
3.31853
0.767488
-1.73456
-4.19488
-6.63524
-9.05382
-11.5522
-14.3446
-17.039
-20.0327
-23.1734
-26.3268
-29.3932
-32.552
-35.3371
-37.7575
-39.6354
-40.5916
-40.3648
-38.9042
-35.9032
-31.2076
-25.0114
-17.351
-8.36617
1.51865
11.4053
21.2611
30.5272
38.6484
45.2002
50.2478
53.5173
54.9144
55.0088
53.6135
51.2621
48.4552
45.2383
41.771
38.5069
35.6819
33.3558
31.5523
30.148
29.3387
28.7164
28.3154
27.8255
27.1179
25.9549
24.4489
22.317
19.5356
16.4057
12.9058
9.20079
5.58289
2.29884
-0.812848
-3.75942
-6.17801
-8.30266
-10.3602
-12.2
-13.9273
-16.0701
-18.2347
-20.4065
-22.6327
-24.9679
-27.1179
-29.1392
-30.9408
-32.327
-33.2832
-33.9128
-34.0054
-33.5354
-33.1363
-32.3234
-31.2057
-29.7706
-28.2828
-26.5047
-24.4998
-22.2989
-19.7624
-16.8194
-13.6823
-10.3112
-6.56266
-2.97198
0.511659
3.5925
6.34856
8.39157
9.73966
10.7811
10.9843
10.6741
10.3547
9.93562
9.27881
9.09555
9.09192
9.14091
9.03024
9.13547
9.09737
8.61655
7.99966
7.11968
5.75344
4.41079
3.05362
1.45151
0.379208
-0.576977
-1.73275
-2.76332
-3.78845
-4.88072
-6.3159
-7.75109
-9.37316
-11.2619
-12.8894
-14.0851
-14.8544
-14.9034
-14.2212
-12.6481
-10.6396
-8.13211
-5.19279
-2.47846
0.0925341
2.58914
4.55413
6.15261
7.61138
8.90141
10.1025
11.5141
13.3086
15.1865
17.0154
19.0584
20.9145
22.3043
23.5272
24.3074
24.4653
24.507
24.224
23.7069
23.3875
23.0247
22.718
22.5184
22.5602
22.5257
22.3932
22.4386
22.4894
22.3479
22.1193
21.9814
21.731
21.3246
20.9163
20.0926
18.652
17.0372
14.8835
12.2599
9.19534
5.99294
2.83771
-0.175996
-2.86674
-5.14199
-7.10335
-8.42423
-9.2026
-9.77777
-10.0554
-9.99186
-9.86123
-9.54915
-8.68006
-7.58053
-6.11451
-3.96445
-1.30818
1.74908
5.17102
8.73812
12.1655
15.1883
17.8718
19.7279
20.5226
20.5172
19.8404
18.0714
15.6274
13.0183
10.1679
7.1723
4.71198
2.6853
1.34991
0.733015
1.04509
1.9541
3.38747
5.31436
7.25939
8.85968
10.0282
10.2785
9.53282
7.68214
4.61763
0.654996
-3.97715
-8.8869
-14.0924
-18.8497
-22.8124
-25.8841
-28.0433
-29.0521
-28.9142
-27.8927
-26.2543
-24.1732
-22.0304
-19.8241
-17.6413
-15.651
-14.2267
-12.7026
-11.1476
-9.57455
-7.80371
-5.56112
-2.98286
-0.177811
2.85767
6.03286
9.03931
11.7446
14.0325
15.553
16.5981
17.2331
17.5089
17.6178
17.4817
17.4998
17.5252
17.7557
17.9716
18.0514
18.0913
17.7901
17.0118
15.9485
14.6676
13.216
11.6575
10.1316
8.71272
7.25939
5.96391
4.61582
2.84678
0.930784
-1.19387
-3.57073
-6.27054
-8.97036
-11.6938
-14.1105
-16.1644
-17.9861
-19.4757
-20.8964
-22.308
-23.8085
-25.5267
-27.3502
-29.2262
-31.3455
-33.0709
-34.2793
-34.4336
-33.8221
-32.1674
-29.3569
-25.8097
-21.4334
-16.8847
-11.9895
-7.13057
-2.58914
1.41341
4.86257
7.92527
10.46
12.5338
14.4027
15.9431
16.765
17.4926
17.9861
18.055
17.7157
17.2748
16.6198
15.8632
14.8798
13.7858
12.6318
11.3127
9.81405
7.98333
5.81876
3.24958
0.212284
-3.44372
-7.03259
-10.7267
-14.3954
-17.9952
-20.9653
-23.1861
-24.9715
-25.9785
-26.4756
-26.5391
-26.4248
-26.2724
-26.4412
-26.7968
-27.3719
-28.212
-29.2535
-30.0318
-30.3258
-30.1951
-28.887
-26.677
-23.618
-19.5846
-14.8508
-9.74148
-4.52691
0.364693
4.94241
8.62563
11.4107
13.4102
14.3954
14.7311
14.4262
13.5408
12.503
11.5649
10.6142
9.85034
9.3786
9.27336
9.42214
9.90659
10.5507
11.1204
11.4561
11.6702
11.4633
10.6378
9.43847
7.79826
5.71352
3.25321
0.907197
-1.51139
-3.74672
-5.61736
-7.12875
-8.26456
-9.21349
-9.95376
-10.8664
-11.6665
-12.9584
-14.5278
-16.491
-18.5921
-20.7567
-22.8922
-24.4852
-25.5067
-25.9168
-25.1983
-23.4819
-21.0542
-18.0169
-14.4571
-10.6287
-6.9328
-3.54351
-0.693098
1.64928
3.74854
5.74074
7.39184
8.97399
10.8864
12.8604
14.7927
16.8194
18.4052
19.2652
19.3632
18.7354
17.1642
14.7728
11.9677
8.94677
5.9875
3.72132
1.88878
0.742087
0.475371
0.765674
1.46603
2.22445
2.87037
3.2151
2.95746
2.28432
1.20476
-0.653182
-2.99556
-5.6101
-8.62381
-12.1201
-15.7126
-19.4775
-23.3512
-26.8294
-29.7706
-32.0476
-33.2996
-33.1417
-31.6811
-28.8942
-24.7338
-19.6426
-13.7368
-7.26483
-0.705799
5.39419
11.1531
16.6198
21.3173
25.3688
28.8579
31.6993
33.8856
35.5276
36.5147
36.6834
36.052
35.0305
33.501
31.3963
29.1428
26.9111
24.6649
22.8178
21.4334
20.3775
19.6789
19.2162
18.6846
18.0587
17.3365
16.2842
14.6422
12.4304
10.108
7.31382
4.3872
1.41341
-1.50232
-4.06243
-6.08003
-7.72932
-8.89416
-9.34775
-9.4675
-9.53827
-9.30602
-8.90504
-8.74175
-8.63833
-8.58208
-8.55486
-8.71453
-8.53309
-7.81459
-7.05073
-5.94032
-4.43075
-2.51475
-0.785632
0.758416
1.86701
2.42221
2.35327
1.64928
0.321148
-1.31362
-3.02641
-4.6648
-5.95302
-6.71325
-6.6679
-6.07277
-4.98777
-3.58161
-2.20812
-0.988844
-0.154223
-0.00544318
-0.479
-1.71279
-3.46731
-5.70264
-7.95249
-10.0209
-12.0222
-13.4628
-14.4353
-15.005
-15.0831
-14.8526
-14.4825
-14.3664
-14.0942
-13.7622
-13.8384
-14.0035
-13.8311
-13.4737
-12.8659
-12.0421
-10.8809
-9.80498
-8.5966
-7.52066
-6.8203
-6.44291
-6.53544
-7.02714
-7.71661
-8.51313
-9.17176
-9.79409
-9.82312
-9.42396
-8.7363
-7.60594
-6.27961
-4.8027
-3.34756
-1.88697
-0.584235
0.400981
1.37531
2.4204
3.36751
4.18762
4.70835
5.09482
5.20731
5.03313
4.38357
3.06632
1.69827
0.0725757
-1.56038
-3.14253
-4.24387
-4.87165
-4.99321
-4.41079
-3.59431
-2.74699
-1.85431
-1.13944
-0.778375
-0.794704
-1.11585
-1.77085
-2.32424
-2.51475
-2.43129
-1.78173
-0.326591
1.71642
4.25838
7.19225
10.2586
13.1326
15.6528
17.6105
19.1092
19.6735
19.6154
19.0638
18.0006
16.5836
15.0576
13.5807
12.1074
11.1476
10.469
10.2277
10.3058
10.7721
11.2638
11.8734
12.4522
12.6608
12.6608
12.2544
11.4942
10.108
8.48955
6.75861
4.74827
2.85223
1.08319
-0.488072
-1.58578
-2.05934
-2.14461
-1.81984
-1.02513
0.379208
1.89967
3.47456
5.11659
6.67878
7.87447
8.92137
9.60903
9.89026
9.98642
9.97735
9.84671
9.47658
9.37678
9.30965
9.39311
9.55822
10.0245
10.6342
11.6121
12.8495
14.2484
15.8832
17.7194
19.5864
21.3336
22.9249
24.3129
25.1493
25.7753
25.8297
25.4396
24.7828
24.0062
22.9884
22.005
21.1758
20.3502
19.2924
18.2455
16.9936
15.5276
13.6805
11.3055
8.34984
5.0041
1.613
-1.68739
-5.02405
-8.05772
-10.4074
-12.2127
-13.3303
-13.5571
-13.3394
-12.9112
-12.1347
-11.2964
-10.6831
-10.1461
-9.91747
-9.74692
-9.6562
-9.40037
-8.95947
-8.31899
-7.03803
-5.33976
-3.48545
-1.21383
1.22653
3.53988
5.99113
8.44237
10.6958
13.0364
15.6201
18.1276
20.822
23.4474
25.895
28.1394
29.874
31.0243
31.1822
30.3022
28.6039
26.2361
23.2079
19.4775
15.533
11.5051
7.7656
4.45796
1.31906
-1.48417
-3.7812
-5.62099
-7.15415
-8.21376
-8.92137
-9.48202
-9.75962
-9.69067
-9.64531
-9.79954
-9.80135
-10.2949
-11.2275
-12.2508
-13.6696
-15.2228
-16.6743
-17.9099
-18.8388
-19.1691
-18.7481
-17.7538
-16.237
-14.243
-11.9351
-9.69612
-7.39002
-5.27807
-3.20785
-1.59304
0.114307
1.82891
3.39473
4.89886
6.49734
7.97607
9.48202
11.0624
12.4486
13.5626
14.7401
15.7018
16.6289
17.527
18.2873
18.6429
18.8298
18.6828
17.9462
16.7323
15.1466
12.8314
10.1443
7.02533
3.69592
0.384651
-3.14071
-6.5681
-10.108
-13.6134
-16.8811
-19.8912
-22.9611
-25.6102
-27.8382
-29.4984
-30.6052
-30.803
-30.3929
-29.0285
-27.0417
-24.4635
-21.5223
-18.1675
-14.7147
-11.5595
-8.7236
-6.04374
-3.76487
-1.80169
-0.228614
1.25919
2.56192
4.28378
5.9494
7.80371
10.0046
12.483
14.6948
16.7323
18.4379
19.5827
20.0817
19.6281
18.485
16.7723
14.6077
12.4413
9.95195
7.5515
5.71897
4.16948
2.73248
1.40434
0.28486
-1.08501
-2.69619
-4.46885
-6.5808
-9.05382
-11.6919
-14.5442
-17.5035
-20.401
-23.226
-26.0801
-29.0502
-31.6466
-34.3084
-36.8667
-38.8171
-40.5698
-41.7583
-42.1157
-41.7365
-40.5589
-38.5994
-35.4823
-31.8789
-27.5915
-22.7307
-17.4853
-12.024
-6.60621
-1.06505
3.90095
8.55668
12.933
16.6616
19.5465
21.9342
23.6506
24.5959
25.0767
25.2654
24.4961
23.5436
22.4205
20.9036
19.1219
17.3129
15.3498
13.2142
11.2148
9.21893
6.95638
5.06034
3.20785
1.07049
-1.28278
-3.6814
-6.41569
-9.58
-12.9566
-16.6634
-20.8855
-24.9443
-28.9396
-32.6554
-35.8651
-38.4361
-40.1689
-41.2593
-41.3301
-40.5281
-39.4485
-37.9208
-35.8107
-33.6679
-31.4344
-28.9287
-26.3069
-23.6724
-20.4555
-16.7523
-12.7298
-8.27182
-3.24958
2.00853
7.36825
12.6336
17.3583
21.3699
24.6776
26.9456
28.1485
28.4007
27.9017
26.57
24.7447
22.6309
20.274
17.8282
15.4514
13.0382
10.694
8.38613
6.28506
4.15496
2.20812
0.248572
-1.82347
-3.79208
-5.68994
-7.60957
-9.77414
-12.1437
-14.4444
-16.9845
-19.7696
-22.5239
-25.2056
-27.9888
-30.4745
-32.6863
-34.6948
-36.3804
-37.5652
-38.2819
-38.5087
-38.0877
-37.3384
-35.9377
-33.8929
-31.2039
-27.7892
-23.8792
-19.307
-14.1686
-8.76715
-3.05544
2.81775
8.38975
13.6515
18.456
22.2717
25.3434
27.5116
28.6928
28.9632
28.4406
27.3629
25.6755
23.7032
21.789
19.7388
17.6032
15.836
14.0488
12.385
10.8501
9.38948
8.01236
6.68241
5.43048
4.17673
2.92117
1.73819
0.466299
-0.551576
-1.49687
-2.56011
-3.62153
-4.5886
-5.66635
-6.81123
-8.19017
-9.81042
-11.5232
-13.5608
-15.7199
-18.0695
-20.4954
-22.6073
-24.3945
-25.944
-26.9329
-27.2232
-26.7496
-25.8896
-24.2584
-22.0285
-19.3559
-16.4965
-13.1616
-9.85216
-6.47738
-2.87218
0.497144
3.68685
6.6933
9.34594
11.5595
13.392
14.8599
15.7018
16.1626
16.2134
15.7961
15.2645
14.7601
14.0561
13.5136
12.9638
12.4957
12.1111
11.5795
11.0968
10.3693
9.19172
7.62227
5.45407
2.75606
-0.19414
-3.74491
-7.7529
-12.0367
-16.217
-20.265
-24.1859
-27.5008
-30.1697
-32.3524
-33.4792
-33.7241
-33.4683
-32.3379
-30.5054
-28.3154
-25.8206
-23.2188
-20.6986
-18.2292
-15.9177
-13.6043
-11.2928
-8.81795
-5.94577
-2.80324
0.649553
4.63577
8.85242
13.0908
17.2567
21.1486
24.106
26.3795
27.9852
28.7164
28.7618
28.3481
27.1597
25.7934
24.4036
23.0646
21.3844
19.7261
18.2619
16.3295
14.2285
12.425
10.6142
8.58208
6.8203
5.35609
4.04791
2.90666
1.76903
0.511659
-0.945299
-3.04637
-5.63188
-8.95947
-12.9203
-17.0952
-21.5241
-25.7027
-29.141
-31.6085
-32.9222
-32.7026
-31.3201
-28.8271
-25.2709
-21.0941
-16.8702
-12.6481
-8.68369
-5.3198
-2.33694
0.399167
2.79417
4.8916
7.38639
9.93925
12.3596
14.8563
17.6976
19.8277
21.3046
22.5402
23.0537
22.6981
21.6766
20.1851
18.3018
16.217
14.1232
11.9986
10.0136
8.13937
6.70055
4.94966
3.177
1.36624
-0.794704
-3.41106
-6.20522
-9.27881
-12.3869
-15.5748
-18.0968
-20.4518
-22.2136
-23.2696
-23.7141
-23.4982
-22.6473
-21.6221
-20.4845
-19.0548
-17.6704
-16.4928
-14.9796
-13.2251
-11.4234
-9.28969
-6.61346
-3.59613
-0.460856
3.12801
6.69874
9.99186
13.0673
15.778
17.6232
19.0874
20.1071
20.695
20.4772
20.1597
19.8132
19.3378
19.0003
18.9477
19.0656
19.2779
19.7061
20.5607
20.9635
21.5205
21.9814
21.8834
21.4352
20.597
19.1473
17.2476
15.0631
12.1982
9.13366
6.23426
2.84315
-0.696727
-4.10234
-7.37369
-10.7122
-13.8801
-16.6017
-19.1437
-21.3953
-23.0718
-24.3074
-25.2691
-25.4632
-25.1674
-24.712
-23.6524
-21.8199
-19.5936
-17.0154
-13.8928
-10.2005
-6.28143
-1.98857
2.57281
7.20314
11.6829
16.0846
20.0763
23.6034
26.8603
29.5565
31.5868
32.9621
33.9691
34.5061
34.6821
34.2576
33.3522
32.2726
31.106
29.6563
28.0977
26.726
25.4196
24.2784
23.5055
23.1408
22.9321
22.6382
22.5584
22.1955
21.3844
20.2976
18.7536
16.2352
13.7005
11.0097
8.16658
5.45225
3.28042
1.72004
0.805591
0.580606
0.994287
1.89604
3.18607
4.74645
6.25603
7.87084
9.46569
11.1621
12.7243
14.0779
15.8215
17.4871
19.1781
21.047
22.7652
24.3673
25.9313
27.3139
28.564
29.4585
29.8413
29.7125
29.1446
28.1812
26.6462
24.6068
22.3352
19.8513
17.2222
15.0087
12.8749
10.9372
9.33142
7.86539
6.23607
4.34547
2.24259
-0.279417
-3.29312
-6.53182
-9.93199
-13.2578
-16.0955
-18.2401
-19.5192
-20.0164
-19.3287
-17.7121
-15.6346
-13.0763
-10.1388
-7.21403
-4.1477
-1.09045
1.93596
4.90068
8.02869
11.3508
14.7873
18.3163
21.6493
24.7338
27.4409
29.6653
31.2293
32.1275
32.5665
32.6319
32.2254
31.7628
31.4507
31.1187
31.1132
31.2366
31.1912
31.0515
30.6868
29.845
28.359
26.4085
23.872
20.7131
17.2131
13.7785
10.2404
6.68967
3.53081
0.700356
-2.06478
-4.56138
-6.84026
-9.05382
-11.3
-13.51
-15.9267
-18.2891
-20.3611
-22.2807
-23.9427
-25.182
-25.7208
-25.8569
-25.4088
-24.2548
-22.5856
-20.4029
-17.5162
-14.2484
-10.6922
-6.53
-2.04664
2.58551
7.40091
12.2036
16.696
20.7222
24.0843
26.677
28.105
28.5985
28.1812
26.931
25.1185
22.9575
20.724
18.603
17.0988
16.0411
15.3516
15.0867
15.0758
15.1647
15.0377
14.6349
13.4428
11.6121
9.50561
6.95457
3.86647
0.849136
-2.40044
-5.70627
-8.71453
-11.4143
-14.1323
-16.5854
-18.7772
-20.7821
-22.7235
-24.4217
-25.8497
-26.8893
-27.6423
-27.8546
-27.6223
-27.2322
-26.3994
-25.2727
-24.0625
-22.8214
-21.653
-20.5825
-19.5555
-18.505
-17.8192
-17.0825
-16.2642
-15.3697
-14.3174
-13.0872
-11.3418
-9.75236
-7.6894
-5.27263
-2.90121
-0.771117
1.43156
3.31127
4.84806
5.97298
6.40481
6.11813
5.47402
4.7773
3.7812
2.47846
1.45333
0.705799
-0.139708
-0.885424
-1.43519
-2.16639
-3.23325
-4.39446
-5.90222
-7.6386
-9.71063
-11.8879
-14.0597
-15.9993
-17.7393
-19.5573
-21.0451
-22.5148
-24.0407
-25.7263
-27.3973
-29.0648
-30.8882
-32.298
-33.1689
-33.6715
-33.1072
-31.6104
-29.346
-26.3305
-22.2789
-17.6794
-12.7788
-7.66581
-2.46939
2.27343
6.73684
10.8918
14.301
16.892
18.8842
19.844
19.7696
18.7463
17.1206
14.7038
11.7736
8.57845
5.65546
3.04455
1.08138
-0.185068
-0.952556
-0.952556
-0.540689
-0.0943484
0.161481
0.0290303
-0.700356
-2.30428
-4.47792
-6.96364
-9.90659
-12.5901
-15.172
-17.2059
-18.7173
-19.4884
-19.9347
-20.0962
-20.0073
-20.0037
-20.3158
-20.9218
-21.5967
-22.6491
-23.6923
-24.6884
-25.2799
-25.133
-24.458
-23.0265
-21.1123
-18.4215
-15.0141
-11.1803
-7.12331
-2.79961
1.3862
5.20005
8.81432
11.603
13.6533
14.771
15.1393
14.5859
13.2977
11.8063
10.1298
8.65647
7.75472
7.44808
7.76742
8.75626
10.3765
12.0802
13.49
14.4698
14.5768
13.6497
11.6974
8.84335
4.91519
0.573348
-3.99529
-8.32988
-12.2308
-15.5221
-17.83
-19.189
-19.5265
-19.1019
-18.2347
-16.9609
-15.426
-13.9545
-12.679
-11.5069
-10.7848
-10.2368
-9.99912
-9.57274
-9.21167
-8.38068
-7.13601
-5.46132
-3.21873
-0.680397
2.07385
5.09663
8.13574
10.8247
12.806
14.2212
15.0685
15.1466
14.6149
13.6932
12.327
10.6287
8.98488
7.26483
5.5339
3.82111
2.16276
0.46267
-1.1848
-2.87763
-4.52691
-6.09999
-7.49526
-8.7617
-9.91384
-11.1132
-12.0349
-13.1798
-14.4353
-16.0719
-17.8192
-20.0617
-22.4332
-25.0296
-27.6604
-30.0663
-32.1855
-33.7767
-34.8164
-35.1648
-35.0142
-34.586
-33.2832
-31.6194
-29.8177
-27.7511
-25.338
-22.8523
-20.0799
-16.912
-13.6334
-10.1461
-6.34312
-2.38593
1.40615
4.95692
8.04683
10.5525
12.3361
13.3086
13.4864
12.9548
11.9405
10.7938
9.20079
7.83455
6.98179
6.60439
6.49734
6.85296
7.48256
8.21557
9.04838
9.57092
9.73966
9.46569
8.75989
7.54243
5.96935
4.43801
2.52201
0.426382
-1.42248
-3.30764
-5.31617
-7.21584
-9.03749
-10.9952
-12.9312
-14.8145
-16.6706
-18.4723
-20.0218
-21.1286
-22.0231
-22.5166
-22.5983
-22.2426
-21.5967
-20.5807
-19.1037
-17.7665
-15.8342
-13.695
-11.6121
-9.40219
-6.89651
-4.35273
-1.83979
0.879981
3.28587
5.4958
7.65674
9.48928
10.8737
11.9931
12.8767
13.4102
13.6261
13.8039
13.8057
13.6642
13.5571
13.3739
12.8822
12.1383
11.2438
10.0499
8.43693
6.69874
4.69746
2.40226
0.205026
-1.75452
-3.61246
-5.22727
-6.61528
-7.7783
-9.17357
-10.2985
-11.7355
-13.6388
-15.7126
-17.9425
-20.6859
-23.3313
-25.8261
-28.1793
-29.8323
-30.7685
-31.1604
-30.9009
-29.7361
-28.1775
-26.472
-24.4544
-22.1084
-19.8894
-17.7756
-15.5239
-13.0709
-10.7358
-8.25186
-5.47221
-2.73066
-0.00725757
2.77965
5.20912
7.38277
9.41852
11.0097
12.249
13.1961
13.911
14.4535
14.7492
14.78
14.3791
13.5463
12.405
10.7721
8.62925
6.40844
3.80297
1.11222
-1.31725
-3.5798
-5.50668
-7.00174
-8.05228
-9.17357
-10.2949
-11.3454
-12.7969
-14.673
-16.736
-19.0239
-21.5622
-24.0788
-26.0547
-27.5915
-28.6348
-28.8579
-28.466
-27.3556
-25.4868
-23.1771
-20.577
-17.7484
-14.7274
-11.6593
-8.71997
-5.86412
-3.28405
-0.923526
1.11948
2.73792
3.8701
4.64485
5.08756
5.15469
5.16921
5.15651
5.02768
4.85532
4.83717
4.77548
4.36724
3.83926
3.13164
1.85975
0.172367
-1.6892
-4.00074
-6.20341
-8.1938
-9.83945
-11.3454
-12.2798
-12.7679
-13.1725
-13.3721
-13.764
-14.4244
-15.475
-16.8158
-18.4469
-20.5534
-22.6164
-24.4925
-26.1273
-27.2032
-27.8691
-28.1884
-28.2301
-27.8963
-27.7257
-27.7185
-27.704
-27.7493
-27.8745
-27.8346
-27.1869
-25.8805
-23.7268
-20.3938
-16.2697
-11.4851
-6.00927
-0.393723
4.89886
9.60177
13.2052
15.7798
16.9265
17.1424
16.2951
14.8163
13.1271
11.3363
9.75055
8.5095
7.77105
7.05799
6.55359
6.19797
5.57382
4.5251
3.27317
1.6765
-0.114307
-1.916
-3.63604
-5.2436
-6.55177
-7.61319
-8.57301
-9.62354
-10.6723
-11.8044
-13.3013
-15.1302
-17.0698
-19.0802
-20.9145
-22.3606
-23.4819
-24.0843
-24.028
-23.2769
-22.0521
-20.626
-18.7372
-16.7686
-14.8436
-12.9421
-11.1875
-9.55459
-7.86177
-6.29594
-4.94241
-3.32578
-1.69464
-0.130636
1.41704
3.21329
4.92789
6.52093
8.14118
9.5927
11.0624
12.0875
12.835
13.3122
13.3013
12.8604
12.0331
10.7811
9.1645
7.56421
5.80243
3.92635
2.40044
0.947113
-0.306632
-1.31362
-2.34782
-3.58706
-4.76278
-5.94758
-7.66037
-9.54552
-11.4561
-13.4955
-15.5929
-17.6432
-19.6626
-21.5278
-23.1861
-24.7864
-26.4121
-27.8854
-29.0412
-29.9756
-30.6324
-30.5889
-29.8377
-28.2592
-25.7716
-22.1011
-17.7466
-12.8368
-7.40817
-1.82709
3.32215
8.05228
12.2218
15.2627
17.4037
18.8824
19.6154
19.9565
19.9438
19.659
19.5156
19.6717
19.8204
19.8857
20.2051
20.4591
20.4772
20.1343
19.4739
18.4125
16.8956
14.8889
12.7588
10.2368
7.65311
5.25811
3.10624
1.13581
-0.28486
-1.1975
-1.80532
-2.02849
-2.1174
-2.34601
-2.74155
-3.21873
-4.37269
-5.99113
-7.79826
-9.78502
-11.9931
-13.9817
-15.5856
-17.1369
-18.182
-18.9023
-19.3305
-19.4104
-19.2852
-19.0275
-18.5032
-17.8246
-16.6362
-15.0087
-12.864
-10.2767
-7.28297
-4.16948
-1.06323
1.88697
4.32551
6.29594
7.70573
8.34258
8.66554
8.64377
8.58752
8.62925
8.84517
9.29151
9.81768
10.5471
11.1694
11.3418
10.9571
10.0808
8.38613
5.86775
2.97198
-0.346549
-3.87373
-7.29023
-10.5852
-13.6642
-16.0864
-17.9008
-19.1818
-20.0454
-20.2922
-19.9003
-19.267
-18.2673
-16.892
-15.2826
-13.5626
-11.7065
-9.97553
-8.40064
-6.90014
-5.47584
-4.22391
-2.64357
-1.11404
0.832806
3.18063
6.15442
9.50379
13.1417
17.0988
20.8165
24.1387
26.7351
28.711
29.5855
29.3569
28.4588
26.7696
24.6413
22.3461
20.1833
18.2655
16.8648
15.914
15.2935
15.0341
15.0522
15.0903
15.0849
14.9361
14.4825
13.735
12.7624
11.4815
9.83038
8.20831
6.29957
4.10597
1.81076
-0.390095
-2.56555
-4.70835
-6.45017
-7.80733
-8.79436
-9.06652
-8.64014
-7.25032
-5.56293
-3.26409
-0.455413
2.19723
4.88616
7.44264
9.38586
10.8029
11.8117
12.3252
12.5919
12.7915
13.0364
13.2033
13.6043
14.3736
15.2355
15.9957
16.6452
17.2222
17.4091
17.2948
16.8321
15.8651
14.7565
13.2941
11.4906
9.5673
7.56058
5.16558
2.61454
0.137894
-2.58007
-5.09844
-7.35011
-9.37316
-10.9571
-12.4014
-13.2469
-13.9128
-14.3047
-14.7365
-15.3752
-16.2787
-17.5688
-19.0856
-20.8383
-22.6781
-24.2367
-25.6247
-26.3432
-26.1944
-25.142
-23.3331
-20.617
-17.1315
-13.3703
-9.48202
-5.42685
-1.79806
1.35717
4.15859
6.07822
7.11424
7.98514
8.46052
8.4587
8.46414
8.68913
9.07197
9.71245
10.5906
11.7319
12.9693
14.5151
15.9449
17.2313
18.3453
19.0003
19.3614
19.2689
18.8425
18.0532
16.9156
15.426
13.8202
12.0403
10.3239
8.65466
7.10154
5.67179
4.49062
3.34574
2.13191
1.03783
-0.0870909
-1.66924
-3.54532
-5.66816
-8.10308
-10.4781
-12.7425
-14.8925
-16.8684
-17.9516
-18.2328
-17.8917
-16.7015
-14.5986
-12.0312
-9.11551
-6.01108
-3.03367
-0.384651
1.94503
3.92816
5.2817
6.1889
6.96908
7.39002
7.88354
8.40608
9.06108
9.69067
10.4291
11.2946
11.8716
12.2018
12.4703
12.2744
11.7863
11.1567
10.2731
9.06652
7.98152
6.86204
5.68449
4.6013
3.50541
2.32242
0.992473
-0.041731
-1.41886
-2.85767
-4.35273
-5.99294
-7.78738
-9.52919
-11.1367
-12.8278
-14.4535
-15.8832
-16.8539
-17.6813
-17.8282
-17.4345
-16.491
-15.0286
-13.1961
-10.9281
-8.42967
-5.65728
-3.14797
-0.976144
1.15395
3.09173
4.58134
6.0637
7.46986
8.4714
9.33324
10.0445
10.2658
9.87756
8.99032
7.57691
5.3071
2.68712
0.16511
-2.4585
-4.71924
-6.09636
-6.48283
-5.9875
-4.54506
-2.34601
-0.150595
2.17727
4.34547
5.92037
6.29232
6.04919
5.09482
3.54351
1.67831
-0.00725757
-1.48417
-2.59095
-3.1516
-3.4165
-3.3149
-3.06632
-2.92843
-3.16974
-3.56347
-4.45434
-5.86775
-7.33015
-8.85787
-10.2622
-11.3744
-11.7573
-11.6012
-11.3055
-10.0989
-8.39701
-6.53544
-4.53961
-2.47302
-0.575163
1.31362
3.06088
4.70472
6.31227
7.92708
9.69975
11.2166
12.5338
13.9509
14.8925
15.2427
15.0994
14.2938
12.9403
11.2184
9.37678
7.42994
5.51394
4.06787
3.10443
2.53834
2.31698
2.35508
2.30791
2.1301
1.59122
0.420939
-1.26645
-3.48182
-6.46105
-9.69793
-12.8151
-15.963
-18.8316
-21.3028
-22.9648
-23.8103
-23.8974
-23.1462
-21.7038
-19.668
-17.0988
-14.1214
-11.2238
-8.05046
-5.07667
-2.3442
0.26853
2.74336
4.90975
6.83845
8.51495
10.1007
11.467
12.6663
14.0053
15.0105
15.9286
16.7396
17.4962
17.9407
18.5159
18.9314
19.0275
18.9477
18.5594
17.7865
16.9047
15.68
14.096
12.327
10.3638
8.30629
5.93488
3.52718
1.00155
-2.02668
-5.19642
-8.53853
-12.3687
-16.2588
-19.8857
-23.4474
-26.4666
-28.7055
-30.0518
-30.7267
-30.4074
-29.1373
-27.3012
-25.4178
-23.3875
-21.4425
-20.1343
-19.1164
-18.4651
-18.2038
-18.0296
-17.5633
-16.8648
-15.7707
-14.1323
-11.9478
-9.44392
-6.84389
-4.20758
-1.87427
0.163295
1.86883
3.18245
4.06424
4.98958
5.49943
5.90766
6.60076
7.10698
7.40817
7.66581
7.59686
7.30838
6.73684
6.06733
5.35609
4.41805
3.79753
3.3784
2.93025
2.58732
2.32787
1.80532
0.823735
-0.29756
-1.79081
-4.00437
-6.22518
-8.57119
-10.7829
-12.7243
-14.1867
-15.1593
-15.6074
-15.8796
-15.7834
-15.729
-15.4822
-15.3679
-15.3788
-15.455
-15.3226
-15.201
-14.7583
-13.7622
-12.6645
-11.193
-9.4167
-7.14145
-4.60674
-1.9414
0.809219
3.78845
7.05073
10.5979
14.1051
17.5252
20.9308
24.1296
26.6226
28.515
29.8304
30.2332
29.6708
28.8162
27.2413
25.436
23.5817
21.8761
20.4627
19.4122
18.5631
18.046
17.5905
17.3329
16.7559
15.7598
14.3283
12.6264
10.3965
7.82003
4.99865
1.98495
-1.02876
-3.88462
-6.51367
-9.21893
-11.6067
-13.9164
-16.2098
-18.525
-20.8964
-23.3004
-25.67
-27.8872
-29.7052
-31.2783
-31.9878
-31.9442
-31.1096
-29.4476
-26.7496
-23.4438
-19.5011
-15.1665
-10.7811
-6.70418
-2.8994
0.540689
3.34393
5.7099
7.81641
9.4548
10.9408
12.4776
14.3881
16.1191
17.7212
19.3342
20.5534
21.1722
21.2302
20.4319
18.8243
16.5872
13.8075
10.6886
7.71843
4.89523
2.27343
0.199583
-1.29185
-2.42766
-3.53444
-4.56501
-5.69901
-7.25576
-9.21167
-11.6067
-14.5097
-17.6631
-21.0361
-24.5016
-27.7892
-30.3911
-32.6536
-34.2267
-35.2373
-35.4768
-34.9126
-33.5318
-31.5469
-28.9486
-26.0166
-22.513
-18.5957
-14.4535
-9.94832
-5.19824
-0.578791
4.12774
8.62744
12.9493
16.5001
19.4213
21.5278
22.6146
22.6872
21.858
20.1688
18.0278
15.7653
13.4447
11.3926
9.93743
9.12095
9.07378
9.51468
10.3148
11.1222
11.8298
12.1546
11.7718
10.7975
9.09374
6.92554
4.30556
1.49506
-1.39708
-3.99348
-6.24333
-8.15025
-9.67616
-10.8972
-11.7536
-12.4377
-12.9983
-13.4102
-13.5027
-13.6442
-13.822
-13.5209
-12.9439
-12.0022
-10.5489
-8.65103
-6.68967
-4.28741
-1.50595
1.27915
4.16766
7.01626
9.69249
12.0421
13.9491
15.3933
16.2751
16.6271
16.2388
15.3026
13.7712
11.8897
9.82494
7.82548
6.2143
4.96237
4.30374
4.3364
4.84806
5.87138
7.07613
8.19017
8.97943
9.17357
8.47322
7.09609
4.57771
1.82709
-1.10134
-4.14589
-6.81305
-8.70546
-9.91929
-10.2132
-9.65802
-8.63833
-7.3991
-6.19797
-5.15651
-4.55594
-4.48155
-4.8281
-5.45588
-6.03104
-6.57899
-7.01807
-6.73321
-6.21067
-5.19279
-3.83381
-2.41133
-0.952556
0.351992
1.54586
2.44943
3.10261
3.66507
4.16948
4.65573
5.15651
5.68087
6.37759
7.2358
8.02869
8.94859
9.73603
10.2767
10.7848
11.1984
11.3871
11.5323
11.3944
11.242
10.8337
10.3185
9.70882
8.89234
7.92346
6.9328
5.78247
4.39809
2.67079
0.613265
-1.33721
-3.55621
-5.74437
-8.01236
-10.2332
-12.2834
-14.2031
-15.8759
-17.3982
-18.6356
-19.8114
-20.8673
-22.0993
-23.1226
-24.0951
-24.8463
-25.338
-25.5467
-25.211
-24.3365
-22.8033
-20.4373
-17.4853
-13.9781
-10.108
-5.75163
-1.44607
2.83227
6.98179
10.6813
13.6842
16.208
18.1711
19.3795
20.1198
20.4682
