330
1320
16.6861999999965
17.3973999999871
18.0358000000124
18.5989000000118
19.0848000000115
19.4916000000085
19.8182000000088
20.063599999994
20.2272999999986
20.3090000000084
20.3089000000036
20.2276999999885
20.0664000000106
19.8262999999861
19.5092000000004
19.1172000000079
18.652700000006
18.1185000000114
17.5179000000062
16.8543000000063
16.1314999999886
15.3536000000022
14.5247999999992
13.6496999999945
12.7333000000071
11.7802999999985
10.7961000000068
9.78591000000597
8.755170000004
7.70941999999923
6.65424999999959
5.59528000000137
4.53815999999642
3.48850999999922
2.45190000000002
1.4338200000002
0.439666000000216
-0.525306999999884
-1.45600000000013
-2.34748000000036
-3.19504999999845
-3.99423000000024
-4.74079000000347
-5.43078000000241
-6.06053999999858
-6.6267399999997
-7.12636000000202
-7.5567200000005
-7.9155099999989
-8.2007900000026
-8.41096999999718
-8.5448699999979
-8.60168000000704
-8.5809900000022
-8.48277000000235
-8.30737999999837
-8.05556999999681
-7.72847000000183
-7.3275799999974
-6.85476000000199
-6.31220999999641
-5.70249999999942
-5.02848999999696
-4.2933600000033
-3.5005799999999
-2.65385999999853
-1.75720999999976
-0.814803000000211
0.168940999999904
1.18944999999985
2.24198999999862
3.32170000000042
4.423649999997
5.54278999999951
6.67405999999755
7.81236999999965
8.95265000000654
10.0899000000063
11.2189999999973
12.3352000000014
13.4336999999941
14.5097999999998
15.5590999999986
16.5771999999997
17.5601000000024
18.5039999999863
19.4051000000036
20.2601999999897
21.0662000000011
21.8201999999874
22.5199000000139
23.1628999999957
23.7474999999977
24.272100000002
24.735400000005
25.1368000000075
25.4755000000005
25.751500000013
25.9647000000114
26.1157999999996
26.2054000000062
26.2345999999961
26.2048000000068
26.1177000000025
25.9751000000106
25.7791999999899
25.5326000000059
25.2378000000026
24.8975999999966
24.5151999999944
24.0935999999929
23.6363000000129
23.1466000000073
22.6282000000065
22.084600000002
21.5194999999949
20.9365999999864
20.3396000000066
19.7320999999938
19.117900000012
18.5003999999899
17.8831000000064
17.2693999999901
16.6626000000106
16.0657000000065
15.4815999999992
14.9131999999954
14.3628999999928
13.8329999999987
13.325800000006
12.8430999999982
12.3864999999932
11.9573999999993
11.5570000000007
11.1861000000063
10.8453000000009
10.5350000000035
10.2553000000044
10.0059999999939
9.78664000000572
9.5966000000044
9.4349499999953
9.30054999999993
9.19203999999445
9.10783999999694
9.04618999999366
9.00516000000061
8.98264000000199
8.97637999999279
8.98402000000351
9.00306000000273
9.03093999999692
9.06501000000571
9.10259999999835
9.14097999999649
9.17743999999948
9.20927000000665
9.23378999999841
9.24839999999676
9.25056000000041
9.23781000000599
9.20784000000276
9.15845000000263
9.08758000000671
8.9933699999965
8.87410000000091
8.72828999999911
8.55462999999872
8.35203999999794
8.11968000000343
7.85693999999785
7.56345000000147
7.23909999999887
6.88401999999769
6.49859000000288
6.08346999999776
5.63954999999987
5.16797999999835
4.67014000000199
4.14766999999847
3.60241999999926
3.03647999999885
2.45212000000174
1.85183999999936
1.23830000000089
0.614330000000336
-0.0170882000002166
-0.652836999999636
-1.28968999999961
-1.92431000000033
-2.55330999999933
-3.17323000000033
-3.78057999999874
-4.37185999999929
-4.9435799999992
-5.49227999999857
-6.01454999999987
-6.50705000000016
-6.96656999999686
-7.38996000000043
-7.77425000000221
-8.11660999999731
-8.41438000000198
-8.66511000000173
-8.86654000000271
-9.01664000000164
-9.11363000000711
-9.1559500000003
-9.14234000000579
-9.07179000000178
-8.94358000000648
-8.75727000000188
-8.51271999999881
-8.21008000000438
-7.8498000000036
-7.43263000000297
-6.95960999999807
-6.43209000000206
-5.85169000000315
-5.22030999999697
-4.54011999999784
-3.81356999999844
-3.04334999999992
-2.23238000000129
-1.38380999999936
-0.50099500000033
0.412519999999859
1.35302000000047
2.31663000000117
3.29935000000114
4.29707000000053
5.30558000000019
6.3206199999986
7.33785999999964
8.3529600000038
9.36157999999705
10.3594000000012
11.3421999999991
12.305600000007
13.2456999999995
14.1584000000003
15.0397999999986
15.8861999999936
16.6940999999933
17.4600999999966
18.1810000000114
18.8538999999873
19.4762000000046
20.045299999998
20.5591000000131
21.0157999999938
21.4135999999999
21.7511999999988
22.027700000006
22.2422000000079
22.3943999999901
22.4839999999967
22.5113000000129
22.4766999999993
22.3810999999987
22.225299999991
22.0107999999891
21.7391000000061
21.4120999999868
21.0320000000065
20.6008999999904
20.1216000000131
19.5966999999946
19.0291999999899
18.4223000000056
17.7791000000143
17.1032000000123
16.3979000000108
15.6670000000013
14.9140000000043
14.1428000000014
13.3570000000036
12.5605000000069
11.756899999993
10.9501000000018
10.1435999999958
9.34100000000035
8.54587000000174
7.76155999999901
6.99130999999761
6.23823999999877
5.50529000000097
4.79521999999997
4.11063000000286
3.45389000000068
2.82716000000073
2.23240000000078
1.67131999999947
1.14538999999968
0.655867999999828
0.203739999999925
-0.210239000000001
-0.585568000000421
-0.92198499999995
-1.21947999999975
-1.47825999999986
-1.69880000000012
-1.88176999999996
-2.0280700000003
-2.13881000000038
-2.2152900000001
-2.25901000000158
-2.27162999999928
-2.25497000000178
-2.21099999999933
-2.14182000000073
-2.04965000000084
-1.93678
-1.80560999999943
-1.65857999999935
-1.49819000000025
-1.32696000000033
-1.1474300000009
-0.962110999999823
-0.773506999999881
-0.584071000000222
-0.396201999999903
-0.212222000000111
-0.0343642000000273
0.135242999999946
0.294588000000203
0.441789999999855
0.575112000000445
0.692968000000292
0.793934999999692
0.876761000000442
0.940372000000025
0.983876000000237
1.00656999999956
1.00794999999925
0.987683999999717
0.945658999999978
0.881940999999642
0.79678899999999
0.690650999999889
0.564155000000028
0.41811000000007
0.253490000000056
0.0714349999998376
-0.126766000000316
-0.339682000000266
-0.565750000000662
-0.803288000000975
-1.05051000000094
-1.3055400000012
-1.56642000000102
-1.83112000000256
-2.09759000000486
-2.36371000000509
-2.62738000000536
-2.88646000000517
-3.13886000000275
-3.38248000000385
-3.61530000000494
-3.83534000000509
-4.04070000000502
-4.22956000000704
-4.40020000000368
-4.55103000000963
-4.68056000000797
-4.78745000001072
-4.87051000000793
-4.92869000000792
-4.96111000000383
-4.96706000000995
-4.94601000000694
-4.89760000000388
-4.82165000000532
-4.71818000001076
-4.58737000000838
-4.429630000006
-4.24550000000454
-4.03573000001052
-3.80124000000797
-3.54313000000548
-3.26265000000785
-2.96122000000832
-2.64038000000801
-2.30185000000711
-1.94745000000694
-1.57913000000735
-1.198920000008
-0.808973000007427
-0.411498000007214
-0.00877554000726377
0.396866999992653
0.803066999992552
1.2074499999926
1.6076199999934
2.00120999999126
2.38588999999411
2.75933999999324
3.11932999999408
3.46367999999347
3.79029999999329
4.09721999999601
4.38255999999092
4.64456999998947
4.88164999999572
5.09231999999611
5.27529999999388
5.42943999999261
5.55377999999473
5.64752999999473
5.71010999999271
5.74110999999539
5.74030999999377
5.70770999999513
5.64347999999154
5.54801999999472
5.42188999999053
5.26585999999224
5.08088999999018
4.8681199999919
4.6288599999898
4.36459999999352
4.07697999999073
3.76778999999442
3.43897999999172
3.09259999999267
2.73084999999264
2.35598999999274
1.97041999999237
1.57657999999356
1.17697999999291
0.774194999992687
0.37080699999251
-0.0305732000074386
-0.427336000007472
-0.816888000007566
-1.19666000000689
-1.56415000000743
-1.91688000000795
-2.25247000000672
-2.5686400000086
-2.86318000000756
-3.1340400000081
-3.37925000000905
-3.59700000000885
-3.7856500000089
-3.94370000000708
-4.06980000000476
-4.1628100000089
-4.22175000000425
-4.2458400000105
-4.23449000000983
-4.18729000000894
-4.10405000000901
-3.98477000000639
-3.8296400000072
-3.63906000000861
-3.41360000000714
-3.15404000000854
-2.8613500000065
-2.53666000000885
-2.18127000000823
-1.796670000007
-1.3844800000079
-0.946458000007624
-0.484523000007357
-0.000696731007337803
0.502884999992602
1.02398999999241
1.56028999999216
2.10941999999341
2.66890999999305
3.23628999999346
3.80904999999257
4.3846399999893
4.96055999999226
5.53428999999596
6.1033399999942
6.6652799999938
7.21772999998939
7.75837999999203
8.28500000000349
8.79545000000508
9.28771999999299
9.75986999999441
10.2100999999966
10.6368999999977
11.0384999999951
11.4137999999948
11.7614000000031
12.0804000000062
12.3698000000004
12.6288999999961
12.8571999999986
13.0543000000034
13.2201000000059
13.3543000000063
13.4572999999946
13.5292000000045
13.5705000000016
13.5816999999952
13.5636999999988
13.5173000000068
13.4434999999939
13.3432999999932
13.218200000003
13.0693000000028
12.8981000000058
12.7062000000005
12.4949999999953
12.266300000003
12.0215999999928
11.7627000000066
11.491399999999
11.2093000000023
10.9182000000001
10.6198000000004
10.3157999999967
10.0078999999969
9.69750999999815
9.38631000000169
9.07574000000022
8.76717000000644
8.46189999999478
8.16113999999652
7.86596000000281
7.57736999999906
7.29621000000043
7.02326000000176
6.75912000000244
6.50428999999713
6.25914999999804
6.02393000000302
5.79875000000175
5.58357999999862
5.37829000000056
5.18258999999671
4.99611000000004
4.81833000000188
4.64865999999893
4.48636000000261
4.33062999999675
4.18056999999681
4.03517999999895
3.89342000000033
3.75417000000016
3.61624999999913
3.4784499999987
3.3395300000011
3.1982199999984
3.05323000000135
2.90330000000176
2.74713999999949
2.58352000000014
2.41122000000178
2.22907000000123
2.03594000000157
1.83078000000023
1.61261000000013
1.38051000000087
1.13366999999926
0.871368000000075
0.592983999999888
0.298009000000093
-0.0139530999999806
-0.34317800000008
-0.68981900000017
-1.05390000000079
-1.43533000000025
-1.83387000000039
-2.24915999999939
-2.68071000000054
-3.12790999999925
-3.59001999999964
-4.06616000000213
-4.55537000000186
-5.05655000000115
-5.56848999999784
-6.08989000000292
-6.61935000000085
-7.1553899999999
-7.6964500000031
-8.24090000000433
-8.787049999999
-9.33315000000584
-9.87742999999318
-10.4180999999953
-10.9532000000036
-11.4811000000045
-11.9998999999953
-12.5075999999972
-13.0026999999973
-13.4832000000024
-13.9474000000046
-14.3938000000053
-14.8206000000064
-15.2263999999996
-15.6098000000056
-15.969299999997
-16.3037999999942
-16.6119999999937
-16.8929000000062
-17.1456999999937
-17.3696000000054
-17.5636999999988
-17.7277999999933
-17.8612000000139
-17.9637999999977
-18.0353999999934
-18.0760000000009
-18.085699999996
-18.0648999999976
-18.0138999999908
-17.9331999999995
-17.8234999999986
-17.6855999999971
-17.520199999999
-17.3285000000033
-17.1113999999943
-16.8702000000048
-16.6059999999998
-16.3202999999921
-16.0143999999855
-15.6897999999928
-15.3478999999934
-14.9903999999951
-14.6187000000064
-14.2344000000012
-13.8392000000022
-13.434699999998
-13.0224000000017
-12.6039000000019
-12.1806999999972
-11.7543000000005
-11.3261999999959
-10.8978000000061
-10.4704000000056
-10.045299999998
-9.62374999999884
-9.20678999999654
-8.7954999999929
-8.39082000000053
-7.99362999999721
-7.60467999999673
-7.22465999999986
-6.85414999999921
-6.4936200000011
-6.14347000000271
-5.80399000000034
-5.4753800000035
-5.15776000000187
-4.85115000000224
-4.55550000000221
-4.27068000000145
-3.99649000000136
-3.73267000000124
-3.47887999999875
-3.23474999999962
-2.99986999999965
-2.77376999999979
-2.555980000001
-2.34599000000162
-2.14328000000023
-1.94733000000087
-1.75763000000006
-1.57366999999977
-1.39496999999938
-1.22108999999909
-1.05160000000069
-0.886137999999846
-0.72437600000012
-0.566052000000127
-0.410962999999811
-0.258977999999843
-0.110032000000047
0.0358567999999195
0.17859599999997
0.318009000000075
0.453837000000021
0.585735999999997
0.713278000000173
0.835954999999558
0.953172999999879
1.06425999999919
1.16848000000027
1.26500999999917
1.35297999999966
1.43143000000055
1.49939000000086
1.55580999999984
1.5996099999993
1.6296999999995
1.64495999999963
1.64424999999937
1.62644999999975
1.5904300000002
1.53512000000046
1.45943000000079
1.36237000000074
1.24296999999933
1.10035000000062
0.933697000000393
0.742288999999801
0.525510999999824
0.282858000000033
0.0139454999998634
-0.281480000000101
-0.603530000000319
-0.952170999999908
-1.32720999999947
-1.72830000000067
-2.15492000000086
-2.60638000000108
-3.08180999999968
-3.58017000000109
-4.10022999999637
-4.6405900000027
-5.19967000000179
-5.77571000000171
-6.36677999999665
-6.97078000000329
-7.58544999999867
-8.20836000000418
-8.83696000000054
-9.46854000000167
-10.1003000000055
-10.7292000000016
-11.3522999999986
-11.9664000000048
-12.5684000000037
-13.1548000000039
-13.7225000000035
-14.2681000000011
-14.7881000000052
-15.2793999999994
-15.7385999999969
-16.1624000000011
-16.5475999999908
-16.891100000008
-17.1898999999976
-17.4410999999964
-17.6418999999878
-17.7899000000034
-17.882500000007
-17.9175999999861
-17.8930999999866
-17.8072999999858
-17.6585999999952
-17.4457999999868
-17.1679000000004
-16.8239999999932
-16.4138000000094
-15.9372000000003
-15.3941999999952
-14.7853000000032
-14.1113999999943
-13.3735000000015
-12.573000000004
-11.7115999999951
-10.7915000000066
-9.81492000000435
-8.78453999999329
-7.70332999999664
-6.57450000000244
-5.40157999999792
-4.18832999999722
-2.93878000000041
-1.65716000000066
-0.347953999998936
0.984195000000909
2.33445000000211
3.69782000000487
5.06920000000537
6.44335000000865
7.81497000000672
9.17869000001519
10.5291000000143
11.8608000000095
13.1684000000096
14.4466000000102
15.6901000000216
16.8936000000394
18.0523000000394
19.1611000000266
20.2153000000399
21.2105000000156
22.1423000000359
23.0067000000272
23.7999000000418
24.5183000000252
25.1590000000433
25.7188000000315
26.1955000000307
26.5868000000191
26.8908000000229
27.1064000000188
27.2323000000324
27.26800000004
27.2134000000369
27.0685000000231
26.8341000000364
26.5110000000277
26.1008000000147
25.60520000002
25.0265000000363
24.367200000037
23.6303000000189
22.8190000000177
21.9371000000392
20.9885000000359
19.9775000000373
18.9087000000291
17.786700000026
16.6169000000227
15.4043000000238
14.1544000000285
12.8729000000312
11.5655000000261
10.2381000000314
8.89652000002388
7.54681000002893
6.19490000003134
4.84677000002557
3.50833000002967
2.18539000002784
0.883687000028658
-0.391197999970245
-1.63384999997106
-2.83903999996983
-4.00175999997009
-5.11726999997336
-6.18105999997351
-7.18895999997039
-8.13707999997132
-9.02187999997113
-9.84015999997791
-10.5890999999683
-11.2662999999739
-11.8695999999763
-12.3974999999773
-12.8485999999684
-13.2222999999649
-13.5179999999673
-13.7357999999658
-13.8762999999744
-13.940099999978
-13.9286999999749
-13.8435999999638
-13.6869999999763
-13.4612999999663
-13.169299999965
-12.8141999999643
-12.3993999999657
-11.9288999999699
-11.406599999973
-10.8369999999704
-10.2245999999723
-9.57428999997501
-8.89104999997653
-8.18005999996967
-7.44659999997384
-6.69608999996854
-5.93398999996862
-5.1658099999695
-4.39707999997336
-3.63328999997248
-2.87990999997055
-2.14229999997042
-1.42571999997017
-0.735298999970837
-0.0759774999705769
0.547482000029049
1.13054000002921
1.66892000002917
2.15858000002845
2.59580000002825
2.97716000002765
3.29958000002807
3.56031000002986
3.7569600000279
3.88753000002907
3.95040000003064
3.9443400000273
3.8685000000296
3.72246000002997
3.50620000002891
3.22008000002825
2.8648800000301
2.44179000002987
1.95235000002867
1.39851000003
0.782569000029071
0.107199000029141
-0.624603999970532
-1.40951999997014
-2.24391999997169
-3.12390999996933
-4.04530999997223
-5.00371999997151
-5.99452999997447
-7.01293999997142
-8.05398999997124
-9.11258999997517
-10.1834999999701
-11.2615999999689
-12.3413999999757
-13.4176999999763
-14.4850999999762
-15.5382999999711
-16.572199999966
-17.5815999999759
-18.5615999999573
-19.5073999999731
-20.4141999999702
-21.2776999999769
-22.0935999999638
-22.8579999999783
-23.5670999999566
-24.2175999999745
-24.8062999999675
-25.3305999999575
-25.7878999999666
-26.1760999999824
-26.4934999999823
-26.7387999999628
-26.9108999999589
-27.0091999999713
-27.0334999999614
-26.9837999999581
-26.8607999999658
-26.6652999999642
-26.3983999999764
-26.0618999999715
-25.6575999999768
-25.1877999999851
-24.6550999999745
-24.0623999999661
-23.4127999999619
-22.709899999958
-21.9571999999753
-21.1586999999708
-20.3183999999601
-19.4407999999821
-18.5301999999792
-17.5912999999709
-16.6285999999673
-15.6468999999779
-14.6511999999639
-13.646099999969
-12.6364999999641
-11.6272999999637
-10.6231999999727
-9.6288099999656
-8.64882999997644
-7.68765999997413
-6.74961999997322
-5.83884999997099
-4.95927999997366
-4.11466999997356
-3.30851999996958
-2.54409999997006
-1.82440999997016
-1.15219999997134
-0.529905999970651
0.0403132000292317
0.556608000028973
1.01744000002873
1.42158000002928
1.76813000002949
2.05649000002813
2.28640000002997
2.45790000003035
2.57137000003058
2.62745000002906
2.62712000003012
2.57163000002765
2.46251000003031
2.30157000002873
2.0908500000296
1.83265000002939
1.52948000002834
1.18406000002869
0.7992920000288
0.378252000029079
-0.0758385999711209
-0.559630999971887
-1.06966999997348
-1.60240999997222
-2.15423999997438
-2.72150999997393
-3.30054999997446
-3.8876899999741
-4.47927999997773
-5.07168999997521
-5.66138999997929
-6.24488999997993
-6.81883999997808
-7.37996999997995
-7.92516999998043
-8.45146999998542
-8.95606999998563
-9.43632999998226
-9.88983999998891
-10.3142999999836
-10.7077999999892
-11.0684999999794
-11.39479999998
-11.6853999999876
-11.9390999999887
-12.155099999989
-12.3327999999892
-12.4717999999848
-12.5718999999808
-12.633199999982
-12.6560999999783
-12.6409999999887
-12.5886999999784
-12.5001999999804
-12.3765999999887
-12.2191999999923
-12.0295999999798
-11.8093999999837
-11.5604999999923
-11.2847999999794
-10.9843999999866
-10.6614999999874
-10.3181999999797
-9.95705999998609
-9.5803299999825
-9.1904799999902
-8.78994999999122
-8.38120999999228
-7.96668999998656
-7.54882999998517
-7.12999999998283
-6.7125199999864
-6.29864999998244
-5.89055999998527
-5.4903199999826
-5.09988999998313
-4.72112999998353
-4.35573999998451
-4.00530999998591
-3.67125999998461
-3.35486999998466
-3.05724999998711
-2.77936999998565
-2.52199999998629
-2.28575999998429
-2.07109999998647
-1.87827999998626
-1.70740999998634
-1.55842999998458
-1.43110999998498
-1.32505999998466
-1.23973999998634
-1.17445999998563
-1.12837999998555
-1.10055999998622
-1.0898999999863
-1.09520999998495
-1.11517999998614
-1.14843999998629
-1.19349999998485
-1.24881999998615
-1.31281999998464
-1.38384999998561
-1.46024999998554
-1.54031999998551
-1.62237999998615
-1.70473999998467
-1.7857399999848
-1.86373999998614
-1.93714999998519
-2.00442999998631
-2.06411999998454
-2.11480999998457
-2.15520999998625
-2.18408999998428
-2.20033999998486
-2.20295999998416
-2.19104999998672
-2.16385999998602
-2.12074999998367
-2.0611899999858
-1.98482999998487
-1.89140999998563
-1.7808199999854
-1.65310999998474
-1.50842999998531
-1.347079999985
-1.16948999998567
-0.976212999985364
-0.767917999985002
-0.54539999998542
-0.309559999985595
-0.0614016999854812
0.197975000014367
0.467381000014484
0.745552000014868
1.03115000001526
1.32278000001497
1.61900000001515
1.91832000001523
2.21922000001359
2.52017000001433
2.81963000001633
3.11605000001509
3.40791000001627
3.69369000001461
3.971940000014
4.24121000001469
4.50013000001491
4.74738000001526
4.98172000001796
5.20196000001306
5.40703000001668
5.5959200000143
5.76775000001362
5.9217100000169
6.05712000001222
6.17340000001423
6.27007000001322
6.34681000001729
6.40337000001455
6.43964000001142
6.4556300000113
6.45145000001503
6.42734000001656
6.38365000001795
6.32084000001487
6.2394600000116
6.1401800000167
6.02375000001484
5.89101000001392
5.74288000001252
5.58038000001397
5.40456000001723
5.21655000001192
5.0175300000119
4.80872000001546
4.59138000001258
4.3667800000112
4.13623000001098
3.9010400000152
3.6625000000131
3.42191000001549
3.18056000001525
2.9396900000138
2.7005300000128
2.46424000001571
2.23197000001528
2.00478000001385
1.78369000001476
1.56963000001451
1.36349000001428
1.16606000001411
0.978056000014476
0.800108000014916
0.632766000014271
0.476487000014458
0.331642000014654
0.198510000014494
0.0772844000146051
-0.0319315999854553
-0.129119999985505
-0.214347999985421
-0.287761999985378
-0.349586999985604
-0.400121999985458
-0.439730999985386
-0.468846999985544
-0.487955999985388
-0.497597999985373
-0.498358999985612
-0.490862999985438
-0.475764999985586
-0.453746999985469
-0.425506999985373
-0.391754999985551
-0.353201999985231
-0.310557999985576
-0.264517999985401
-0.215760999985378
-0.164942999985442
-0.112684999985504
-0.0595720999854734
-0.00614752998546919
0.0470953000145755
0.0997159000145302
0.151331000014579
0.2016200000146
0.250325000014527
0.297255000014502
0.342291000014484
0.385382000014488
0.426548000014463
0.465880000014749
0.503540000014254
0.539760000014212
0.574837000014668
0.609132000014142
0.643069000014293
0.677128000014818
0.711842000014258
0.74779200001467
0.785600000014711
0.825925000014649
0.869457000014336
0.916908000014701
0.969005000014477
1.02649000001475
1.09009000001424
1.16055000001506
1.23858000001383
1.32487000001493
1.42010000001392
1.5249000000149
1.63984000001437
1.76547000001483
1.90225000001374
2.05059000001347
2.21083000001454
2.38324000001376
2.56798000001436
2.76515000001382
2.97476000001552
3.19670000001497
3.43078000001333
3.67672000001403
3.93412000001626
4.20250000001397
4.48125000001164
4.76970000001165
5.06706000001577
5.37244000001374
5.68486000001576
6.00328000001173
6.3265500000125
6.65344000001642
6.98268000001553
7.31291000001511
7.64273000001413
7.97069000001648
8.29529000000912
8.61503000001539
8.92835000001651
9.23373000002175
9.52960000000894
9.81445000001986
10.0868000000191
10.3450000000157
10.5879000000132
10.8139000000083
11.0218000000168
11.2102000000159
11.378200000021
11.5245000000141
11.6483000000153
11.748700000011
11.8250000000116
11.876500000013
11.9029000000155
11.9037000000098
11.8788000000204
11.8282000000181
11.7519000000175
11.6503000000084
11.5238000000099
11.3728000000119
11.1983000000182
11.0009000000136
10.7818000000116
10.5422000000108
10.2832000000199
10.0065000000177
9.71341000001121
9.40578000001551
9.08535000000848
8.75399000001198
8.41370000001916
8.06651000001875
7.71455000001151
7.35998000001564
7.00500000001193
6.65185000001657
6.30276000001322
5.95997000001807
5.62571000001481
5.30215000001772
4.99144000001252
4.69566000001214
4.41680000001361
4.15678000001208
3.91741000001275
3.70038000001296
3.5072500000133
3.33944000001429
3.19822000001295
3.08469000001423
2.99978000001283
2.94426000001476
2.91867000001366
2.92338000001473
2.95857000001342
3.02421000001414
3.12004000001616
3.24562000001606
3.40029000001596
3.58319000001575
3.79326000001311
4.02922000001126
4.28962000001775
4.5728100000124
4.87697000001208
5.20009000001301
5.54003000001103
5.89448000001721
6.26101000001654
6.63706000001548
7.01996000001236
337.01996000018