923
92
-13.8863
-13.8761
-13.7995
-13.6564
-13.4473
-13.1727
-12.8338
-12.4317
-11.9682
-11.4452
-10.8649
-10.2298
-9.54288
-8.8071
-8.02583
-7.20263
-6.34132
-5.44589
-4.52052
-3.56956
-2.59749
-1.60894
-0.608605
0.398728
1.40822
2.41502
3.41424
4.40105
5.37064
6.31827
7.2393
8.12921
8.98361
9.79826
10.5691
11.2923
11.9643
12.5816
13.1412
13.6402
14.0759
14.4463
14.7492
14.9831
15.1468
15.2392
15.2597
15.2082
15.0846
14.8894
14.6235
14.288
13.8843
13.4142
12.88
12.284
11.6291
10.9182
10.1547
9.34211
8.48435
7.58543
6.6496
5.68128
4.68507
3.66571
2.62803
1.57698
0.517549
-0.545203
-1.60622
-2.66044
-3.70285
-4.72847
-5.73242
-6.70992
-7.65632
-8.56711
-9.43797
-10.2648
-11.0436
-11.7707
-12.4427
-13.0565
-13.6091
-14.0979
-14.5207
-14.8756
-15.1608
-15.3751
-15.5176
-15.5876
