923
96
-10.4731
-10.4595
-10.4006
-10.2968
-10.1487
-9.9572
-9.7232
-9.44789
-9.13263
-8.77892
-8.38846
-7.96308
-7.50478
-7.01568
-6.49803
-5.9542
-5.38666
-4.798
-4.19086
-3.56798
-2.93213
-2.28615
-1.6329
-0.975261
-0.316136
0.341593
0.995054
1.64141
2.27786
2.90167
3.51016
4.10074
4.6709
5.21824
5.74046
6.23538
6.70098
7.13533
7.53668
7.90342
8.23411
8.52747
8.78238
8.99791
9.17331
9.30798
9.40155
9.45381
9.46471
9.43442
9.36329
9.25182
9.1007
8.91081
8.68319
8.41901
8.11965
7.7866
7.4215
7.02614
6.60242
6.15237
5.67812
5.18189
4.66599
4.13283
3.58485
3.02457
2.45454
1.87734
1.29557
0.711848
0.128774
-0.451061
-1.0251
-1.59081
-2.14574
-2.68746
-3.21364
-3.72203
-4.21046
-4.67687
-5.11931
-5.53594
-5.92507
-6.28511
-6.61465
-6.91238
-7.17719
-7.40808
-7.60425
-7.76504
-7.88996
-7.97869
-8.03106
-8.0471
