923
89
-4.45556
-4.44482
-4.40906
-4.34817
-4.26219
-4.15128
-4.01575
-3.85604
-3.67273
-3.46654
-3.23831
-2.98901
-2.71974
-2.43171
-2.12625
-1.80478
-1.46886
-1.1201
-0.760217
-0.391002
-0.0143107
0.36794
0.753784
1.14122
1.52821
1.91271
2.29265
2.66599
3.03067
3.38469
3.72606
4.05284
4.36316
4.65521
4.92725
5.17764
5.40482
5.60735
5.7839
5.93325
6.05432
6.14618
6.20801
6.23915
6.2391
6.2075
6.14417
6.04907
5.92234
5.76426
5.57529
5.35606
5.10734
4.83007
4.52534
4.19439
3.8386
3.4595
3.05874
2.63811
2.1995
1.74492
1.27647
0.796347
0.30682
-0.189773
-0.691035
-1.19453
-1.69777
-2.19829
-2.69356
-3.18111
-3.65844
-4.12311
-4.57271
-5.00488
-5.41736
-5.80792
-6.17445
-6.51493
-6.82747
-7.11029
-7.36173
-7.5803
-7.76464
-7.91355
-8.026
-8.10113
-8.13827
