923
82
-2.98122
-2.9793
-2.95792
-2.91723
-2.85751
-2.77915
-2.68263
-2.56858
-2.43769
-2.29079
-2.12878
-1.95267
-1.76354
-1.56256
-1.35097
-1.13007
-0.90123
-0.665851
-0.42539
-0.181334
0.0648066
0.311504
0.557223
0.800432
1.03961
1.27325
1.49989
1.71807
1.92642
2.12359
2.30831
2.47936
2.63561
2.77602
2.89962
3.00555
3.09304
3.16143
3.21016
3.23881
3.24704
3.23466
3.20157
3.14782
3.07356
2.97907
2.86474
2.7311
2.57877
2.4085
2.22115
2.01767
1.79912
1.56666
1.32154
1.06507
0.798653
0.523768
0.241939
-0.0452527
-0.336182
-0.629189
-0.92259
-1.21468
-1.50376
-1.78811
-2.06605
-2.3359
-2.59602
-2.8448
-3.0807
-3.30222
-3.50793
-3.69648
-3.8666
-4.01711
-4.14694
-4.2551
-4.34073
-4.40308
-4.44153
-4.45556
