923
94
-8.13827
-8.1369
-8.09671
-8.01758
-7.89956
-7.7429
-7.54806
-7.31566
-7.04653
-6.74166
-6.40225
-6.02966
-5.62543
-5.19126
-4.72899
-4.24064
-3.72835
-3.1944
-2.64118
-2.07119
-1.48704
-0.891404
-0.28705
0.323209
0.93651
1.54996
2.16064
2.76565
3.36206
3.94701
4.51765
5.07119
5.60491
6.11616
6.60239
7.06117
7.49016
7.88717
8.25014
8.57719
8.86656
9.11669
9.32619
9.49387
9.6187
9.69989
9.73683
9.72911
9.67656
9.5792
9.43727
9.25121
9.02168
8.74957
8.43593
8.08204
7.68937
7.25959
6.79453
6.2962
5.76679
5.20861
4.62415
4.01601
3.38693
2.73972
2.07733
1.40275
0.719067
0.0294028
-0.663078
-1.35519
-2.04374
-2.72555
-3.39745
-4.05632
-4.69909
-5.32276
-5.92441
-6.50121
-7.05046
-7.56954
-8.05602
-8.50758
-8.92206
-9.29748
-9.63204
-9.92411
-10.1723
-10.3753
-10.5322
-10.6421
-10.7044
-10.7189
