923
83
-4.72094
-4.7069
-4.66693
-4.60157
-4.51151
-4.39756
-4.26067
-4.10188
-3.92237
-3.7234
-3.50632
-3.27259
-3.02373
-2.76133
-2.48702
-2.2025
-1.90951
-1.60979
-1.30512
-0.997277
-0.688034
-0.379154
-0.0723725
0.230605
0.528116
0.818549
1.10035
1.37205
1.63222
1.87954
2.11277
2.33078
2.53252
2.71705
2.88354
3.03128
3.15967
3.26821
3.35655
3.42444
3.47174
3.49846
3.50469
3.49066
3.4567
3.40326
3.33089
3.24023
3.13202
3.00711
2.86642
2.71094
2.54175
2.35997
2.16681
1.9635
1.75134
1.53164
1.30574
1.07502
0.840855
0.604619
0.36769
0.131429
-0.10282
-0.333744
-0.560063
-0.780538
-0.993978
-1.19925
-1.39527
-1.58103
-1.75559
-1.91807
-2.06771
-2.20377
-2.32565
-2.43281
-2.5248
-2.60127
-2.66195
-2.70667
-2.73536
