923
85
-5.12492
-5.12447
-5.0948
-5.03616
-4.94896
-4.83381
-4.69143
-4.52273
-4.32875
-4.11068
-3.86983
-3.60766
-3.32571
-3.02567
-2.7093
-2.37845
-2.03506
-1.68112
-1.31868
-0.949822
-0.576667
-0.201348
0.173996
0.547236
0.916264
1.279
1.63342
1.97754
2.30945
2.62732
2.92941
3.21406
3.47974
3.72502
3.94859
4.14929
4.32607
4.47803
4.60442
4.70464
4.77823
4.82489
4.84449
4.83702
4.80266
4.74171
4.65466
4.5421
4.40479
4.24364
4.05964
3.85397
3.62787
3.38273
3.12002
2.84131
2.54826
2.24258
1.92607
1.60056
1.26793
0.930111
0.589017
0.246592
-0.0952271
-0.434517
-0.769381
-1.09796
-1.41842
-1.72903
-2.02808
-2.31394
-2.5851
-2.8401
-3.07761
-3.29639
-3.49531
-3.67339
-3.82974
-3.96362
-4.07441
-4.16163
-4.22495
-4.26415
-4.27918
