923
83
-5.80141
-5.78154
-5.7284
-5.64244
-5.52429
-5.37476
-5.19483
-4.98566
-4.74857
-4.48503
-4.19666
-3.88522
-3.55258
-3.20075
-2.83182
-2.44798
-2.05151
-1.64473
-1.23003
-0.809829
-0.386579
0.0372666
0.459258
0.876964
1.28798
1.68997
2.08062
2.45772
2.81912
3.16281
3.48683
3.7894
4.06881
4.32353
4.55217
4.75349
4.9264
5.07
5.18355
5.26648
5.31841
5.33914
5.32864
5.28706
5.21475
5.11221
4.98012
4.81935
4.63091
4.41597
4.17585
3.91202
3.62607
3.31973
2.99481
2.65326
2.2971
1.92842
1.5494
1.16226
0.769246
0.372655
-0.0252152
-0.422065
-0.815607
-1.20358
-1.58377
-1.95399
-2.31215
-2.65622
-2.98425
-3.2944
-3.58494
-3.85425
-4.10084
-4.32336
-4.52061
-4.69151
-4.83517
-4.95084
-5.03794
-5.09605
-5.12492
