923
84
-2.57445
-2.57296
-2.55555
-2.52214
-2.47274
-2.40744
-2.32644
-2.23003
-2.11862
-1.99267
-1.85278
-1.69961
-1.53391
-1.35654
-1.1684
-0.970503
-0.763907
-0.549743
-0.329202
-0.103524
0.126004
0.358058
0.59128
0.824294
1.05571
1.28411
1.50812
1.72632
1.93736
2.13989
2.33258
2.51417
2.68343
2.8392
2.98038
3.10594
3.21493
3.30648
3.37982
3.43426
3.46925
3.48429
3.47903
3.45323
3.40674
3.33955
3.25177
3.14362
3.01544
2.86769
2.70095
2.51592
2.31341
2.09433
1.85971
1.61067
1.34844
1.07433
0.789726
0.496109
0.195017
-0.111945
-0.423123
-0.736814
-1.05128
-1.36477
-1.67548
-1.98165
-2.28149
-2.57322
-2.85509
-3.1254
-3.38247
-3.62469
-3.85048
-4.05837
-4.24696
-4.41491
-4.56102
-4.68417
-4.78335
-4.85769
-4.90642
-4.92891
