923
81
-4.4948
-4.47762
-4.43581
-4.36985
-4.28036
-4.16809
-4.03389
-3.87875
-3.70374
-3.51006
-3.29898
-3.07188
-2.83019
-2.57546
-2.30925
-2.0332
-1.749
-1.45837
-1.16304
-0.864782
-0.565353
-0.266516
0.0299802
0.322412
0.609087
0.888356
1.15862
1.41834
1.66604
1.90034
2.11991
2.32355
2.51013
2.67862
2.82813
2.95786
3.06713
3.15538
3.22219
3.26725
3.29039
3.29156
3.27085
3.22847
3.16476
3.08018
2.97532
2.85089
2.70771
2.5467
2.3689
2.17545
1.96757
1.74657
1.51385
1.27085
1.01911
0.76018
0.49569
0.227286
-0.0433558
-0.314545
-0.584586
-0.851787
-1.11447
-1.37097
-1.61968
-1.85901
-2.08743
-2.30347
-2.50574
-2.69291
-2.86373
-3.01707
-3.15187
-3.26719
-3.3622
-3.43617
-3.48852
-3.51876
-3.52655
