923
87
-8.03715
-8.01478
-7.95153
-7.84809
-7.70534
-7.52436
-7.30644
-7.05305
-6.76581
-6.44652
-6.09715
-5.71979
-5.31666
-4.89012
-4.44261
-3.97667
-3.4949
-2.99999
-2.49466
-1.98166
-1.46375
-0.94371
-0.424292
0.0917739
0.601803
1.10317
1.59331
2.06974
2.5301
2.97211
3.39361
3.79258
4.16715
4.51557
4.83627
5.12783
5.38902
5.61875
5.81615
5.98051
6.11129
6.20818
6.27101
6.29982
6.29483
6.25644
6.18522
6.08192
5.94746
5.78289
5.58945
5.3685
5.12155
4.85022
4.55626
4.24152
3.90793
3.55752
3.19238
2.81467
2.42658
2.03034
1.62819
1.22241
0.815233
0.408902
0.0056226
-0.392441
-0.783176
-1.16453
-1.53454
-1.89131
-2.23305
-2.55805
-2.86475
-3.15169
-3.41752
-3.66104
-3.88118
-4.07703
-4.2478
-4.39286
-4.51173
-4.60408
-4.66973
-4.70864
-4.72094
