923
93
-6.97264
-6.94098
-6.8755
-6.77617
-6.64316
-6.4768
-6.27758
-6.04617
-5.78338
-5.49019
-5.16774
-4.81732
-4.44037
-4.03846
-3.61329
-3.16671
-2.70066
-2.21721
-1.71851
-1.20681
-0.684454
-0.153828
0.38261
0.922359
1.46288
2.00162
2.53601
3.06348
3.58148
4.08748
4.57901
5.05363
5.50897
5.94273
6.3527
6.73678
7.09295
7.41934
7.71419
7.97587
8.20292
8.39401
8.54798
8.66384
8.74077
8.77813
8.77545
8.73246
8.64907
8.52538
8.36168
8.15845
7.91635
7.63625
7.31916
6.96631
6.57909
6.15906
5.70792
5.22757
4.72002
4.18744
3.63212
3.05646
2.46299
1.85433
1.23317
0.602306
-0.0354356
-0.677164
-1.31996
-1.96087
-2.59696
-3.22526
-3.84286
-4.44685
-5.0344
-5.60271
-6.14907
-6.67084
-7.16551
-7.63065
-8.06396
-8.46329
-8.82662
-9.15209
-9.438
-9.68283
-9.88525
-10.0441
-10.1584
-10.2274
-10.2506
