923
91
-8.0471
-8.02697
-7.97103
-7.87976
-7.75385
-7.59411
-7.4015
-7.17716
-6.92232
-6.63838
-6.32687
-5.9894
-5.62773
-5.24371
-4.83927
-4.41643
-3.97729
-3.52402
-3.05881
-2.58393
-2.10166
-1.6143
-1.12416
-0.633552
-0.14478
0.339885
0.818204
1.28798
1.74708
2.19342
2.62501
3.03993
3.43636
3.81258
4.16698
4.49805
4.80443
5.08486
5.33825
5.56362
5.76013
5.92711
6.06402
6.17047
6.24624
6.29124
6.30554
6.28937
6.24309
6.16722
6.06241
5.92946
5.7693
5.58299
5.3717
5.13674
4.87949
4.60148
4.30429
3.98961
3.6592
3.31487
2.95851
2.59204
2.21742
1.83664
1.45171
1.06464
0.677424
0.29206
-0.0894878
-0.46529
-0.833462
-1.19217
-1.53965
-1.87421
-2.19424
-2.4982
-2.78467
-3.05232
-3.29994
-3.52643
-3.7308
-3.9122
-4.06991
-4.20333
-4.312
-4.3956
-4.45395
-4.48698
-4.4948
