923
95
-10.7189
-10.6852
-10.6036
-10.4742
-10.2977
-10.0747
-9.80623
-9.49337
-9.13753
-8.74025
-8.3033
-7.82861
-7.31829
-6.77461
-6.20001
-5.59706
-4.96845
-4.31702
-3.64568
-2.95745
-2.25543
-1.54278
-0.822706
-0.0984404
0.626754
1.34961
2.06689
2.77536
3.47184
4.1532
4.81639
5.45844
6.07646
6.6677
7.22952
7.75941
8.25502
8.71415
9.13476
9.51499
9.85318
10.1478
10.3977
10.6017
10.7589
10.8687
10.9307
10.9445
10.9103
10.8282
10.6987
10.5223
10.2999
10.0326
9.72166
9.36844
8.9746
8.54197
8.07251
7.56837
7.03183
6.46533
5.87143
5.25281
4.61224
3.9526
3.27684
2.58797
1.88907
1.18324
0.473601
-0.236702
-0.944538
-1.6468
-2.3404
-3.0223
-3.68955
-4.33923
-4.96853
-5.57475
-6.15527
-6.7076
-7.22941
-7.71849
-8.17277
-8.59036
-8.96953
-9.30874
-9.60661
-9.86196
-10.0738
-10.2413
-10.364
-10.4413
-10.4731
