923
92
-11.8002
-11.7733
-11.6921
-11.5568
-11.368
-11.1265
-10.8334
-10.4899
-10.0976
-9.65836
-9.1741
-8.64706
-8.07968
-7.47458
-6.83456
-6.16259
-5.46181
-4.7355
-3.98703
-3.21993
-2.43779
-1.64428
-0.843137
-0.0381292
0.766947
1.5683
2.36213
3.14471
3.91232
4.66135
5.38823
6.08955
6.76196
7.4023
8.00752
8.57477
9.10137
9.58481
10.0228
10.4133
10.7545
11.0448
11.2828
11.4673
11.5977
11.6732
11.6936
11.6587
11.5689
11.4246
11.2265
10.9756
10.6732
10.3208
9.92018
9.47323
8.98219
8.44947
7.87769
7.26964
6.62831
5.95682
5.25846
4.53662
3.79483
3.03669
2.26589
1.48616
0.701286
-0.0849272
-0.868682
-1.64619
-2.41372
-3.16756
-3.9041
-4.6198
-5.31126
-5.97516
-6.60836
-7.20787
-7.77084
-8.29465
-8.77685
-9.2152
-9.6077
-9.95256
-10.2482
-10.4934
-10.6871
-10.8285
-10.917
-10.9524
