923
90
-10.9524
-10.9348
-10.8643
-10.7414
-10.5671
-10.3422
-10.0681
-9.74634
-9.37862
-8.96693
-8.51347
-8.02062
-7.49098
-6.92728
-6.33245
-5.70954
-5.06176
-4.39239
-3.70484
-3.00258
-2.28916
-1.56816
-0.84317
-0.117815
0.604311
1.31964
2.02465
2.71589
3.38999
4.04368
4.6738
5.27735
5.85143
6.39335
6.90057
7.37073
7.80168
8.19149
8.53841
8.84096
9.09786
9.30808
9.47083
9.58556
9.65199
9.67004
9.63993
9.56209
9.4372
9.26616
9.05014
8.7905
8.48881
8.14688
7.76668
7.35039
6.90033
6.41903
5.90911
5.37336
4.81467
4.23602
3.6405
3.03125
2.41147
1.78438
1.15322
0.52125
-0.108309
-0.732261
-1.34746
-1.95083
-2.53937
-3.11018
-3.66048
-4.1876
-4.68902
-5.16236
-5.60542
-6.01615
-6.3927
-6.73341
-7.03682
-7.30166
-7.52688
-7.71165
-7.85535
-7.95759
-8.01817
-8.03715
