923
89
-4.92891
-4.92468
-4.89337
-4.83478
-4.74884
-4.63563
-4.4954
-4.32853
-4.13555
-3.91715
-3.67416
-3.40754
-3.11842
-2.80804
-2.47778
-2.12914
-1.76374
-1.38332
-0.989698
-0.584812
-0.170669
0.250646
0.676982
1.10614
1.53587
1.96389
2.38792
2.80565
3.21479
3.61304
3.99817
4.36796
4.72026
5.05298
5.36411
5.65173
5.91402
6.14926
6.35587
6.53239
6.6775
6.79004
6.86899
6.9135
6.92289
6.89666
6.83449
6.73623
6.60193
6.43182
6.22632
5.98605
5.71181
5.40457
5.06551
4.69596
4.29745
3.87167
3.42045
2.9458
2.44986
1.93491
1.40334
0.857675
0.300524
-0.265409
-0.837345
-1.41244
-1.98781
-2.56052
-3.12764
-3.68622
-4.23332
-4.76603
-5.28148
-5.77687
-6.24944
-6.69655
-7.11564
-7.50428
-7.86015
-8.18108
-8.46506
-8.71024
-8.91496
-9.07772
-9.19724
-9.27243
-9.30244
