923
93
-10.2904
-10.2886
-10.2408
-10.1473
-10.0088
-9.82604
-9.60011
-9.33218
-9.02364
-8.67604
-8.29112
-7.87076
-7.41701
-6.93206
-6.41821
-5.87793
-5.31376
-4.72835
-4.12445
-3.50487
-2.8725
-2.23027
-1.58113
-0.928085
-0.274128
0.377744
1.02456
1.66336
2.29126
2.9054
3.50301
4.08141
4.63799
5.17026
5.67587
6.15256
6.59823
7.01094
7.38888
7.73042
8.03412
8.29869
8.52304
8.70628
8.8477
8.9468
9.00326
9.01699
8.98808
8.91683
8.80374
8.6495
8.45501
8.22134
7.94977
7.64172
7.29882
6.92283
6.5157
6.0795
5.61644
5.12886
4.61921
4.09004
3.54399
2.98378
2.41218
1.83203
1.24618
0.657533
0.0689664
-0.516632
-1.0964
-1.6675
-2.22717
-2.77268
-3.30141
-3.81079
-4.29838
-4.76185
-5.199
-5.60774
-5.98618
-6.33252
-6.64519
-6.92274
-7.16393
-7.36771
-7.53321
-7.65974
-7.74685
-7.79426
-7.8019
