923
91
-9.30244
-9.28662
-9.22453
-9.11599
-8.96104
-8.75994
-8.51322
-8.22161
-7.8861
-7.5079
-7.08844
-6.62938
-6.13261
-5.6002
-5.03444
-4.4378
-3.81295
-3.1627
-2.49002
-1.79804
-1.08999
-0.369246
0.360756
1.09648
1.83434
2.57069
3.30187
4.02422
4.73407
5.4278
6.10182
6.75261
7.37675
7.9709
8.53185
9.05654
9.54205
9.98563
10.3847
10.737
11.0402
11.2925
11.4922
11.6379
11.7283
11.7627
11.7402
11.6606
11.5237
11.3299
11.0795
10.7733
10.4124
9.99808
9.53201
9.01603
8.45228
7.84316
7.19131
6.49957
5.77105
5.00903
4.21699
3.39858
2.55761
1.69803
0.8239
-0.0606097
-0.951252
-1.84372
-2.73368
-3.61676
-4.48861
-5.34491
-6.18138
-6.9938
-7.77807
-8.53019
-9.24628
-9.92263
-10.5557
-11.1422
-11.6789
-12.1629
-12.5916
-12.9625
-13.2736
-13.5229
-13.7089
-13.8304
-13.8863
