923
87
-3.52655
-3.51167
-3.47404
-3.41371
-3.33084
-3.22575
-3.09889
-2.95081
-2.78223
-2.59394
-2.3869
-2.16216
-1.92086
-1.66428
-1.39378
-1.11079
-0.816859
-0.513577
-0.202616
0.114303
0.435409
0.758896
1.08293
1.40566
1.72522
2.03976
2.34744
2.64644
2.93497
3.21128
3.47369
3.72057
3.95037
4.1616
4.35289
4.52295
4.67058
4.79473
4.89443
4.96886
5.01731
5.03923
5.03418
5.00188
4.94219
4.8551
4.74077
4.59949
4.4317
4.23799
4.01908
3.77585
3.5093
3.22056
2.9109
2.58169
2.23444
1.87075
1.49232
1.10096
0.698527
0.286991
-0.131637
-0.555283
-0.981833
-1.40914
-1.83502
-2.25731
-2.67382
-3.08236
-3.4808
-3.867
-4.23891
-4.59449
-4.93179
-5.24893
-5.54411
-5.81564
-6.06193
-6.28148
-6.47294
-6.63507
-6.76679
-6.86714
-6.9353
-6.97063
-6.97264
