923
82
-4.27918
-4.27011
-4.23715
-4.18065
-4.10109
-3.99908
-3.87535
-3.73075
-3.56626
-3.38295
-3.182
-2.96467
-2.73233
-2.48642
-2.22843
-1.95994
-1.68256
-1.39794
-1.10777
-0.813773
-0.517659
-0.221155
0.0740254
0.366185
0.653655
0.934805
1.20805
1.47186
1.72477
1.96538
2.19239
2.40457
2.60078
2.77999
2.94128
3.08382
3.20692
3.30998
3.39254
3.45426
3.49492
3.51442
3.51279
3.49019
3.4469
3.38331
3.29993
3.19739
3.07643
2.9379
2.78272
2.61194
2.42669
2.22815
2.01761
1.79641
1.56595
1.32767
1.08306
0.833638
0.580945
0.326535
0.0719655
-0.18121
-0.431452
-0.677244
-0.917102
-1.14958
-1.37329
-1.58688
-1.78908
-1.9787
-2.1546
-2.31574
-2.46119
-2.59007
-2.70166
-2.79528
-2.87042
-2.92665
-2.96365
-2.98122
