923
94
-15.5876
-15.5848
-15.5095
-15.3619
-15.1429
-14.8537
-14.4956
-14.0705
-13.5805
-13.0279
-12.4155
-11.7464
-11.0236
-10.2507
-9.43155
-8.56996
-7.6701
-6.73627
-5.77294
-4.78469
-3.77622
-2.7523
-1.71776
-0.677489
0.363641
1.40075
2.429
3.44361
4.43987
5.41318
6.35907
7.2732
8.15142
8.98972
9.78434
10.5317
11.2285
11.8717
12.4584
12.9862
13.4527
13.8561
14.1947
14.4671
14.6723
14.8098
14.879
14.8799
14.8128
14.6783
14.4773
14.2109
13.8807
13.4885
13.0364
12.5266
11.9618
11.3449
10.6788
9.96696
9.21275
8.41987
7.59212
6.73347
5.848
4.93989
4.0134
3.07286
2.12264
1.16713
0.210708
-0.742254
-1.68743
-2.62056
-3.53745
-4.43402
-5.3063
-6.15046
-6.96281
-7.73984
-8.47821
-9.1748
-9.82666
-10.4311
-10.9857
-11.4881
-11.9365
-12.329
-12.6642
-12.941
-13.1585
-13.3159
-13.413
-13.4496
