923
94
-10.2506
-10.2275
-10.1582
-10.0426
-9.88105
-9.67404
-9.4223
-9.12675
-8.78852
-8.40894
-7.98954
-7.53205
-7.03837
-6.51057
-5.95091
-5.36179
-4.74575
-4.10549
-3.44382
-2.76365
-2.06801
-1.36001
-0.642819
0.080329
0.806159
1.53137
2.25264
2.96667
3.67016
4.35986
5.03256
5.68511
6.31446
6.91763
7.49177
8.03412
8.5421
9.01324
9.44525
9.836
10.1835
10.4861
10.7422
10.9505
11.1098
11.2192
11.2781
11.286
11.2426
11.1481
11.0027
10.8068
10.5613
10.267
9.92526
9.53738
9.10503
8.63006
8.11453
7.56069
6.97097
6.34798
5.6945
5.01345
4.30789
3.581
2.83608
2.07651
1.30577
0.527368
-0.255108
-1.03806
-1.81786
-2.59091
-3.35362
-4.10242
-4.83383
-5.54442
-6.23085
-6.8899
-7.51844
-8.1135
-8.67225
-9.19202
-9.67034
-10.1049
-10.4936
-10.8345
-11.126
-11.3667
-11.5552
-11.6908
-11.7726
-11.8002
