923
86
-7.8019
-7.76991
-7.69861
-7.58856
-7.44048
-7.2553
-7.03412
-6.77826
-6.48918
-6.16851
-5.81806
-5.43977
-5.03573
-4.60815
-4.15936
-3.69179
-3.20796
-2.71048
-2.202
-1.68525
-1.16297
-0.637932
-0.112909
0.409331
0.926045
1.43453
1.93212
2.41625
2.88439
3.33414
3.76319
4.16934
4.55054
4.90487
5.23056
5.52599
5.78973
6.0205
6.21722
6.379
6.50513
6.5951
6.64859
6.6655
6.6459
6.59009
6.49854
6.37193
6.21111
6.01715
5.79125
5.53483
5.24942
4.93676
4.59869
4.2372
3.85441
3.45254
3.0339
2.6009
2.15602
1.70179
1.24078
0.775595
0.308857
-0.156819
-0.618831
-1.07461
-1.52162
-1.9574
-2.37954
-2.78574
-3.17378
-3.54155
-3.88707
-4.20848
-4.50408
-4.7723
-5.01175
-5.2212
-5.39959
-5.54605
-5.65986
-5.74055
-5.78777
-5.80141
