923
95
-13.4496
-13.4259
-13.3424
-13.1998
-12.9992
-12.7416
-12.4287
-12.0622
-11.644
-11.1763
-10.6614
-10.1021
-9.50094
-8.86098
-8.18528
-7.47705
-6.73966
-5.97656
-5.19131
-4.38752
-3.56889
-2.73914
-1.90203
-1.06131
-0.220735
0.615971
1.44512
2.2631
3.06633
3.85137
4.61485
5.35353
6.06428
6.74415
7.39031
8.00012
8.57111
9.10098
9.58766
10.0293
10.4241
10.7707
11.0678
11.3145
11.5099
11.6535
11.745
11.7842
11.7713
11.7066
11.5908
11.4246
11.2091
10.9455
10.6352
10.2799
9.88131
9.44151
8.96265
8.44704
7.89715
7.31559
6.70509
6.0685
5.40875
4.72886
4.03194
3.32115
2.59967
1.87075
1.13763
0.403561
-0.328226
-1.05452
-1.77214
-2.47797
-3.16897
-3.84216
-4.49465
-5.12368
-5.72657
-6.3008
-6.84396
-7.35381
-7.82825
-8.26535
-8.66335
-9.02066
-9.33591
-9.60788
-9.83556
-10.0182
-10.1551
-10.2459
-10.2904
