330
1320
13.0104
13.8641
14.6901
15.4793
16.223
16.9127
17.5403
18.0985
18.5802
18.9795
19.291
19.5101
19.6334
19.6582
19.5829
19.4068
19.1304
18.7548
18.2825
17.7168
17.0617
16.3222
15.5041
14.6138
13.6584
12.6454
11.5829
10.4793
9.34314
8.18319
7.00829
5.82724
4.6487
3.48114
2.33275
1.21135
0.124371
-0.921253
-1.91909
-2.86325
-3.74846
-4.57001
-5.32381
-6.00641
-6.61494
-7.14714
-7.60131
-7.97634
-8.27159
-8.48696
-8.62277
-8.67977
-8.65906
-8.56211
-8.39066
-8.1467
-7.83247
-7.45037
-7.00297
-6.49295
-5.92313
-5.2964
-4.61571
-3.88409
-3.10462
-2.28042
-1.41467
-0.510599
0.428509
1.39931
2.3984
3.4223
4.46744
5.53017
6.60676
7.69338
8.7861
9.8809
10.9737
12.0603
13.1365
14.198
15.2405
16.2597
17.2513
18.211
19.1347
20.0184
20.8581
21.6502
22.3912
23.0778
23.7071
24.2765
24.7836
25.2267
25.6042
25.9151
26.1587
26.3349
26.4439
26.4864
26.4636
26.3772
26.2291
26.0217
25.7579
25.4409
25.074
24.6611
24.2062
23.7133
23.1868
22.6312
22.051
21.4508
20.8349
20.2079
19.5741
18.9376
18.3026
17.6728
17.0519
16.4431
15.8495
15.2738
14.7186
14.1861
13.6779
13.1958
12.7409
12.3142
11.9163
11.5475
11.2081
10.8979
10.6164
10.3632
10.1375
9.93822
9.76439
9.61473
9.48786
9.3823
9.29648
9.22872
9.1773
9.14041
9.11619
9.10276
9.09815
9.10041
9.10752
9.11746
9.12818
9.13761
9.14368
9.14433
9.13748
9.12107
9.09308
9.05149
8.99434
8.91973
8.82582
8.71086
8.5732
8.4113
8.22376
8.00935
7.767
7.49583
7.19516
6.86456
6.50382
6.113
5.69241
5.24267
4.76466
4.25955
3.72882
3.17422
2.59781
2.00192
1.38914
0.762328
0.124561
-0.520854
-1.17043
-1.82049
-2.46727
-3.10684
-3.73524
-4.34846
-4.94246
-5.51326
-6.05693
-6.56962
-7.04764
-7.48744
-7.88565
-8.23916
-8.54505
-8.80071
-9.00378
-9.15224
-9.24436
-9.27875
-9.25434
-9.17041
-9.02658
-8.82281
-8.55938
-8.2369
-7.85632
-7.41886
-6.92605
-6.3797
-5.78188
-5.13488
-4.44125
-3.70372
-2.92522
-2.10887
-1.2579
-0.375712
0.534192
1.4682
2.42263
3.39371
4.37763
5.37052
6.36851
7.36769
8.36416
9.35402
10.3334
11.2985
12.2454
13.1706
14.0702
14.9408
15.7788
16.5809
17.3438
18.0645
18.7399
19.3674
19.9443
20.4683
20.9372
21.3491
21.7022
21.9952
22.2269
22.3965
22.5035
22.5475
22.5286
22.4473
22.3043
22.1005
21.8374
21.5165
21.1399
20.7099
20.229
19.6999
19.1259
18.5101
17.856
17.1674
16.448
15.7019
14.9329
14.1454
13.3434
12.531
11.7124
10.8916
10.0727
9.25948
8.45571
7.66495
6.89061
6.13586
5.40369
4.69683
4.01777
3.36874
2.75171
2.16839
1.62022
1.10835
0.633683
0.196862
-0.201733
-0.561965
-0.883933
-1.16796
-1.41459
-1.62455
-1.79877
-1.93835
-2.04455
-2.11876
-2.16253
-2.17749
-2.16542
-2.12814
-2.0676
-1.98579
-1.88475
-1.76659
-1.63345
-1.48747
-1.33083
-1.16572
-0.994317
-0.818791
-0.641288
-0.463928
-0.288789
-0.117902
0.0467619
0.203299
0.349885
0.484787
0.60637
0.713113
0.803616
0.876614
0.930982
0.965752
0.980121
0.973456
0.945305
0.895406
0.823689
0.730283
0.615516
0.479921
0.324231
0.149376
-0.0435163
-0.253133
-0.477981
-0.7164
-0.966573
-1.22654
-1.49422
-1.76743
-2.04388
-2.32122
-2.59707
-2.86902
-3.13463
-3.39153
-3.63734
-3.8698
-4.0867
-4.28596
-4.46562
-4.62386
-4.75903
-4.86967
-4.9545
-5.01244
-5.04263
-5.04441
-5.01735
-4.96126
-4.87614
-4.76223
-4.61998
-4.45005
-4.25329
-4.03076
-3.78368
-3.51344
-3.22159
-2.9098
-2.57988
-2.23374
-1.87338
-1.50089
-1.1184
-0.728093
-0.332195
0.0670635
0.467444
0.866716
1.26267
1.65313
2.03597
2.40909
2.77047
3.11816
3.45029
3.76505
4.06075
4.33577
4.58862
4.8179
5.02233
5.20075
5.35213
5.47556
5.57028
5.63566
5.67123
5.67665
5.65178
5.59659
5.51125
5.39609
5.25162
5.07851
4.87761
4.64997
4.39678
4.11943
3.81948
3.49863
3.15878
2.80194
2.4303
2.04615
1.65193
1.25015
0.843436
0.434483
0.0260336
-0.37913
-0.778208
-1.16841
-1.54696
-1.91114
-2.25829
-2.58584
-2.89132
-3.17242
-3.42692
-3.65281
-3.84824
-4.01155
-4.14129
-4.23621
-4.29531
-4.3178
-4.30314
-4.251
-4.16131
-4.03423
-3.87014
-3.66965
-3.43358
-3.16296
-2.85902
-2.52316
-2.15696
-1.76215
-1.3406
-0.894291
-0.425332
0.0640881
0.571703
1.09519
1.63217
2.18025
2.73702
3.30005
3.86694
4.4353
5.0028
5.56711
6.12598
6.67723
7.21872
7.74841
8.26434
8.76461
9.24746
9.71118
10.1542
10.575
10.9722
11.3447
11.6911
12.0106
12.3022
12.5651
12.7987
13.0025
13.1762
13.3194
13.4321
13.5143
13.5663
13.5883
13.5809
13.5446
13.4803
13.3887
13.271
13.1284
12.962
12.7733
12.5638
12.335
12.0887
11.8266
11.5505
11.2623
10.9638
10.6569
10.3435
10.0255
9.70474
9.38298
9.06193
8.74324
8.42844
8.11895
7.81607
7.52097
7.23468
6.95806
6.69182
6.4365
6.19249
5.95999
5.73905
5.52955
5.33119
5.14355
4.96605
4.79796
4.63844
4.48653
4.34117
4.20121
4.06542
3.93252
3.80117
3.67004
3.53773
3.40287
3.2641
3.12009
2.96952
2.81116
2.6438
2.46633
2.27769
2.07693
1.86317
1.63563
1.39362
1.13657
0.864005
0.575542
0.270917
-0.0500381
-0.387384
-0.74108
-1.11099
-1.49687
-1.89838
-2.31511
-2.74652
-3.19201
-3.65087
-4.12233
-4.6055
-5.09946
-5.60315
-6.11549
-6.63529
-7.1613
-7.69219
-8.22659
-8.76303
-9.30001
-9.83596
-10.3693
-10.8983
-11.4213
-11.9367
-12.4426
-12.9372
-13.419
-13.886
-14.3366
-14.769
-15.1816
-15.5729
-15.9412
-16.285
-16.6031
-16.8942
-17.157
-17.3906
-17.594
-17.7665
-17.9076
-18.0166
-18.0934
-18.1379
-18.15
-18.1299
-18.0782
-17.9952
-17.8818
-17.7386
-17.5669
-17.3676
-17.1421
-16.8916
-16.6178
-16.3221
-16.0062
-15.6717
-15.3205
-14.9542
-14.5747
-14.1836
-13.7829
-13.3741
-12.959
-12.5392
-12.1163
-11.6917
-11.2669
-10.8433
-10.4219
-10.004
-9.59059
-9.18259
-8.78083
-8.38604
-7.99884
-7.61976
-7.24925
-6.88765
-6.53524
-6.19221
-5.85868
-5.53472
-5.22033
-4.91545
-4.62
-4.33383
-4.05678
-3.78866
-3.52924
-3.27827
-3.03551
-2.80069
-2.57352
-2.35374
-2.14105
-1.93518
-1.73584
-1.54277
-1.3557
-1.17438
-0.998571
-0.828052
-0.662623
-0.502107
-0.346355
-0.195249
-0.0487081
0.0933115
0.230807
0.363728
0.491969
0.615369
0.733702
0.846678
0.953938
1.05505
1.14951
1.23673
1.31605
1.38675
1.44802
1.49897
1.53867
1.5661
1.58023
1.57993
1.56408
1.53151
1.48104
1.4115
1.32173
1.21061
1.07703
0.919984
0.738517
0.531774
0.299012
0.0396081
-0.246916
-0.560888
-0.902465
-1.27163
-1.66816
-2.09166
-2.54151
-3.01688
-3.51674
-4.03981
-4.58463
-5.1495
-5.73255
-6.33165
-6.94453
-7.56872
-8.20156
-8.84025
-9.48185
-10.1233
-10.7614
-11.3929
-12.0145
-12.6227
-13.2141
-13.7854
-14.3331
-14.8537
-15.3439
-15.8005
-16.2203
-16.6
-16.9368
-17.2278
-17.4703
-17.6617
-17.7998
-17.8822
-17.9072
-17.8728
-17.7775
-17.6201
-17.3995
-17.1148
-16.7655
-16.3512
-15.872
-15.328
-14.7197
-14.0479
-13.3136
-12.5182
-11.6633
-10.7507
-9.78269
-8.76164
-7.69031
-6.5717
-5.40907
-4.20594
-2.9661
-1.69356
-0.392566
0.932426
2.27675
3.63557
5.00387
6.37651
7.74821
9.11361
10.4673
11.8037
13.1174
14.4029
15.6547
16.8675
18.0361
19.1551
20.2198
21.2253
22.1671
23.0409
23.8427
24.5688
25.2158
25.7808
26.261
26.6543
26.9588
27.1731
27.2962
27.3276
27.2672
27.1152
26.8726
26.5404
26.1203
25.6144
25.0251
24.3552
23.608
22.787
21.8961
20.9394
19.9215
18.8471
17.721
16.5486
15.3351
14.086
12.8068
11.5034
10.1814
8.84669
7.505
6.16213
4.82384
3.4958
2.18358
0.89267
-0.37162
-1.60412
-2.79985
-3.95404
-5.06213
-6.11982
-7.12306
-8.06809
-8.95144
-9.76996
-10.5208
-11.2015
-11.81
-12.3444
-12.8034
-13.186
-13.4915
-13.7199
-13.8712
-13.946
-13.9455
-13.871
-13.7242
-13.5076
-13.2235
-12.8751
-12.4656
-11.9987
-11.4784
-10.909
-10.2952
-9.64178
-8.95378
-8.23652
-7.49542
-6.73608
-5.96418
-5.18545
-4.40567
-3.6306
-2.86598
-2.11743
-1.39048
-0.690498
-0.0226694
0.608043
1.19693
1.73955
2.23178
2.66983
3.05024
3.36996
3.6263
3.81697
3.94011
3.99427
3.97841
3.89195
3.73469
3.50688
3.20916
2.84261
2.40864
1.9091
1.34617
0.722361
0.0405407
-0.696136
-1.48423
-2.32002
-3.19959
-4.11875
-5.07316
-6.0583
-7.06949
-8.10195
-9.15078
-10.211
-11.2777
-12.3457
-13.41
-14.4655
-15.5074
-16.5306
-17.5303
-18.5018
-19.4404
-20.3417
-21.2014
-22.0153
-22.7795
-23.4904
-24.1445
-24.7386
-25.2698
-25.7356
-26.1335
-26.4618
-26.7186
-26.9029
-27.0135
-27.0501
-27.0124
-26.9007
-26.7155
-26.4579
-26.1292
-25.7312
-25.2659
-24.7358
-24.1438
-23.4931
-22.7869
-22.0292
-21.224
-20.3754
-19.4881
-18.5666
-17.6158
-16.6406
-15.6462
-14.6376
-13.62
-12.5985
-11.5781
-10.564
-9.56111
-8.57412
-7.60772
-6.66633
-5.75419
-4.87529
-4.03335
-3.23183
-2.4739
-1.76242
-1.09992
-0.488644
0.0695272
0.573024
1.02061
1.41137
1.74473
2.0204
2.23844
2.39917
2.50321
2.55147
2.5451
2.48551
2.37435
2.21345
2.0049
1.75093
1.45398
1.11661
0.741543
0.331635
-0.110155
-0.580767
-1.07706
-1.5958
-2.13374
-2.68754
-3.25387
-3.82935
-4.41061
-4.9943
-5.57709
-6.15568
-6.72682
-7.28734
-7.83415
-8.36424
-8.87475
-9.3629
-9.82609
-10.2619
-10.6679
-11.0422
-11.3828
-11.688
-11.9564
-12.1868
-12.3781
-12.5297
-12.6412
-12.7122
-12.7429
-12.7336
-12.685
-12.5978
-12.4732
-12.3125
-12.1174
-11.8895
-11.6309
-11.3438
-11.0305
-10.6935
-10.3353
-9.95873
-9.56647
-9.16132
-8.74612
-8.32366
-7.89674
-7.46807
-7.04031
-6.616
-6.19758
-5.78733
-5.3874
-4.99976
-4.62619
-4.26832
-3.92754
-3.60507
-3.30192
-3.0189
-2.75662
-2.5155
-2.29577
-2.09747
-1.92049
-1.76455
-1.62922
-1.51394
-1.41801
-1.34065
-1.28095
-1.23794
-1.21058
-1.19773
-1.19825
-1.21093
-1.23454
-1.26783
-1.30951
-1.35832
-1.41296
-1.47216
-1.53463
-1.5991
-1.66431
-1.729
-1.79195
-1.85192
-1.90772
-1.95816
-2.0021
-2.03839
-2.06594
-2.0837
-2.09064
-2.08578
-2.06822
-2.03711
-1.99166
-1.93117
-1.85504
-1.76276
-1.65392
-1.52824
-1.38555
-1.22585
-1.04924
-0.855996
-0.646527
-0.421407
-0.181365
0.0727149
0.339795
0.618689
0.908069
1.20647
1.51232
1.8239
2.13945
2.45709
2.77489
3.09089
3.4031
3.70953
4.00822
4.29723
4.57472
4.8389
5.08812
5.32081
5.53558
5.73117
5.9065
6.06065
6.1929
6.30272
6.38977
6.45391
6.49517
6.51379
6.51017
6.48489
6.43867
6.37239
6.28703
6.1837
6.06359
5.92798
5.77817
5.61554
5.44144
5.25726
5.06436
4.86406
4.65767
4.44641
4.23145
4.0139
3.7948
3.57509
3.35564
3.13724
2.92063
2.70645
2.49527
2.28764
2.08402
1.88484
1.69051
1.5014
1.31787
1.14025
0.968894
0.804143
0.646348
0.495864
0.353061
0.218313
0.092005
-0.0254783
-0.133753
-0.232446
-0.3212
-0.399685
-0.467608
-0.52472
-0.57083
-0.605816
-0.62963
-0.642311
-0.643991
-0.6349
-0.615376
-0.585859
-0.5469
-0.499153
-0.443373
-0.380411
-0.3112
-0.236747
-0.15812
-0.0764288
0.00719041
0.0915947
0.175655
0.258275
0.338417
0.415118
0.487514
0.554855
0.616529
0.672075
0.721195
0.763767
0.799856
0.829712
0.853778
0.872683
0.887241
0.898435
0.907409
0.915452
0.923974
0.934486
0.948578
0.967887
0.994072
1.02878
1.07364
1.13018
1.19985
1.28399
1.38377
1.5002
1.63408
1.78602
1.95639
2.14534
2.35278
2.57836
2.82151
3.08144
3.35713
3.64734
3.95067
4.26555
4.59027
4.92301
5.26188
5.60491
5.95013
6.29558
6.63931
6.97946
7.31424
7.64198
7.96114
8.27033
8.5683
8.85399
9.12651
9.38511
9.62925
9.85852
10.0727
10.2715
10.4551
10.6235
10.7769
10.9154
11.0392
11.1485
11.2435
11.3244
11.3911
11.4436
11.4818
11.5055
11.5141
11.5073
11.4845
11.4449
11.3877
11.3122
11.2173
11.1021
10.9658
10.8074
10.6263
10.4218
10.1933
9.94078
9.66407
9.3635
9.03967
8.69355
8.32645
7.94013
7.53671
7.11876
6.68926
6.25158
5.80951
5.36716
4.92902
4.49982
4.08456
3.68839
3.31661
2.97453
2.66746
2.40059
2.17894
2.00723
1.88988
1.83085
1.83361
1.90108
2.0355
2.23845
2.51075
2.85242
3.26269
3.73993
4.28167
4.88458
5.54452
6.25653
7.01492
7.81325
8.64445
9.50087
10.3744
11.2564
12.1381
