880
184
0.725543
0.475543
0.225543
-0.774457
-1.02446
-1.52446
-1.77446
-1.52446
-1.27446
-0.774457
0.225543
1.47554
2.72554
2.97554
2.97554
3.22554
2.97554
2.72554
2.47554
1.97554
1.47554
0.975543
0.725543
0.475543
0.475543
0.475543
0.725543
0.975543
1.22554
1.22554
1.22554
1.47554
1.72554
1.97554
1.97554
1.97554
1.97554
1.97554
1.72554
1.72554
1.47554
1.47554
0.725543
-0.0244565
-0.524457
-0.774457
-1.02446
-1.52446
-2.52446
-3.02446
-3.52446
-4.27446
-4.77446
-5.27446
-5.77446
-6.27446
-6.52446
-7.02446
-7.27446
-7.27446
-7.52446
-7.77446
-8.02446
-8.02446
-8.02446
-8.02446
-8.02446
-8.02446
-8.02446
-7.77446
-7.77446
-7.77446
-7.52446
-7.27446
-7.02446
-6.77446
-6.52446
-6.27446
-6.02446
-5.77446
-5.52446
-5.27446
-5.02446
-4.52446
-4.27446
-3.77446
-3.27446
-2.27446
-1.77446
-1.27446
-0.774457
-0.274457
0.225543
0.475543
0.725543
0.975543
0.975543
1.22554
1.22554
1.47554
1.47554
1.72554
1.97554
2.22554
2.47554
2.72554
2.97554
3.22554
3.22554
3.47554
3.72554
3.97554
4.22554
4.22554
4.22554
4.22554
4.22554
4.22554
4.22554
4.22554
4.22554
4.22554
4.22554
3.97554
3.97554
3.72554
3.47554
3.22554
2.97554
2.97554
2.72554
2.47554
2.47554
2.47554
2.47554
2.47554
2.47554
2.47554
2.47554
2.47554
2.47554
2.22554
2.22554
2.22554
1.97554
1.97554
1.97554
1.97554
1.97554
1.97554
1.97554
1.97554
1.97554
1.97554
1.97554
1.97554
1.97554
1.97554
1.97554
1.97554
1.97554
1.72554
1.72554
1.72554
1.72554
1.72554
1.72554
1.47554
1.47554
1.47554
1.22554
1.22554
0.975543
0.975543
1.22554
0.975543
0.975543
0.975543
0.725543
0.725543
0.725543
0.725543
0.725543
0.725543
