880
199
-1.29397
-1.54397
-1.79397
-2.04397
-2.04397
-2.29397
-2.29397
-2.04397
-2.04397
-1.79397
-1.79397
-2.04397
-2.79397
-3.54397
-4.29397
-6.04397
-8.04397
-10.044
-11.794
-13.044
-15.044
-16.544
-18.044
-19.794
-21.044
-22.794
-24.044
-24.544
-25.544
-26.044
-26.294
-26.544
-26.544
-26.294
-26.044
-25.544
-25.044
-24.544
-23.544
-22.044
-20.044
-18.044
-16.044
-15.044
-14.294
-13.294
-12.544
-11.794
-11.294
-10.794
-10.794
-10.794
-11.044
-11.294
-11.794
-12.294
-12.794
-13.294
-13.544
-14.044
-14.294
-14.294
-14.044
-13.794
-13.544
-13.044
-12.544
-11.794
-10.794
-10.044
-9.04397
-8.04397
-6.79397
-4.54397
-2.79397
-1.29397
0.20603
1.45603
3.45603
5.20603
6.95603
8.95603
10.706
12.956
14.956
16.456
18.206
19.456
20.706
21.706
23.206
24.706
25.706
27.206
27.456
27.956
27.956
27.956
27.456
26.706
25.456
23.206
21.206
19.956
17.956
11.206
8.45603
6.45603
4.20603
1.45603
-0.54397
-2.29397
-3.29397
-4.29397
-4.54397
-4.79397
-5.04397
-5.04397
-5.04397
-5.04397
-4.79397
-4.54397
-3.79397
-3.04397
-1.79397
-0.79397
0.45603
1.45603
2.70603
3.45603
4.45603
5.45603
6.45603
7.70603
8.45603
9.45603
10.456
10.956
11.206
11.456
11.456
11.456
11.206
10.956
10.706
10.456
9.95603
9.20603
8.45603
7.70603
7.20603
6.20603
5.20603
4.45603
3.45603
2.20603
1.20603
0.20603
-0.79397
-1.54397
-2.29397
-2.79397
-3.04397
-3.29397
-3.29397
-3.29397
-3.29397
-3.04397
-2.79397
-2.54397
-2.04397
-1.54397
-0.79397
-0.0439698
0.95603
1.95603
2.95603
4.20603
5.20603
6.20603
7.20603
8.95603
10.206
11.206
11.956
13.206
14.206
15.456
16.206
16.706
16.706
16.706
16.456
15.956
15.206
13.956
12.956
11.706
9.70603
