880
202
-0.535891
-0.285891
-0.0358911
-0.0358911
-0.0358911
-0.0358911
-0.0358911
-0.0358911
-0.0358911
-0.0358911
-0.0358911
-0.285891
-0.285891
-0.285891
-0.0358911
0.214109
0.214109
0.464109
0.464109
0.464109
0.214109
0.214109
-0.0358911
-0.0358911
-0.0358911
0.214109
0.214109
0.464109
0.464109
0.214109
-1.78589
-1.78589
-2.53589
-4.03589
-5.28589
-7.03589
-8.53589
-10.0359
-11.2859
-12.0359
-13.2859
-14.2859
-14.5359
-14.7859
-15.0359
-14.5359
-14.2859
-13.0359
-11.2859
-10.0359
-8.78589
-7.28589
-4.03589
-2.03589
-0.785891
1.46411
2.46411
2.71411
2.96411
2.96411
2.71411
2.21411
1.46411
0.714109
-0.285891
-1.53589
-2.53589
-3.03589
-3.28589
-3.78589
-4.28589
-5.03589
-5.28589
-5.53589
-5.78589
-5.78589
-5.78589
-5.53589
-5.53589
-5.28589
-5.03589
-4.78589
-4.28589
-3.78589
-3.28589
-2.78589
-1.53589
-0.785891
-0.285891
0.214109
0.714109
0.714109
0.714109
0.964109
0.964109
0.964109
0.964109
0.964109
1.21411
1.21411
1.21411
1.46411
1.46411
1.71411
1.96411
1.96411
2.21411
2.21411
2.21411
2.21411
2.21411
2.21411
2.21411
2.21411
2.21411
2.46411
2.46411
2.46411
2.46411
2.46411
2.46411
2.46411
2.71411
2.96411
3.21411
3.46411
3.71411
3.71411
3.71411
3.96411
3.96411
3.96411
3.96411
3.96411
3.96411
3.96411
3.96411
3.96411
3.96411
3.71411
3.71411
3.71411
3.71411
3.46411
3.46411
3.21411
3.21411
3.21411
2.96411
2.96411
2.96411
2.96411
2.96411
2.96411
2.96411
2.96411
3.21411
3.21411
3.21411
3.21411
3.21411
3.21411
3.21411
2.96411
2.96411
2.96411
2.96411
2.96411
2.96411
2.96411
2.96411
2.96411
2.71411
2.71411
2.46411
2.46411
2.46411
2.46411
2.46411
2.46411
2.46411
2.71411
2.71411
2.71411
2.71411
2.71411
2.71411
2.46411
2.46411
2.46411
2.46411
2.46411
2.46411
2.46411
2.46411
2.46411
2.21411
2.21411
1.96411
1.71411
1.46411
1.21411
