2480
77
-15.976
-15.976
-15.976
-15.9111
-15.8462
-15.6514
-15.4566
-15.1319
-14.8072
-14.4825
-14.2877
-13.8981
-13.6384
-13.054
1.03695
1.29669
1.6863
1.94605
2.33566
2.72527
3.24475
3.82916
4.54345
5.3876
5.97202
6.4915
6.88111
7.20579
7.40059
7.5954
7.72527
7.85514
7.92007
7.98501
7.92007
7.85514
7.66033
7.27072
6.75124
5.90708
4.67332
3.56942
2.72527
2.20579
1.81618
1.4915
1.16682
0.907084
0.647344
0.322669
-0.00200678
-0.586422
-1.30071
-2.07993
-2.85915
-3.44357
-3.89811
-4.35266
-4.67733
-5.00201
-5.32668
-5.78123
-11.4306
-12.9241
-13.6384
-14.0929
-14.5475
-14.9371
-15.3267
-15.7812
-16.3656
-17.3397
-20.002
-21.1059
-21.4955
-21.6254
-21.6903
