2480
304
-13.054
-13.054
-13.054
-13.054
-13.054
-12.989
-12.989
-12.989
-12.9241
-12.8591
-12.7942
-12.7293
-12.6643
-12.5994
-12.4046
-12.3397
-12.2098
-12.0799
-11.9501
-11.8202
-11.6254
-11.4955
-11.3656
-11.1708
-10.976
-10.7812
-10.5864
-10.3916
-10.1319
-10.002
-9.8072
-9.6124
-9.41759
-9.22279
-9.09292
-8.96305
-8.76824
-8.57344
-8.44357
-8.3137
-8.11889
-8.05395
-7.85915
-7.66434
-7.53447
-7.4046
-7.2098
-7.07993
-6.95006
-6.75525
-6.62538
-6.49551
-6.30071
-6.1059
-5.97603
-5.84616
-5.65136
-5.45655
-5.26175
-5.06694
-4.87214
-4.67733
-4.41759
-4.22279
-3.96305
-3.63837
-3.37863
-3.11889
-2.72928
-2.33967
-1.88512
-1.43058
-0.911098
-0.391617
0.0629283
0.517474
0.972019
1.42656
1.75124
2.07592
2.40059
2.66033
2.92007
3.11488
3.30968
3.50449
3.63436
3.76423
3.95903
4.15384
4.28371
4.47851
4.67332
4.93306
5.12786
5.45254
5.84215
6.23176
6.81618
7.40059
8.11488
8.69929
9.21877
9.60838
10.0629
10.3876
10.7123
11.037
11.2318
11.4266
11.6863
11.8162
12.0759
12.2058
12.4006
12.5954
12.7253
12.8551
12.985
13.1149
13.2447
13.3746
13.5694
13.6344
13.8292
13.8941
14.024
14.1538
14.2837
14.4136
14.5434
14.6733
14.7383
14.8681
14.998
15.0629
15.1928
15.3227
15.4525
15.5824
15.6473
15.7772
15.9071
15.972
16.1668
16.2318
16.3616
16.4915
16.6214
16.7512
16.8811
17.011
17.0759
17.1409
17.3357
17.4006
17.5305
17.6603
17.7253
17.7902
17.9201
17.9201
18.0499
18.0499
18.1149
18.1149
18.1149
18.0499
17.985
17.9201
17.7253
17.5305
17.2058
16.8811
16.5564
16.2318
15.9071
15.7123
15.3876
15.1928
14.9331
14.6733
14.4136
14.1538
13.8941
13.6344
13.3097
13.1149
12.7902
12.4655
12.2058
11.946
11.6863
11.4266
11.1668
10.9071
10.5824
10.3876
10.1279
9.86812
9.60838
9.34864
9.0889
8.82916
8.56942
8.30968
7.98501
7.66033
7.33566
7.01098
6.55643
6.10189
5.77721
0.647344
-0.196812
-0.651357
-0.976033
-1.30071
-1.49551
-1.69032
-1.88512
-1.95006
-2.07993
-2.2098
-2.27473
-2.33967
-2.4046
-2.46954
-2.53447
-2.59941
-2.66434
-2.72928
-2.72928
-2.79421
-2.85915
-2.85915
-2.92408
-2.98902
-2.98902
-3.05395
-3.11889
-3.11889
-3.18382
-3.24876
-3.3137
-3.37863
-3.44357
-3.5085
-3.57344
-3.63837
-3.76824
-3.89811
-4.02798
-4.28772
-6.17084
-6.62538
-7.01499
-7.27473
-7.46954
-7.66434
-7.85915
-8.05395
-8.24876
-8.37863
-8.5085
-8.70331
-8.89811
-9.09292
-9.28772
-9.48253
-9.74227
-10.002
-10.3267
-10.6514
-11.1059
-11.5604
-12.1449
-12.5994
-13.1189
-13.5085
-13.8332
-14.1579
-14.4825
-14.8072
-15.002
-15.3267
-15.5864
-15.8462
-16.1708
-16.4955
-16.7553
-17.015
-17.3397
-17.5345
-17.7942
-17.989
-18.1189
-18.2488
-18.3786
-18.4436
-18.5085
-18.5734
-18.6384
-18.7033
