2480
58
-5.52149
-5.52149
-5.52149
-5.52149
-5.52149
-5.45655
-5.45655
-5.39162
-5.39162
-5.32668
-5.26175
-5.19681
-5.06694
-5.00201
-4.87214
-4.8072
-4.67733
-4.54746
-4.41759
-4.28772
-4.15785
-4.02798
-3.83318
-3.70331
-3.57344
-3.37863
-3.18382
-2.98902
-2.79421
-2.59941
-2.4046
-2.2098
-2.07993
-1.95006
-1.82019
-1.69032
-1.62538
-1.56045
-1.49551
-1.43058
-1.43058
-1.43058
-1.49551
-1.56045
-1.75525
-2.07993
-2.53447
-2.98902
-3.3137
-3.63837
-3.96305
-4.28772
-4.67733
-4.93707
-5.00201
-5.06694
-5.13188
-5.19681
