2480
89
-16.1217
-16.0842
-15.9559
-15.7383
-15.4329
-15.0421
-14.5685
-14.0152
-13.3856
-12.6836
-11.9135
-11.0799
-10.1876
-9.24173
-8.24775
-7.21127
-6.13809
-5.03417
-3.90558
-2.75847
-1.59907
-0.433602
0.731718
1.89072
3.03733
4.16555
5.26955
6.34368
7.38247
8.38068
9.33332
10.2357
11.0834
11.8723
12.5986
13.259
13.8504
14.3701
14.816
15.186
15.4788
15.6932
15.8286
15.8848
15.862
15.7606
15.5817
15.3267
14.9971
14.5952
14.1233
13.5842
12.9811
12.3172
11.5963
10.8224
9.99945
9.13197
8.22449
7.28174
6.30858
5.30999
4.29104
3.25685
2.21259
1.16342
0.114503
-0.929069
-1.96225
-2.98011
-3.97781
-4.95068
-5.8942
-6.80403
-7.67605
-8.50636
-9.29129
-10.0275
-10.7117
-11.3413
-11.9135
-12.4263
-12.8777
-13.2661
-13.5903
-13.8493
-14.0427
-14.1701
-14.2316
