2480
105
-5.53817
-5.52591
-5.49983
-5.45979
-5.40568
-5.33742
-5.25496
-5.15826
-5.04734
-4.92225
-4.78308
-4.62995
-4.46305
-4.28259
-4.08885
-3.88216
-3.66288
-3.43146
-3.18838
-2.93418
-2.66947
-2.3949
-2.11119
-1.8191
-1.51946
-1.21315
-0.901094
-0.584267
-0.26369
0.0595724
0.38442
0.709718
1.0343
1.35698
1.67655
1.99179
2.30147
2.60436
2.89923
3.18488
3.46009
3.72371
3.97459
4.21162
4.43375
4.63996
4.82931
5.00089
5.1539
5.28757
5.40125
5.49434
5.56634
5.61684
5.64554
5.6522
5.63672
5.59908
5.53935
5.45307
5.34643
5.21979
5.07362
4.90846
4.72498
4.5239
4.30605
4.07235
3.82377
3.56138
3.28629
2.9997
2.70285
2.39702
2.08355
1.76379
1.43914
1.11101
0.780804
0.449958
0.119886
-0.208007
-0.532334
-0.851734
-1.16488
-1.4705
-1.76733
-2.05422
-2.33001
-2.59367
-2.84419
-3.08066
-3.30224
-3.50818
-3.6978
-3.87051
-4.02583
-4.16333
-4.28271
-4.38374
-4.46627
-4.53026
-4.57576
-4.60287
-4.6118
