2480
75
-15.4502
-15.4068
-15.2734
-15.0502
-14.7381
-14.3385
-13.8536
-13.2862
-12.6396
-11.9178
-11.1254
-10.2673
-9.34925
-8.37719
-7.3576
-6.29733
-5.20359
-4.08384
-2.94579
-1.79733
-0.646479
0.498692
1.6301
2.73972
3.81964
4.86212
5.85966
6.80502
7.69134
8.51213
9.26137
9.93351
10.5235
11.0271
11.4403
11.76
11.9837
12.1096
12.1367
12.0645
11.8935
11.6248
11.2601
10.802
10.2537
9.61927
8.90313
8.11052
7.24722
6.31956
5.33437
4.29893
3.22092
2.10836
0.969566
-0.186918
-1.35239
-2.51805
-3.67506
-4.81461
-5.92798
-7.00661
-8.04219
-9.02666
-9.95233
-10.8119
-11.5985
-12.3059
-12.9282
-13.4603
-13.8976
-14.2364
-14.4734
-14.6063
-14.6333
