2480
80
-7.59941
-7.59941
-7.59941
-7.53447
-7.46954
-7.4046
-7.27473
-7.14486
-6.82019
-5.71629
-3.83318
-2.98902
-2.27473
-1.56045
-0.846163
-0.131877
0.582409
1.42656
2.40059
3.37462
4.73825
6.36163
14.6084
15.7123
16.2318
16.4915
16.6863
16.946
17.2058
17.4006
17.7902
18.1798
18.8941
19.998
21.3616
22.3357
23.0499
23.6344
24.1538
24.5434
24.8681
25.1928
25.3876
25.3227
25.1928
25.0629
24.8681
24.4136
22.2707
20.9071
20.0629
15.5824
14.3486
13.2447
12.5305
11.8162
11.3616
10.9071
10.5824
10.2577
9.93306
9.60838
9.28371
8.82916
1.10189
0.257733
-0.196812
-0.521487
-0.846163
-1.04097
-1.36564
-1.69032
-2.2098
-2.85915
-3.57344
-4.54746
-5.39162
-6.23577
-6.69032
-6.88512
