2480
80
-2.8724
-2.87151
-2.85328
-2.81838
-2.76761
-2.70186
-2.62216
-2.5296
-2.4254
-2.31084
-2.18729
-2.05619
-1.91904
-1.77737
-1.63278
-1.48688
-1.34131
-1.19772
-1.05773
-0.922989
-0.795097
-0.675626
-0.566105
-0.468007
-0.382745
-0.311655
-0.255996
-0.216934
-0.195541
-0.192783
-0.209518
-0.246487
-0.304312
-0.383489
-0.48439
-0.607255
-0.752192
-0.919179
-1.10806
-1.31855
-1.55024
-1.80257
-2.0749
-2.36641
-2.67623
-3.00333
-3.34659
-3.70481
-4.07666
-4.46076
-4.85564
-5.25975
-5.6715
-6.08924
-6.51126
-6.93584
-7.36121
-7.78561
-8.20723
-8.6243
-9.03504
-9.43769
-9.83051
-10.2118
-10.5799
-10.9332
-11.2701
-11.5891
-11.8888
-12.1678
-12.4249
-12.6588
-12.8685
-13.0528
-13.2109
-13.342
-13.4452
-13.52
-13.5659
-13.5824
