2480
239
-6.61831
-6.61315
-6.59812
-6.57399
-6.54155
-6.50158
-6.45489
-6.40224
-6.34439
-6.2821
-6.21607
-6.147
-6.07553
-6.00229
-5.92785
-5.85274
-5.77745
-5.70243
-5.62805
-5.55468
-5.4826
-5.41206
-5.34326
-5.27635
-5.21144
-5.1486
-5.08784
-5.02915
-4.97248
-4.91774
-4.86482
-4.81358
-4.76386
-4.71547
-4.66823
-4.62191
-4.5763
-4.53119
-4.48634
-4.44154
-4.39656
-4.3512
-4.30526
-4.25855
-4.2109
-4.16214
-4.11215
-4.0608
-4.00798
-3.95362
-3.89766
-3.84006
-3.78079
-3.71986
-3.65728
-3.59308
-3.52732
-3.46005
-3.39136
-3.32133
-3.25005
-3.17762
-3.10415
-3.02974
-2.95451
-2.87854
-2.80194
-2.7248
-2.6472
-2.56922
-2.49091
-2.41232
-2.33349
-2.25442
-2.17512
-2.09557
-2.01575
-1.93558
-1.85502
-1.77398
-1.69236
-1.61005
-1.52693
-1.44285
-1.35768
-1.27127
-1.18346
-1.09409
-1.003
-0.910033
-0.815038
-0.717868
-0.618388
-0.516471
-0.41201
-0.30491
-0.195097
-0.0825184
0.0328577
0.151038
0.272003
0.395708
0.52208
0.651017
0.782392
0.916048
1.0518
1.18943
1.32872
1.46939
1.61116
1.75373
1.89678
2.03997
2.18294
2.32533
2.46678
2.60692
2.74536
2.88175
3.01572
3.14692
3.27502
3.39969
3.52064
3.63759
3.75029
3.85853
3.96213
4.06094
4.15484
4.24376
4.32766
4.40657
4.48052
4.5496
4.61394
4.67373
4.72916
4.78048
4.82799
4.87198
4.91282
4.95086
4.98651
5.02018
5.05229
5.08329
5.11362
5.14373
5.17405
5.20502
5.23706
5.27055
5.30588
5.34339
5.38339
5.42614
5.47189
5.52079
5.573
5.62858
5.68755
5.74988
5.81547
5.88415
5.95571
6.02986
6.10626
6.18449
6.26409
6.34454
6.42527
6.50563
6.58497
6.66256
6.73764
6.80945
6.87716
6.93995
6.99697
7.04738
7.09033
7.12498
7.15051
7.16612
7.17104
7.16455
7.14595
7.11462
7.06998
7.01153
6.93882
6.85149
6.74928
6.63198
6.4995
6.35181
6.18902
6.0113
5.81894
5.61231
5.3919
5.15829
4.91213
4.65421
4.38537
4.10654
3.81875
3.52308
3.22068
2.91279
2.60065
2.2856
1.96897
1.65215
1.33653
1.02352
0.714504
0.410888
0.114038
-0.174707
-0.454047
-0.722733
-0.979576
-1.22345
-1.45332
-1.66821
-1.86725
-2.04969
-2.21484
-2.36216
-2.4912
-2.60165
-2.6933
-2.76609
-2.82006
-2.8554
-2.8724
