2480
86
-14.2316
-14.2278
-14.1593
-14.0273
-13.8331
-13.5786
-13.2656
-12.8965
-12.4738
-12.0005
-11.4794
-10.9139
-10.3075
-9.66385
-8.98676
-8.28021
-7.5483
-6.79523
-6.02526
-5.24273
-4.45199
-3.65744
-2.86341
-2.07425
-1.29423
-0.527523
0.221762
0.949658
1.65233
2.32612
2.96751
3.57322
4.14015
4.66544
5.14646
5.58085
5.96649
6.30155
6.58448
6.814
6.98914
7.10923
7.17387
7.183
7.13684
7.03589
6.88096
6.67315
6.41382
6.10462
5.74745
5.34447
4.89807
4.41086
3.88568
3.32553
2.73363
2.11333
1.46813
0.80165
0.11763
-0.580121
-1.28772
-2.00125
-2.71677
-3.43031
-4.13796
-4.83581
-5.52003
-6.18685
-6.83261
-7.45375
-8.04686
-8.60867
-9.13606
-9.62611
-10.0761
-10.4835
-10.8459
-11.1614
-11.4281
-11.6444
-11.8089
-11.9206
-11.9787
-11.9826
