2480
94
-8.70331
-8.70331
-8.63837
-8.57344
-8.44357
-8.24876
-7.92408
-7.53447
-7.01499
-6.43058
-5.84616
-5.39162
-4.93707
-4.6124
-4.02798
-3.44357
-2.46954
-0.976033
0.257733
1.10189
1.6863
2.14085
2.5954
3.04994
3.37462
3.82916
4.28371
4.99799
5.84215
7.01098
7.7902
8.30968
8.69929
8.95903
9.21877
9.34864
9.47851
9.54345
9.60838
9.67332
9.67332
9.67332
9.73825
9.73825
9.73825
9.67332
9.67332
9.67332
9.60838
9.60838
9.47851
9.41358
9.34864
9.21877
8.95903
8.63436
8.04994
6.4915
0.387604
-1.36564
-2.33967
-2.92408
-3.5085
-3.83318
-4.15785
-4.48253
-4.8072
-5.06694
-5.45655
-5.71629
-6.1059
-6.56045
-7.14486
-7.79421
-9.48253
-14.6124
-15.7163
-16.3656
-16.8851
-17.2098
-17.5345
-17.7293
-17.9241
-18.1838
-18.3137
-18.5085
-18.6384
-18.7033
-18.8332
-18.8981
-18.963
-18.963
-18.963
-19.028
