2480
81
-14.1406
-14.0631
-13.8936
-13.6345
-13.2885
-12.8591
-12.3501
-11.766
-11.1115
-10.3919
-9.61279
-8.78009
-7.89998
-6.97889
-6.02343
-5.04034
-4.03645
-3.01865
-1.9938
-0.968721
0.0498596
1.05536
2.04137
3.00172
3.93048
4.82202
5.67102
6.47256
7.22205
7.91533
8.54866
9.11875
9.62275
10.0583
10.4235
10.7169
10.9375
11.0849
11.1591
11.1604
11.0899
10.9488
10.7388
10.4621
10.1211
9.71875
9.25819
8.7429
8.1766
7.56328
6.90714
6.21255
5.48404
4.72625
3.94393
3.14187
2.32491
1.49789
0.665601
-0.167184
-0.995789
-1.81563
-2.62226
-3.41136
-4.1788
-4.9206
-5.63301
-6.31249
-6.95571
-7.5596
-8.12133
-8.63832
-9.10826
-9.52911
-9.89909
-10.2167
-10.4807
-10.6901
-10.8443
-10.9427
-10.9853
