2480
73
8.17981
8.17981
8.17981
8.24475
8.37462
8.56942
8.82916
9.15384
9.47851
9.93306
10.5175
11.1668
11.8162
12.4655
12.985
13.4396
13.7642
14.1538
14.4136
14.8032
15.0629
15.3876
15.7123
16.037
16.3616
16.6863
17.011
17.4006
17.6603
18.1149
18.4396
18.7642
18.959
19.0889
18.959
18.8941
18.5694
16.6863
15.5824
14.7383
13.8941
13.0499
12.0759
11.1019
9.86812
8.82916
7.53046
6.55643
5.45254
4.67332
3.8941
3.30968
2.5954
2.01098
1.42656
0.842149
0.257733
-0.261747
-0.911098
-1.49551
-2.33967
-3.05395
-4.02798
-5.06694
-6.49551
-7.01499
-7.4046
-7.59941
-7.79421
-7.92408
-8.05395
-8.11889
-8.18382
