2480
116
0.777214
0.777214
0.777214
0.777214
0.777214
0.777214
0.842149
0.842149
0.907084
0.972019
1.10189
1.16682
1.36163
1.4915
1.6863
1.88111
2.07592
2.33566
2.53046
2.72527
2.98501
3.11488
3.43955
3.63436
3.82916
4.02397
4.28371
4.54345
4.67332
4.93306
5.06293
5.1928
5.3876
5.58241
5.71228
5.84215
5.97202
6.10189
6.16682
6.23176
6.29669
6.36163
6.42656
6.4915
6.55643
6.55643
6.55643
6.62137
6.55643
6.55643
6.55643
6.4915
6.42656
6.36163
6.23176
6.10189
5.90708
5.58241
5.12786
4.15384
3.56942
2.85514
2.14085
1.29669
0.647344
-0.00200678
-0.391617
-0.781228
-0.976033
-1.17084
-1.36564
-1.56045
-1.62538
-1.75525
-1.88512
-1.95006
-2.07993
-2.2098
-2.27473
-2.33967
-2.46954
-2.59941
-2.66434
-2.72928
-2.85915
-2.98902
-3.05395
-3.11889
-3.18382
-3.24876
-3.37863
-3.44357
-3.57344
-3.63837
-3.70331
-3.76824
-3.89811
-4.02798
-4.09292
-4.22279
-4.35266
-4.54746
-4.67733
-4.8072
-4.93707
-5.13188
-5.26175
-5.45655
-5.52149
-5.58642
-5.71629
-5.78123
-5.84616
-5.9111
-5.9111
-5.97603
