2480
82
-12.0799
-12.0799
-12.0799
-12.0799
-12.0799
-12.015
-11.9501
-11.7553
-11.5604
-11.3007
-10.9111
-10.4566
-9.74227
-8.11889
-0.521487
8.04994
8.43955
8.63436
8.82916
9.0889
9.28371
9.54345
9.86812
10.3227
11.037
15.7772
18.1798
19.024
19.4785
19.8681
20.1279
20.4525
20.7772
21.037
21.2967
21.5564
21.8162
22.011
22.2058
22.4006
22.5305
22.6603
22.6603
22.5305
22.3357
16.5564
15.8421
15.2577
14.8032
14.4785
14.024
13.5045
12.4655
9.15384
8.04994
7.46553
6.88111
6.42656
5.84215
5.3876
4.67332
3.95903
2.72527
-0.196812
-2.59941
-3.44357
-4.15785
-4.6124
-5.06694
-5.39162
-5.84616
-6.23577
-6.75525
-7.2098
-7.92408
-8.63837
-9.35266
-9.8072
-10.1319
-10.2617
-10.3916
-10.4566
