2480
100
-13.5824
-13.5692
-13.5261
-13.453
-13.3498
-13.2168
-13.054
-12.8618
-12.6407
-12.391
-12.1134
-11.8087
-11.4775
-11.1207
-10.7394
-10.3345
-9.90718
-9.45857
-8.98994
-8.50262
-7.99798
-7.47746
-6.94254
-6.39476
-5.8357
-5.26695
-4.69018
-4.10706
-3.51927
-2.92854
-2.33658
-1.74512
-1.15589
-0.570617
0.00898846
0.581233
1.14444
1.69698
2.23722
2.76362
3.27464
3.76882
4.24475
4.70108
5.13653
5.54991
5.94009
6.30604
6.64682
6.96158
7.24957
7.51014
7.74277
7.94703
8.12261
8.26932
8.38708
8.47594
8.53608
8.56778
8.57146
8.54766
8.49703
8.42034
8.3185
8.1925
8.04346
7.8726
7.68123
7.47077
7.2427
6.99862
6.74018
6.46908
6.18711
5.89608
5.59786
5.29433
4.98738
4.67895
4.37093
4.06522
3.76369
3.46818
3.18047
2.90231
2.63536
2.38121
2.14136
1.91722
1.7101
1.52118
1.35155
1.20213
1.07374
0.967052
0.882589
0.820732
0.78171
0.765599
