2480
121
-14.8552
-14.8511
-14.8157
-14.7494
-14.6528
-14.5265
-14.3714
-14.1882
-13.9781
-13.742
-13.4811
-13.1965
-12.8896
-12.5616
-12.2138
-11.8477
-11.4647
-11.0661
-10.6534
-10.228
-9.79134
-9.34477
-8.88966
-8.42732
-7.95904
-7.48604
-7.0095
-6.53052
-6.05015
-5.56936
-5.08906
-4.61007
-4.13316
-3.65899
-3.18817
-2.72123
-2.25863
-1.80074
-1.3479
-0.900365
-0.458337
-0.021972
0.408619
0.833361
1.25221
1.66515
2.07217
2.47327
2.86846
3.25771
3.64102
4.01833
4.38955
4.75458
5.11325
5.46535
5.81061
6.14871
6.47926
6.80181
7.11585
7.42079
7.71599
8.00072
8.27422
8.53565
8.78413
9.01873
9.23846
9.44232
9.62929
9.79832
9.94836
10.0784
10.1873
10.2742
10.3381
10.3781
10.3934
10.3833
10.347
10.2841
10.1941
10.0768
9.93187
9.75946
9.55969
9.33287
9.07952
8.8003
8.49608
8.16792
7.81705
7.4449
7.05306
6.64334
6.21769
5.77825
5.3273
4.86727
4.40072
3.93035
3.45895
2.98937
2.52457
2.06752
1.62124
1.18874
0.773023
0.377032
0.00365482
-0.344315
-0.664197
-0.953453
-1.2097
-1.43076
-1.61463
-1.75956
-1.86404
-1.92683
-1.94698
