2480
91
-5.97603
-5.97603
-5.97603
-5.9111
-5.9111
-5.84616
-5.84616
-5.71629
-5.71629
-5.52149
-5.45655
-5.32668
-5.19681
-4.93707
-4.67733
-4.48253
-4.15785
-3.83318
-3.5085
-3.11889
-2.72928
-2.4046
-1.95006
-1.49551
-1.04097
-0.521487
-0.00200678
0.452539
0.907084
1.23176
1.55643
1.88111
2.14085
2.33566
2.46553
2.66033
2.72527
2.7902
2.85514
2.85514
2.7902
2.7902
2.72527
2.66033
2.5954
2.53046
2.40059
2.33566
2.20579
2.14085
1.94605
1.88111
1.6863
1.4915
1.29669
1.03695
0.777214
0.452539
-0.00200678
-0.391617
-0.911098
-1.36564
-1.69032
-1.88512
-2.01499
-2.14486
-2.27473
-2.4046
-2.53447
-2.66434
-2.85915
-3.11889
-3.63837
-4.15785
-4.54746
-4.87214
-5.06694
-5.32668
-5.45655
-5.65136
-5.78123
-5.9111
-6.1059
-6.17084
-6.23577
-6.36564
-6.43058
-6.43058
-6.49551
-6.49551
-6.56045
