2480
92
-6.62538
-6.62538
-6.62538
-6.62538
-6.62538
-6.62538
-6.62538
-6.56045
-6.56045
-6.49551
-6.49551
-6.43058
-6.36564
-6.23577
-6.1059
-6.04097
-5.84616
-5.71629
-5.58642
-5.39162
-5.19681
-5.00201
-4.8072
-4.67733
-4.54746
-4.35266
-4.22279
-4.09292
-3.96305
-3.83318
-3.76824
-3.63837
-3.57344
-3.44357
-3.37863
-3.3137
-3.24876
-3.18382
-3.11889
-3.05395
-3.05395
-2.98902
-2.98902
-2.92408
-2.92408
-2.92408
-2.85915
-2.92408
-2.92408
-2.92408
-2.98902
-3.05395
-3.18382
-3.3137
-3.5085
-3.70331
-4.15785
-4.6124
-5.45655
-6.43058
-7.14486
-7.59941
-8.05395
-8.3137
-8.57344
-8.89811
-9.09292
-9.35266
-9.6124
-9.8072
-10.1319
-10.3916
-10.7812
-11.2358
-12.2098
-13.8332
-15.976
-17.2098
-18.5734
-20.1968
-21.041
-21.5604
-21.9501
-22.1449
-22.3397
-22.5345
-22.7293
-22.7942
-22.9241
-22.989
-23.054
-23.1189
