2480
89
-16.4518
-16.4267
-16.3232
-16.1419
-15.884
-15.5507
-15.1439
-14.6657
-14.1184
-13.505
-12.8284
-12.0921
-11.2998
-10.4554
-9.56301
-8.62711
-7.65227
-6.64329
-5.6051
-4.54279
-3.46155
-2.36664
-1.26342
-0.157241
0.946493
2.04241
3.12518
4.18951
5.23023
6.24226
7.22066
8.16064
9.05762
9.90718
10.7052
11.4476
12.1309
12.7517
13.3068
13.7936
14.2095
14.5525
14.8208
15.0132
15.1285
15.1662
15.126
15.0081
14.813
14.5416
14.1954
13.7759
13.2852
12.7259
12.1006
11.4126
10.6653
9.86256
9.0084
8.10725
7.16373
6.18272
5.16933
4.12882
3.06665
1.9884
0.899762
-0.1935
-1.28557
-2.3706
-3.44278
-4.49633
-5.52555
-6.52485
-7.48877
-8.41202
-9.28953
-10.1164
-10.8882
-11.6004
-12.2491
-12.8306
-13.3417
-13.7793
-14.1411
-14.4249
-14.629
-14.7522
-14.7937
