2480
89
-5.39162
-5.39162
-5.39162
-5.39162
-5.32668
-5.32668
-5.32668
-5.32668
-5.26175
-5.19681
-5.19681
-5.13188
-5.13188
-5.06694
-5.00201
-4.93707
-4.87214
-4.8072
-4.74227
-4.67733
-4.6124
-4.54746
-4.48253
-4.41759
-4.35266
-4.28772
-4.22279
-4.15785
-4.09292
-4.02798
-3.89811
-3.83318
-3.70331
-3.63837
-3.5085
-3.37863
-3.24876
-3.11889
-2.98902
-2.85915
-2.72928
-2.59941
-2.46954
-2.33967
-2.27473
-2.2098
-2.14486
-2.07993
-2.07993
-2.07993
-2.14486
-2.2098
-2.2098
-2.33967
-2.4046
-2.46954
-2.53447
-2.59941
-2.66434
-2.79421
-2.92408
-2.98902
-3.05395
-3.18382
-3.24876
-3.37863
-3.44357
-3.63837
-3.70331
-3.83318
-3.96305
-4.09292
-4.22279
-4.41759
-4.54746
-4.67733
-4.8072
-4.93707
-5.00201
-5.06694
-5.19681
-5.26175
-5.32668
-5.32668
-5.39162
-5.45655
-5.45655
-5.45655
-5.52149
