2480
94
-21.6903
-21.6903
-21.6903
-21.5604
-21.3656
-21.1059
-20.7812
-20.4566
-20.002
-19.4825
-18.963
-18.2488
-17.2747
-16.1708
-15.5864
-15.1319
-14.9371
-14.6124
-14.2877
-14.0929
-13.7682
-13.4436
-13.1189
-12.5345
-11.8202
-4.93707
-3.89811
-3.3137
-2.85915
-2.53447
-2.2098
-1.82019
-1.43058
-0.976033
-0.391617
0.452539
4.80319
5.3876
5.84215
6.16682
6.4915
6.75124
7.01098
7.27072
7.53046
7.72527
7.92007
8.11488
8.30968
8.50449
8.63436
8.76423
8.82916
8.82916
8.56942
8.24475
7.53046
6.6863
5.58241
4.60838
3.37462
2.46553
1.42656
0.582409
-0.521487
-2.01499
-5.71629
-6.56045
-7.27473
-7.79421
-8.44357
-9.02798
-9.87214
-10.8462
-11.5604
-12.2098
-12.7293
-13.054
-13.3786
-13.5734
-13.7682
-13.963
-14.0929
-14.2228
-14.4176
-14.4825
-14.5475
-14.6773
-14.7423
-14.8721
-14.8721
-14.9371
-14.9371
-15.002
