2480
80
-14.7937
-14.7532
-14.6309
-14.4275
-14.144
-13.782
-13.3435
-12.8311
-12.2476
-11.5965
-10.8815
-10.1067
-9.27674
-8.39644
-7.47102
-6.50595
-5.50699
-4.4801
-3.43144
-2.36734
-1.29422
-0.218606
0.852951
1.91389
2.9577
3.97793
4.96827
5.92255
6.8348
7.6993
8.51058
9.26348
9.95321
10.5753
11.1257
11.6009
11.9976
12.3132
12.5455
12.6929
12.7541
12.7286
12.6162
12.4175
12.1335
11.7657
11.3163
10.7877
10.1832
9.50634
8.76124
7.95241
7.08481
6.16379
5.19506
4.18464
3.13888
2.06434
0.967803
-0.143762
-1.26328
-2.38358
-3.49746
-4.59772
-5.67723
-6.72894
-7.74594
-8.72151
-9.64918
-10.5227
-11.3362
-12.0841
-12.7613
-13.3629
-13.8847
-14.3228
-14.6739
-14.9352
-15.1045
-15.18
