2480
90
-11.8851
-11.8851
-11.8202
-11.8202
-11.7553
-11.6903
-11.5604
-11.4955
-11.3007
-11.1708
-10.9111
-10.2617
-9.6124
-8.76824
-8.05395
-7.2098
-6.23577
-4.74227
-2.33967
-0.846163
-0.00200678
0.842149
1.29669
1.88111
2.33566
2.72527
3.11488
3.50449
3.8941
4.21877
4.54345
4.86812
5.1928
5.3876
5.58241
5.77721
5.77721
5.77721
5.71228
5.64734
5.58241
5.51747
5.45254
5.32267
5.1928
4.99799
4.80319
4.60838
4.28371
3.95903
3.63436
3.17981
2.72527
2.27072
1.6863
1.23176
0.777214
0.322669
-0.131877
-0.586422
-1.04097
-1.43058
-1.82019
-2.27473
-2.72928
-3.18382
-3.63837
-4.09292
-4.67733
-5.13188
-5.58642
-6.1059
-6.49551
-7.01499
-7.4046
-7.79421
-8.18382
-8.5085
-8.83318
-9.02798
-9.35266
-9.54746
-9.74227
-9.93707
-10.1319
-10.1968
-10.2617
-10.3916
-10.3916
-10.4566
