2480
131
-0.536577
-0.534586
-0.528463
-0.518376
-0.504517
-0.487098
-0.466353
-0.442531
-0.415892
-0.386708
-0.355257
-0.321822
-0.286683
-0.25012
-0.212405
-0.173801
-0.13456
-0.094915
-0.0550843
-0.015264
0.0243724
0.0636764
0.102526
0.140828
0.178518
0.215561
0.251954
0.287723
0.322925
0.357646
0.392003
0.426136
0.460214
0.494428
0.52899
0.564131
0.600098
0.637148
0.675549
0.715573
0.757495
0.801586
0.84811
0.897323
0.949466
1.00476
1.06341
1.12558
1.19141
1.26103
1.33451
1.41187
1.49312
1.57821
1.66703
1.75944
1.85525
1.95423
2.05607
2.16044
2.26694
2.37514
2.48455
2.59466
2.70487
2.8146
2.9232
3.02999
3.13427
3.23533
3.3324
3.42476
3.51162
3.59223
3.66583
3.73167
3.78901
3.83715
3.87539
3.90309
3.91963
3.92445
3.91702
3.89689
3.86364
3.81695
3.75653
3.68219
3.5938
3.49132
3.37478
3.24429
3.10004
2.94232
2.77149
2.588
2.39236
2.18519
1.96718
1.73907
1.50171
1.25598
1.00285
0.743347
0.478534
0.209539
-0.0624764
-0.33631
-0.610733
-0.88449
-1.15631
-1.42492
-1.68904
-1.94738
-2.19868
-2.44171
-2.67522
-2.89804
-3.10902
-3.30704
-3.49106
-3.66008
-3.81316
-3.94942
-4.06808
-4.16841
-4.24978
-4.3116
-4.35343
-4.37486
-4.37561
