2480
68
-8.18382
-8.18382
-8.18382
-8.18382
-8.11889
-8.11889
-8.05395
-7.92408
-7.79421
-7.46954
-6.88512
-5.39162
-3.89811
-2.27473
-0.651357
0.972019
2.46553
4.0889
5.58241
7.33566
8.82916
10.1928
11.2967
12.2707
12.985
13.7642
14.4136
15.3876
18.1798
20.1928
20.9071
21.2967
21.5564
21.7512
21.8811
21.946
22.0759
21.946
21.6863
21.2318
20.6473
19.5434
17.7902
16.1668
14.2837
12.7902
11.4266
10.3227
9.21877
8.24475
1.29669
0.582409
-0.261747
-0.781228
-1.43058
-1.95006
-2.59941
-3.05395
-3.63837
-4.22279
-4.8072
-5.39162
-6.1059
-6.69032
-7.27473
-7.46954
-7.53447
-7.59941
