2480
104
-2.88593
-2.88053
-2.854
-2.8069
-2.73992
-2.65385
-2.54959
-2.42814
-2.29057
-2.13806
-1.97184
-1.7932
-1.60349
-1.4041
-1.19644
-0.981958
-0.762104
-0.538332
-0.312088
-0.0848
0.142129
0.367329
0.589477
0.807295
1.01956
1.22513
1.42291
1.61188
1.79112
1.95977
2.11707
2.26233
2.39497
2.51447
2.62044
2.71254
2.79054
2.85429
2.90372
2.93884
2.95975
2.96659
2.95962
2.93911
2.90541
2.85895
2.80017
2.72956
2.64767
2.55505
2.45231
2.34004
2.21889
2.08948
1.95247
1.80849
1.65818
1.50219
1.34113
1.17561
1.00622
0.833541
0.658115
0.480471
0.301115
0.120526
-0.0608429
-0.242562
-0.424227
-0.605457
-0.785894
-0.965203
-1.14307
-1.31919
-1.49328
-1.66508
-1.83433
-2.00079
-2.16421
-2.32436
-2.48102
-2.63395
-2.78293
-2.92772
-3.06808
-3.20378
-3.33456
-3.46018
-3.58037
-3.69486
-3.80337
-3.90561
-4.00131
-4.09015
-4.17184
-4.24609
-4.31257
-4.371
-4.42109
-4.46253
-4.49506
-4.5184
-4.53232
-4.53657
