2480
105
-2.30373
-2.28703
-2.25194
-2.19858
-2.12717
-2.03802
-1.93155
-1.80829
-1.66884
-1.51391
-1.34429
-1.16085
-0.96455
-0.756408
-0.537512
-0.309009
-0.072096
0.171984
0.421951
0.676497
0.934292
1.19399
1.45424
1.7137
1.97103
2.22491
2.47404
2.71716
2.95305
3.18052
3.39845
3.60577
3.80146
3.9846
4.15431
4.30979
4.45034
4.57532
4.68417
4.77644
4.85175
4.9098
4.95038
4.97337
4.97873
4.96651
4.93683
4.88989
4.82596
4.74539
4.64859
4.53603
4.40825
4.26582
4.10939
3.93963
3.75726
3.56303
3.35771
3.14211
2.91706
2.68339
2.44193
2.19356
1.93911
1.67943
1.41538
1.14777
0.877429
0.605161
0.33175
0.0579587
-0.215469
-0.487815
-0.758384
-1.02651
-1.29154
-1.55287
-1.80991
-2.06208
-2.30884
-2.54969
-2.78412
-3.01167
-3.23188
-3.44433
-3.6486
-3.84429
-4.03104
-4.20847
-4.37622
-4.53398
-4.68139
-4.81815
-4.94395
-5.05849
-5.16148
-5.25264
-5.3317
-5.3984
-5.45249
-5.49373
-5.5219
-5.53678
-5.53817
