2480
79
-14.6333
-14.5537
-14.3671
-14.0743
-13.6767
-13.1764
-12.5763
-11.8802
-11.0922
-10.2174
-9.26151
-8.23065
-7.13162
-5.97169
-4.75857
-3.50037
-2.20551
-0.882706
0.459137
1.81097
3.16365
4.50804
5.83505
7.13571
8.40123
9.62308
10.793
11.9031
12.946
13.9147
14.8027
15.6041
16.3137
16.9268
17.4394
17.8482
18.1508
18.3452
18.4304
18.4062
18.2728
18.0315
17.6842
17.2335
16.6827
16.0358
15.2974
14.4727
13.5674
12.5879
11.5409
10.4335
9.27337
8.06824
6.82625
5.55568
4.26495
2.96256
1.65704
0.356845
-0.929645
-2.19422
-3.42889
-4.62593
-5.77792
-6.87784
-7.91905
-8.8954
-9.80121
-10.6313
-11.3812
-12.0467
-12.6246
-13.1121
-13.507
-13.8078
-14.0137
-14.1245
-14.1406
