2480
132
-2.24917
-2.2455
-2.23779
-2.22622
-2.21098
-2.19226
-2.17026
-2.14521
-2.11733
-2.08683
-2.05397
-2.01897
-1.98206
-1.94349
-1.90349
-1.86227
-1.82008
-1.77712
-1.73359
-1.6897
-1.64562
-1.60153
-1.55759
-1.51393
-1.47067
-1.42794
-1.38581
-1.34436
-1.30365
-1.2637
-1.22453
-1.18615
-1.14853
-1.11164
-1.07542
-1.03981
-1.00472
-0.970061
-0.935716
-0.901571
-0.867498
-0.833364
-0.799029
-0.764351
-0.729185
-0.693388
-0.656821
-0.619346
-0.580835
-0.541168
-0.500234
-0.457935
-0.414188
-0.368925
-0.322096
-0.273667
-0.223627
-0.171983
-0.118765
-0.0640237
-0.00783342
0.0497098
0.108487
0.168358
0.229159
0.290708
0.3528
0.415214
0.477711
0.540034
0.601915
0.663073
0.723216
0.782047
0.839261
0.894552
0.947613
0.99814
1.04583
1.09041
1.13157
1.16907
1.20264
1.23205
1.2571
1.27758
1.29334
1.30423
1.31015
1.31101
1.30676
1.29739
1.2829
1.26335
1.23882
1.20942
1.1753
1.13663
1.09363
1.04653
0.995606
0.941142
0.883461
0.822901
0.759823
0.694604
0.627635
0.559317
0.490062
0.420286
0.350406
0.280839
0.211997
0.144284
0.0780947
0.0138089
-0.0482101
-0.107618
-0.164094
-0.217339
-0.267083
-0.313083
-0.355126
-0.393032
-0.426653
-0.455872
-0.480609
-0.500817
-0.516482
-0.527623
-0.534294
-0.536577
