2480
109
-4.37561
-4.35547
-4.31432
-4.25216
-4.16904
-4.06513
-3.9407
-3.79609
-3.63173
-3.44815
-3.24595
-3.02581
-2.7885
-2.53486
-2.26579
-1.98227
-1.68534
-1.37609
-1.05566
-0.725263
-0.386133
-0.0395508
0.313167
0.670676
1.03161
1.39457
1.75816
2.12096
2.48156
2.83854
3.19047
3.53595
3.87359
4.20201
4.51986
4.82581
5.11856
5.39684
5.65944
5.90516
6.13288
6.34149
6.52997
6.69732
6.84264
6.96504
7.06375
7.13804
7.18724
7.21076
7.20812
7.17886
7.12265
7.03921
6.92836
6.79
6.62413
6.43083
6.21026
5.96269
5.68846
5.38803
5.06192
4.71078
4.33531
3.93634
3.51476
3.07156
2.60782
2.12469
1.62342
1.10533
0.571804
0.0243106
-0.535622
-1.1064
-1.68638
-2.27386
-2.8671
-3.46431
-4.06368
-4.66338
-5.26153
-5.85629
-6.44576
-7.02809
-7.60142
-8.16393
-8.71379
-9.24926
-9.7686
-10.2702
-10.7523
-11.2135
-11.6523
-12.0674
-12.4573
-12.821
-13.1573
-13.4652
-13.744
-13.9927
-14.2108
-14.3977
-14.553
-14.6766
-14.7681
-14.8276
-14.8552
