2480
93
-3.57319
-3.55136
-3.49633
-3.40908
-3.29081
-3.14285
-2.96668
-2.76392
-2.5363
-2.2857
-2.01407
-1.72348
-1.41606
-1.09401
-0.759604
-0.415131
-0.0629223
0.294677
0.655322
1.01668
1.37644
1.73233
2.08213
2.42368
2.75489
3.07375
3.37836
3.6669
3.93769
4.18916
4.41985
4.62846
4.81382
4.97491
5.11085
5.22091
5.30454
5.36131
5.39096
5.3934
5.36867
5.31697
5.23865
5.13418
5.0042
4.84946
4.67083
4.46932
4.24602
4.00214
3.73898
3.45792
3.1604
2.84794
2.52211
2.18452
1.83679
1.4806
1.11761
0.749491
0.377906
0.00449634
-0.369128
-0.741392
-1.11077
-1.47579
-1.83504
-2.18719
-2.53097
-2.86519
-3.18877
-3.5007
-3.80007
-4.08607
-4.35799
-4.61522
-4.85725
-5.08368
-5.2942
-5.48861
-5.66681
-5.82877
-5.97458
-6.10441
-6.2185
-6.3172
-6.40089
-6.47005
-6.52522
-6.56697
-6.59594
-6.61282
-6.61831
