2480
95
-11.9826
-11.9321
-11.8272
-11.6681
-11.4553
-11.1897
-10.8722
-10.5043
-10.0874
-9.6233
-9.11401
-8.56173
-7.96888
-7.33804
-6.672
-5.97368
-5.24616
-4.49264
-3.71643
-2.92095
-2.10967
-1.28615
-0.45397
0.383255
1.22191
2.05837
2.88908
3.71049
4.51913
5.31161
6.08463
6.835
7.55967
8.25571
8.92035
9.55098
10.1452
10.7007
11.2155
11.6877
12.1158
12.4982
12.8338
13.1217
13.3612
13.5516
13.6929
13.7848
13.8277
13.822
13.7683
13.6675
13.5207
13.3292
13.0945
12.8182
12.5023
12.1486
11.7596
11.3373
10.8844
10.4034
9.89705
9.36803
8.81924
8.2536
7.67406
7.08363
6.48531
5.88212
5.27704
4.67304
4.07306
3.47994
2.89648
2.32538
1.76925
1.23058
0.711748
0.214981
-0.257626
-0.704135
-1.12277
-1.51193
-1.87018
-2.19628
-2.48916
-2.74797
-2.97202
-3.16083
-3.31412
-3.4318
-3.51398
-3.56095
-3.57319
