2480
120
-4.48253
-4.48253
-4.48253
-4.48253
-4.48253
-4.48253
-4.48253
-4.41759
-4.41759
-4.35266
-4.28772
-4.28772
-4.15785
-4.15785
-4.09292
-4.02798
-3.89811
-3.89811
-3.76824
-3.70331
-3.63837
-3.57344
-3.5085
-3.44357
-3.37863
-3.3137
-3.24876
-3.24876
-3.18382
-3.11889
-3.11889
-3.05395
-3.05395
-3.05395
-3.05395
-2.98902
-2.98902
-2.98902
-3.05395
-2.98902
-3.05395
-2.98902
-3.05395
-2.98902
-2.98902
-2.98902
-2.98902
-2.98902
-2.92408
-2.92408
-2.92408
-2.85915
-2.79421
-2.72928
-2.66434
-2.59941
-2.53447
-2.46954
-2.33967
-2.27473
-2.14486
-2.07993
-1.95006
-1.82019
-1.75525
-1.62538
-1.49551
-1.43058
-1.23577
-1.17084
-1.04097
-0.911098
-0.846163
-0.716292
-0.586422
-0.521487
-0.391617
-0.261747
-0.196812
-0.131877
-0.00200678
0.0629283
0.192798
0.257733
0.322669
0.387604
0.452539
0.517474
0.582409
0.647344
0.712279
0.777214
0.842149
0.907084
0.907084
0.972019
1.03695
1.03695
1.10189
1.10189
1.10189
1.16682
1.16682
1.16682
1.16682
1.16682
1.10189
1.03695
1.03695
0.907084
0.907084
0.777214
0.712279
0.647344
0.517474
0.452539
0.387604
0.322669
0.322669
0.257733
