2480
82
-15.002
-14.9371
-14.9371
-14.9371
-14.7423
-14.6124
-14.4176
-14.1579
-13.8981
-13.6384
-13.3137
-12.989
-12.6643
-12.3397
-12.015
-11.6903
-11.2358
-10.7812
-10.2617
-9.6124
2.27072
2.85514
3.30968
3.76423
4.0889
4.41358
4.80319
5.06293
5.3876
5.58241
5.90708
6.10189
6.36163
6.62137
6.81618
7.01098
7.20579
7.40059
7.5954
7.7902
7.92007
8.04994
8.17981
8.24475
8.30968
8.24475
8.17981
8.04994
7.85514
7.66033
7.40059
7.01098
6.55643
5.97202
5.25773
4.02397
2.40059
-0.521487
-3.44357
-4.93707
-5.78123
-6.36564
-6.88512
-7.27473
-7.66434
-8.05395
-8.37863
-8.70331
-8.96305
-9.22279
-9.54746
-9.87214
-10.0669
-10.3916
-10.5864
-10.9111
-11.1059
-11.4306
-11.6254
-11.8202
-11.9501
-12.0799
