2480
92
-10.4566
-10.4566
-10.4566
-10.4566
-10.4566
-10.3916
-10.3267
-10.2617
-10.1319
-10.002
-9.74227
-9.48253
-9.15785
-8.83318
-8.37863
-7.92408
-7.2098
-6.23577
-5.00201
-3.76824
-2.27473
-1.04097
0.452539
1.81618
3.24475
4.41358
5.3876
5.97202
6.42656
6.75124
6.94605
7.14085
7.27072
7.40059
7.46553
7.53046
7.66033
7.72527
7.7902
7.7902
7.85514
7.85514
7.85514
7.92007
7.85514
7.85514
7.7902
7.7902
7.66033
7.53046
7.33566
7.14085
6.81618
6.36163
5.51747
3.50449
1.4915
-0.391617
-1.88512
-3.11889
-4.09292
-5.06694
-5.78123
-6.49551
-7.2098
-7.79421
-8.37863
-8.96305
-9.54746
-10.002
-10.5215
-11.041
-11.4955
-11.9501
-12.4046
-12.8591
-13.2488
-13.6384
-13.963
-14.2877
-14.6124
-14.8072
-15.0669
-15.2617
-15.3916
-15.5864
-15.6514
-15.7163
-15.8462
-15.9111
-15.9111
-15.976
