2480
286
-18.7033
-18.7033
-18.7033
-18.7033
-18.6384
-18.5734
-18.4436
-18.1189
-17.7942
-17.4046
-17.015
-16.7553
-16.3656
-15.7163
-15.1968
-14.9371
-14.6773
-14.5475
-14.4176
-14.2228
-14.028
-13.8981
-13.7033
-13.5085
-13.2488
-12.989
-12.5994
-11.8851
-0.651357
0.322669
0.907084
1.55643
1.94605
2.14085
2.33566
2.53046
2.5954
2.72527
2.85514
2.92007
2.98501
3.11488
3.17981
3.30968
3.37462
3.50449
3.63436
3.82916
4.02397
4.41358
5.1928
9.21877
9.60838
10.0629
10.3876
10.7123
11.037
11.3616
11.6863
12.011
12.3357
12.5305
12.7253
12.9201
12.985
13.1149
13.2447
13.3097
13.3746
13.4396
13.4396
13.5045
13.5045
13.5045
13.5045
13.5045
13.5045
13.4396
13.3746
13.3097
13.2447
13.0499
12.9201
12.7902
12.6603
12.5305
12.4655
12.4006
12.3357
12.3357
12.3357
12.3357
12.3357
12.4006
12.4655
12.5305
12.5954
12.7253
12.8551
12.9201
13.0499
13.1798
13.3746
13.5045
13.6993
13.959
14.1538
14.4785
14.8032
15.1928
15.5824
15.7772
16.1019
16.2318
16.3616
16.5564
16.7512
16.8162
16.8811
17.0759
17.1409
17.2707
17.3357
17.4006
17.5305
17.5954
17.6603
17.7902
17.9201
17.985
18.1149
18.2447
18.3097
18.5045
18.6993
18.8941
19.0889
19.2837
19.4785
19.5434
19.4785
19.4136
19.3486
19.2188
19.0889
18.8941
18.6993
18.5045
18.2447
17.985
17.7902
17.4655
17.1409
16.8811
16.6214
16.1668
15.7123
15.3227
14.8032
14.2188
13.5045
12.9201
12.3357
11.8162
11.2967
10.9071
10.5175
10.1928
9.86812
9.60838
9.34864
9.0889
8.8941
8.69929
8.56942
8.37462
8.24475
8.11488
8.04994
7.92007
7.85514
7.7902
7.72527
7.72527
7.66033
7.66033
7.66033
7.66033
7.72527
7.72527
7.7902
7.7902
7.85514
7.92007
8.04994
8.11488
8.17981
8.24475
8.37462
8.50449
8.63436
8.76423
8.95903
9.15384
9.34864
9.60838
9.86812
10.0629
10.1279
10.0629
9.93306
9.80319
9.60838
9.41358
9.21877
9.02397
8.69929
8.50449
8.30968
8.11488
7.92007
7.72527
7.53046
7.40059
7.14085
7.01098
6.75124
6.55643
6.36163
6.16682
5.97202
5.71228
5.45254
5.1928
4.93306
4.67332
4.41358
4.15384
3.8941
3.56942
3.37462
3.04994
2.72527
2.53046
2.20579
2.01098
1.6863
1.42656
1.16682
0.907084
0.647344
0.452539
0.127863
-0.0669418
-0.261747
-0.521487
-0.781228
-0.976033
-1.17084
-1.36564
-1.56045
-1.82019
-2.07993
-2.2098
-2.46954
-2.66434
-2.85915
-3.05395
-3.24876
-3.5085
-3.70331
-3.96305
-4.15785
-4.41759
-4.67733
-4.87214
-5.00201
-5.06694
-5.19681
-5.19681
-5.26175
-5.32668
-5.32668
-5.32668
-5.32668
-5.39162
