2480
204
-10.6514
-10.5864
-10.5864
-10.5215
-10.4566
-10.2617
-10.002
-9.48253
-8.83318
-8.24876
-7.79421
-7.4046
-7.07993
-6.82019
-6.49551
-6.30071
-6.1059
-5.78123
-5.32668
-4.74227
-2.85915
0.582409
1.55643
2.14085
2.46553
2.7902
2.98501
3.24475
3.43955
3.69929
4.02397
4.34864
5.06293
7.07592
10.7772
11.7512
12.4655
13.0499
13.6344
14.1538
14.5434
14.998
15.3227
15.5824
15.8421
16.037
16.2318
16.4266
16.6214
16.8162
16.8811
17.011
17.1409
17.2058
17.2058
17.2058
17.2058
17.2058
17.1409
17.0759
17.011
16.8811
16.7512
16.6214
16.3616
16.1668
15.7123
15.1279
14.2837
13.4396
12.5954
12.011
11.4266
11.1019
10.7772
10.5824
10.3876
10.2577
10.1279
9.93306
9.73825
5.90708
5.32267
4.99799
4.73825
4.47851
4.28371
4.0889
3.8941
3.69929
3.56942
3.43955
3.24475
3.11488
2.98501
2.92007
2.7902
2.72527
2.5954
2.5954
2.53046
2.53046
2.53046
2.53046
2.5954
2.66033
2.72527
2.85514
2.98501
3.11488
3.24475
3.43955
3.56942
3.69929
3.8941
4.02397
4.15384
4.34864
4.54345
4.67332
4.80319
4.93306
5.06293
5.25773
5.32267
5.45254
5.58241
5.64734
5.71228
5.77721
5.84215
5.84215
5.90708
5.90708
5.97202
5.97202
5.97202
5.90708
5.90708
5.90708
5.84215
5.77721
5.71228
5.58241
5.45254
5.25773
5.06293
4.47851
0.907084
-0.261747
-1.30071
-2.14486
-2.85915
-3.3137
-3.76824
-4.22279
-4.54746
-4.8072
-5.06694
-5.32668
-5.58642
-5.78123
-5.97603
-6.23577
-6.49551
-6.75525
-7.01499
-7.33967
-7.66434
-7.98902
-8.24876
-8.5085
-8.70331
-8.89811
-9.09292
-9.22279
-9.41759
-9.54746
-9.74227
-9.87214
-10.0669
-10.1968
-10.3916
-10.5864
-10.7812
-11.041
-11.3007
-11.6903
-11.9501
-12.1449
-12.3397
-12.4046
-12.5345
-12.5994
-12.7293
-12.7293
-12.8591
-12.8591
-12.9241
-12.9241
-12.989
-12.989
-12.989
-13.054
