2480
88
-19.028
-18.963
-18.963
-18.963
-18.8981
-18.8332
-18.7033
-18.5734
-18.5085
-18.3137
-18.1189
-17.9241
-17.6643
-17.4046
-17.0799
-16.7553
-16.3007
-15.7163
-14.7423
-10.3916
-7.98902
-6.23577
-4.09292
-2.85915
-2.4046
-2.07993
-1.75525
-1.43058
-1.1059
-0.781228
-0.326682
0.127863
0.972019
1.94605
3.37462
4.28371
4.86812
5.1928
5.51747
5.71228
5.90708
5.97202
6.10189
6.10189
6.10189
5.97202
5.84215
5.45254
4.86812
3.24475
1.88111
0.907084
0.0629283
-0.651357
-1.23577
-1.82019
-2.4046
-3.11889
-3.70331
-4.28772
-4.87214
-5.45655
-6.04097
-6.62538
-7.01499
-7.4046
-7.85915
-8.18382
-8.5085
-8.83318
-9.09292
-9.35266
-9.54746
-9.8072
-10.0669
-10.2617
-10.4566
-10.6514
-10.8462
-11.041
-11.1708
-11.3007
-11.4955
-11.6254
-11.6903
-11.8202
-11.8202
-11.8851
