2480
87
-14.844
-14.7855
-14.645
-14.423
-14.1207
-13.7394
-13.2811
-12.7482
-12.1434
-11.47
-10.7316
-9.93228
-9.07631
-8.16841
-7.21357
-6.21705
-5.18435
-4.12118
-3.03344
-1.92716
-0.808477
0.316394
1.44121
2.55972
3.66572
4.75308
5.81576
6.84788
7.84373
8.7978
9.70484
10.5598
11.3581
12.0953
12.7673
13.3705
13.9016
14.3577
14.7364
15.0356
15.2537
15.3897
15.4427
15.4126
15.2995
15.1042
14.8276
14.4714
14.0375
13.5282
12.9464
12.2951
11.5779
10.7986
9.96125
9.07043
8.1308
7.1473
6.12511
5.06955
3.98613
2.88047
1.75828
0.625344
-0.512532
-1.64953
-2.77987
-3.89781
-4.99772
-6.07406
-7.12144
-8.13465
-9.10865
-10.0386
-10.92
-11.7485
-12.5201
-13.2311
-13.8779
-14.4577
-14.9675
-15.4051
-15.7684
-16.0558
-16.266
-16.3982
-16.4518
