2480
78
-1.57467
-1.56967
-1.55577
-1.53328
-1.50254
-1.46398
-1.41805
-1.36525
-1.30615
-1.24132
-1.1714
-1.09703
-1.01889
-0.937665
-0.854069
-0.768814
-0.682616
-0.596192
-0.510248
-0.425481
-0.342571
-0.262176
-0.18493
-0.111437
-0.0422699
0.0220347
0.0809796
0.134109
0.18101
0.221316
0.254708
0.280917
0.29972
0.310946
0.314475
0.310236
0.298208
0.278418
0.250943
0.215904
0.173468
0.123847
0.0672913
0.00409178
-0.065424
-0.140894
-0.221926
-0.308096
-0.398956
-0.494033
-0.592834
-0.694848
-0.799548
-0.906396
-1.01484
-1.12433
-1.2343
-1.34419
-1.45344
-1.56148
-1.66777
-1.77175
-1.87288
-1.97064
-2.0645
-2.15397
-2.23855
-2.31778
-2.39121
-2.4584
-2.51893
-2.57243
-2.61852
-2.65686
-2.68714
-2.70906
-2.72235
-2.72678
