2480
75
-1.94698
-1.92381
-1.85699
-1.74648
-1.5926
-1.39597
-1.15758
-0.878762
-0.561166
-0.206795
0.182028
0.602659
1.05215
1.52726
2.02448
2.54006
3.07
3.61011
4.15603
4.70325
5.24715
5.78302
6.30612
6.81168
7.29497
7.75133
8.17617
8.56508
8.91378
9.21822
9.4746
9.67939
9.82939
9.9217
9.95384
9.92369
9.82958
9.67025
9.44494
9.15331
8.79556
8.37235
7.88485
7.33471
6.72409
6.05564
5.33246
4.55813
3.73666
2.87249
1.97044
1.03568
0.0737428
-0.909581
-1.90823
-2.91593
-3.92624
-4.93259
-5.92835
-6.90684
-7.8614
-8.78545
-9.67254
-10.5164
-11.3108
-12.0502
-12.7288
-13.3417
-13.884
-14.3515
-14.7402
-15.047
-15.2689
-15.4039
-15.4502
