2480
97
-2.72678
-2.72215
-2.70826
-2.68498
-2.65218
-2.60978
-2.55773
-2.496
-2.42461
-2.3436
-2.25307
-2.15312
-2.04392
-1.92567
-1.79858
-1.66293
-1.51903
-1.36723
-1.20789
-1.04145
-0.868362
-0.689121
-0.50426
-0.314344
-0.119976
0.078211
0.279551
0.483349
0.688881
0.895399
1.10213
1.30829
1.51306
1.71562
1.91515
2.11079
2.30171
2.48707
2.66602
2.83775
3.00145
3.1563
3.30156
3.43648
3.56034
3.67249
3.77228
3.85914
3.93254
3.99199
4.0371
4.0675
4.08291
4.08311
4.06797
4.0374
3.99143
3.93015
3.85372
3.7624
3.65652
3.53649
3.40282
3.25606
3.09689
2.92603
2.74426
2.55248
2.3516
2.14263
1.92661
1.70465
1.4779
1.24754
1.01479
0.780889
0.547108
0.31472
0.0850032
-0.140765
-0.361321
-0.575417
-0.781833
-0.979381
-1.16691
-1.34334
-1.5076
-1.65873
-1.79581
-1.918
-2.02455
-2.11476
-2.18806
-2.24396
-2.28205
-2.30204
-2.30373
