2480
90
-4.53657
-4.53096
-4.51531
-4.48947
-4.45331
-4.40676
-4.34978
-4.28236
-4.20454
-4.11643
-4.01814
-3.90988
-3.79187
-3.66441
-3.52785
-3.38256
-3.22901
-3.06769
-2.89914
-2.72397
-2.54281
-2.35636
-2.16533
-1.97048
-1.77263
-1.57258
-1.3712
-1.16934
-0.967901
-0.767764
-0.569828
-0.37499
-0.184135
0.00186129
0.182146
0.355888
0.52229
0.680588
0.830061
0.970035
1.09988
1.21904
1.327
1.42332
1.50762
1.57959
1.63899
1.68568
1.71955
1.74061
1.74892
1.74463
1.72794
1.69916
1.65865
1.60685
1.54424
1.4714
1.38895
1.29757
1.19797
1.09094
0.977284
0.857843
0.73349
0.605119
0.473638
0.339963
0.205015
0.0697085
-0.0650504
-0.198373
-0.329393
-0.457271
-0.581205
-0.700428
-0.814219
-0.921906
-1.02287
-1.11655
-1.20244
-1.28011
-1.34917
-1.40932
-1.46033
-1.50202
-1.5343
-1.55713
-1.57055
-1.57467
