2480
80
0.765599
0.772324
0.801657
0.853216
0.926473
1.02075
1.13523
1.26895
1.42083
1.58966
1.7741
1.97271
2.18397
2.40625
2.63783
2.87696
3.1218
3.3705
3.62114
3.87181
4.12059
4.36557
4.60486
4.83659
5.05897
5.27022
5.46869
5.65275
5.82092
5.97179
6.10407
6.2166
6.30835
6.3784
6.42602
6.45059
6.45166
6.42893
6.38227
6.31168
6.21735
6.0996
5.95893
5.79596
5.61148
5.40641
5.18181
4.93886
4.67886
4.40321
4.11343
3.8111
3.49789
3.17555
2.84586
2.51066
2.17179
1.83114
1.49058
1.15199
0.8172
0.48803
0.166243
-0.146452
-0.448416
-0.738089
-1.014
-1.27478
-1.51915
-1.74596
-1.95418
-2.14291
-2.31135
-2.45887
-2.58497
-2.68926
-2.77153
-2.83167
-2.86974
-2.88593
