2480
83
-16.1708
-16.1708
-16.1059
-16.041
-15.976
-15.8462
-15.7163
-15.4566
-15.1968
-14.8721
-14.4176
-13.8332
-13.2488
-12.6643
-12.0799
-11.4955
-11.041
-10.4566
-10.002
-9.54746
-8.96305
-8.5085
-8.05395
-7.33967
-6.62538
-5.39162
-4.15785
-2.79421
-1.82019
-0.976033
-0.521487
0.0629283
0.517474
0.972019
1.29669
1.6863
1.94605
2.27072
2.46553
2.66033
2.72527
2.53046
2.40059
2.20579
1.94605
1.75124
1.42656
1.23176
0.907084
0.647344
0.387604
-0.00200678
-0.391617
-0.716292
-1.04097
-1.49551
-1.95006
-2.33967
-2.72928
-3.11889
-3.5085
-3.76824
-4.02798
-4.28772
-4.54746
-4.74227
-5.06694
-5.26175
-5.58642
-5.78123
-6.1059
-6.49551
-7.01499
-7.59941
-8.3137
-9.02798
-9.6124
-10.002
-10.2617
-10.3916
-10.5215
-10.5864
-10.6514
