2480
86
-15.18
-15.1606
-15.0457
-14.8354
-14.5303
-14.1315
-13.6409
-13.0608
-12.3941
-11.6441
-10.8149
-9.91091
-8.93693
-7.89835
-6.80089
-5.65065
-4.45408
-3.21789
-1.94906
-0.654787
0.657588
1.98059
3.30667
4.62825
5.93776
7.22772
8.49072
9.71952
10.9071
12.0466
13.1315
14.1556
15.113
15.9983
16.8064
17.5327
18.173
18.7238
19.1818
19.5446
19.8101
19.9768
20.0439
20.011
19.8783
19.6467
19.3176
18.8928
18.3749
17.7668
17.072
16.2945
15.4388
14.5096
13.5123
12.4525
11.3361
10.1693
8.95874
7.71107
6.43322
5.13223
3.81525
2.48948
1.16215
-0.159552
-1.4685
-2.75766
-4.02017
-5.24932
-6.43864
-7.58192
-8.67322
-9.70692
-10.6778
-11.5809
-12.4118
-13.1664
-13.841
-14.4327
-14.9385
-15.3564
-15.6846
-15.922
-16.0677
-16.1217
