2480
140
-23.1189
-23.1189
-23.1189
-23.1189
-23.1189
-23.054
-22.989
-22.9241
-22.8591
-22.7293
-22.6643
-22.5345
-22.4046
-22.2098
-22.0799
-21.9501
-21.7553
-21.5604
-21.3007
-21.041
-20.8462
-20.5215
-20.2617
-20.002
-19.6124
-19.2228
-18.8981
-18.5734
-18.054
-17.6643
-17.2747
-16.8851
-16.4955
-16.1059
-15.7163
-15.4566
-15.0669
-14.8072
-14.4825
-14.1579
-13.8981
-13.6384
-13.3137
-12.989
-12.6643
-12.3397
-11.7553
-11.1708
-10.0669
-8.70331
-6.95006
-5.97603
-5.13188
-4.41759
-3.83318
-3.37863
-2.79421
-2.33967
-1.88512
-1.43058
-1.04097
-0.651357
-0.196812
0.127863
0.582409
0.907084
1.36163
1.81618
2.46553
8.43955
8.69929
8.95903
9.15384
9.34864
9.54345
9.73825
10.0629
10.3876
10.8421
11.2967
11.6863
11.946
12.1409
12.3357
12.4655
12.5954
12.6603
12.7253
12.8551
12.985
13.0499
13.1149
13.1798
13.2447
13.3097
13.3746
13.4396
13.5045
13.5694
13.6344
13.5694
13.5045
13.4396
13.3746
13.3097
13.2447
13.1798
13.1149
13.0499
12.985
12.8551
12.7902
12.7253
12.5954
12.5305
12.4006
12.2707
12.2058
12.011
11.946
11.7512
11.5564
11.4266
11.2967
11.1019
10.9071
10.7123
10.5175
10.3227
10.1279
9.86812
9.60838
9.41358
9.21877
8.95903
8.69929
8.50449
8.30968
8.24475
8.17981
