2480
92
-9.93709
-9.91047
-9.82727
-9.68857
-9.49569
-9.25027
-8.95419
-8.60957
-8.21878
-7.78438
-7.30913
-6.79597
-6.248
-5.66843
-5.0606
-4.42795
-3.774
-3.1023
-2.41646
-1.7201
-1.01682
-0.310234
0.396113
1.09871
1.79413
2.47903
3.15014
3.80435
4.43862
5.05009
5.63602
6.19384
6.72112
7.21563
7.67528
8.0982
8.48267
8.82717
9.13039
9.39119
9.60861
9.78192
9.91057
9.99417
10.0326
10.0258
9.97397
9.87756
9.73708
9.55327
9.32704
9.05944
8.75171
8.40523
8.02153
7.60229
7.14932
6.66456
6.1501
5.60811
5.04091
4.45091
3.8406
3.21259
2.56956
1.91426
1.24952
0.5782
-0.0967621
-0.772405
-1.44573
-2.11374
-2.7734
-3.4217
-4.05563
-4.67222
-5.26852
-5.84164
-6.38876
-6.90711
-7.39403
-7.84695
-8.26341
-8.64108
-8.97776
-9.27142
-9.52018
-9.72234
-9.87639
-9.981
-10.0351
-10.0378
