2480
86
-17.7501
-17.7186
-17.6093
-17.4228
-17.1597
-16.8213
-16.4093
-15.9256
-15.3728
-14.7535
-14.0711
-13.3291
-12.5313
-11.6818
-10.7853
-9.84638
-8.87006
-7.86153
-6.82614
-5.76942
-4.69699
-3.61456
-2.52789
-1.44276
-0.364917
0.699936
1.74619
2.76834
3.76107
4.71921
5.63783
6.51224
7.33803
8.11107
8.82757
9.48407
10.0775
10.6051
11.0646
11.4542
11.7722
12.0176
12.1899
12.2887
12.3143
12.2674
12.149
11.9606
11.704
11.3815
10.9956
10.5494
10.046
9.48917
8.88263
8.23052
7.53716
6.80707
6.04495
5.2556
4.44397
3.61506
2.7739
1.92555
1.07507
0.227433
-0.61244
-1.43974
-2.2498
-3.03809
-3.80028
-4.53226
-5.23011
-5.89019
-6.50913
-7.08381
-7.61143
-8.08949
-8.51581
-8.88854
-9.20614
-9.46741
-9.67151
-9.8179
-9.90638
-9.93709
