2480
123
-1.36564
-1.36564
-1.30071
-1.30071
-1.23577
-1.23577
-1.17084
-1.17084
-1.1059
-1.04097
-1.04097
-1.04097
-0.976033
-0.911098
-0.911098
-0.846163
-0.846163
-0.781228
-0.716292
-0.716292
-0.651357
-0.651357
-0.586422
-0.521487
-0.456552
-0.391617
-0.326682
-0.261747
-0.196812
-0.131877
-0.0669418
0.0629283
0.192798
0.257733
0.452539
0.647344
0.777214
0.907084
1.10189
1.23176
1.36163
1.42656
1.55643
1.62137
1.6863
1.75124
1.81618
1.81618
1.88111
1.88111
1.88111
1.88111
1.88111
1.81618
1.75124
1.6863
1.55643
1.4915
1.42656
1.29669
1.23176
1.16682
1.10189
1.03695
0.907084
0.907084
0.842149
0.777214
0.712279
0.647344
0.647344
0.647344
0.582409
0.517474
0.517474
0.517474
0.452539
0.387604
0.387604
0.387604
0.322669
0.257733
0.192798
0.127863
0.0629283
-0.00200678
-0.0669418
-0.131877
-0.196812
-0.261747
-0.391617
-0.521487
-0.586422
-0.716292
-0.846163
-0.911098
-1.1059
-1.23577
-1.36564
-1.56045
-1.62538
-1.82019
-1.95006
-2.07993
-2.27473
-2.46954
-2.59941
-2.72928
-2.92408
-3.05395
-3.18382
-3.37863
-3.5085
-3.63837
-3.76824
-3.89811
-4.02798
-4.15785
-4.22279
-4.28772
-4.35266
-4.41759
-4.48253
