2480
88
-10.4566
-10.4566
-10.4566
-10.4566
-10.4566
-10.3916
-10.2617
-10.1319
-9.87214
-7.79421
-6.56045
-6.1059
-5.58642
-5.19681
-4.74227
-4.41759
-3.96305
-3.37863
-2.85915
-2.2098
-1.23577
-0.261747
1.42656
3.63436
5.51747
6.23176
6.81618
7.27072
7.66033
8.04994
8.63436
9.34864
10.3227
11.2967
12.2707
13.1149
13.6344
13.8941
14.0889
14.1538
14.1538
14.0889
14.024
13.8941
13.7642
13.5045
13.3097
13.1149
12.7902
12.4655
12.011
11.4266
10.5824
8.95903
7.46553
6.36163
5.51747
4.80319
4.0889
3.50449
2.92007
2.46553
1.88111
1.29669
0.842149
0.387604
-0.0669418
-0.651357
-1.17084
-1.82019
-2.53447
-3.63837
-6.56045
-9.09292
-10.7163
-12.0799
-12.9241
-13.6384
-14.0929
-14.5475
-14.9371
-15.1968
-15.5215
-15.7812
-15.9111
-16.041
-16.1059
-16.1708
