2480
114
-5.19681
-5.13188
-5.13188
-5.06694
-5.00201
-4.87214
-4.8072
-4.67733
-4.54746
-4.48253
-4.35266
-4.22279
-4.15785
-3.96305
-3.89811
-3.70331
-3.63837
-3.44357
-3.37863
-3.18382
-3.11889
-2.92408
-2.72928
-2.59941
-2.4046
-2.27473
-2.07993
-1.95006
-1.82019
-1.75525
-1.62538
-1.49551
-1.43058
-1.30071
-1.17084
-1.1059
-1.04097
-0.846163
-0.781228
-0.651357
-0.521487
-0.391617
-0.261747
-0.0669418
0.0629283
0.257733
0.517474
0.712279
1.03695
1.36163
1.6863
1.94605
2.20579
2.53046
2.85514
3.04994
3.24475
3.43955
3.63436
3.76423
3.8941
4.0889
4.15384
4.34864
4.41358
4.54345
4.60838
4.67332
4.73825
4.80319
4.80319
4.86812
4.86812
4.86812
4.86812
4.86812
4.93306
4.86812
4.86812
4.86812
4.86812
4.86812
4.80319
4.80319
4.73825
4.73825
4.67332
4.60838
4.54345
4.47851
4.41358
4.28371
4.21877
4.0889
4.02397
3.8941
3.76423
3.69929
3.50449
3.30968
2.98501
2.66033
2.33566
2.01098
1.81618
1.55643
1.42656
1.23176
1.16682
1.03695
0.907084
0.907084
0.842149
0.777214
