2480
96
-10.9853
-10.9721
-10.9035
-10.7799
-10.6022
-10.3715
-10.0889
-9.75587
-9.37407
-8.94531
-8.47158
-7.95502
-7.39795
-6.80282
-6.1722
-5.50881
-4.81546
-4.09508
-3.35066
-2.58532
-1.8022
-1.00454
-0.195622
0.621239
1.44268
2.26533
3.0858
3.90068
4.70658
5.50013
6.27798
7.03681
7.77335
8.48439
9.16678
9.81746
10.4334
11.0118
11.5499
12.0449
12.4944
12.896
13.2475
13.5468
13.7921
13.9817
14.114
14.1879
14.2022
14.1562
14.0493
13.8811
13.6515
13.3607
13.0092
12.5977
12.1271
11.5988
11.0142
10.3753
9.68399
8.94278
8.15426
7.32133
6.44712
5.53503
4.58867
3.61187
2.60868
1.58331
0.540155
-0.51624
-1.58121
-2.64997
-3.71765
-4.77935
-5.8301
-6.86492
-7.87888
-8.86706
-9.82463
-10.7468
-11.6291
-12.4669
-13.256
-13.9923
-14.672
-15.2915
-15.8475
-16.3369
-16.7571
-17.1057
-17.3807
-17.5805
-17.704
-17.7501
