2480
87
-6.88512
-6.88512
-6.88512
-6.88512
-6.88512
-6.75525
-6.62538
-6.43058
-6.23577
-6.04097
-5.71629
-5.00201
-3.63837
-1.1059
-0.261747
0.517474
1.03695
1.55643
2.07592
2.53046
2.98501
3.43955
3.8941
4.41358
5.06293
6.03695
7.53046
8.63436
9.21877
9.67332
9.99799
10.4525
11.037
11.7512
12.985
14.6084
15.1928
15.1928
15.0629
14.9331
14.6733
14.3486
13.7642
13.2447
12.7253
12.3357
11.946
11.4915
11.1668
10.7123
10.1279
9.67332
9.0889
8.37462
7.40059
6.4915
5.45254
4.73825
4.02397
3.50449
2.98501
2.53046
-1.30071
-1.88512
-2.2098
-2.59941
-2.85915
-3.18382
-3.37863
-3.70331
-3.89811
-4.15785
-4.35266
-4.6124
-4.8072
-5.00201
-5.32668
-5.52149
-5.71629
-6.04097
-6.49551
-6.95006
-7.79421
-8.3137
-8.57344
-8.63837
-8.70331
