2480
153
0.257733
0.257733
0.257733
0.257733
0.257733
0.322669
0.322669
0.387604
0.387604
0.452539
0.517474
0.582409
0.647344
0.712279
0.777214
0.842149
0.907084
0.972019
1.03695
1.10189
1.16682
1.23176
1.29669
1.29669
1.36163
1.42656
1.42656
1.4915
1.55643
1.62137
1.62137
1.6863
1.6863
1.6863
1.6863
1.75124
1.75124
1.75124
1.81618
1.81618
1.81618
1.81618
1.81618
1.81618
1.81618
1.81618
1.81618
1.88111
1.88111
1.88111
1.88111
1.94605
1.94605
1.94605
2.01098
2.01098
2.07592
2.14085
2.20579
2.20579
2.27072
2.33566
2.40059
2.46553
2.53046
2.5954
2.66033
2.72527
2.7902
2.85514
2.92007
2.98501
3.04994
3.11488
3.11488
3.17981
3.24475
3.30968
3.37462
3.37462
3.37462
3.43955
3.50449
3.50449
3.50449
3.50449
3.50449
3.56942
3.56942
3.56942
3.56942
3.56942
3.56942
3.56942
3.50449
3.50449
3.50449
3.50449
3.50449
3.43955
3.37462
3.37462
3.37462
3.30968
3.24475
3.17981
3.11488
3.04994
2.98501
2.92007
2.7902
2.66033
2.53046
2.33566
2.07592
1.81618
1.55643
1.10189
0.647344
0.322669
-0.131877
-0.456552
-0.781228
-1.23577
-1.56045
-1.82019
-2.07993
-2.4046
-2.72928
-2.98902
-3.24876
-3.57344
-3.76824
-4.02798
-4.28772
-4.48253
-4.74227
-4.93707
-5.19681
-5.32668
-5.52149
-5.65136
-5.84616
-5.97603
-6.1059
-6.17084
-6.23577
-6.36564
-6.43058
-6.49551
-6.49551
-6.56045
-6.62538
