2480
87
-10.0378
-9.98835
-9.88647
-9.73194
-9.52485
-9.26554
-8.95461
-8.59295
-8.1817
-7.72226
-7.21631
-6.6658
-6.07294
-5.44017
-4.77022
-4.06602
-3.33076
-2.56782
-1.7808
-0.973479
-0.149811
0.686099
1.53002
2.37759
3.22438
4.06589
4.89757
5.71484
6.51316
7.288
8.03491
8.74949
9.4275
10.0648
10.6575
11.2017
11.694
12.131
12.5097
12.8274
13.0816
13.2701
13.3912
13.4435
13.426
13.3379
13.179
12.9495
12.6498
12.281
11.8442
11.3414
10.7746
10.1464
9.45961
8.71761
7.92399
7.08271
6.19802
5.27448
4.31692
3.3304
2.32018
1.2917
0.25058
-0.79748
-1.84668
-2.89116
-3.92507
-4.94256
-5.93784
-6.9052
-7.83909
-8.73407
-9.58492
-10.3867
-11.1345
-11.8241
-12.4511
-13.0119
-13.503
-13.9214
-14.2643
-14.5295
-14.7154
-14.8205
-14.844
