200
1821
-9.79259469406679
-7.37490026010346
10.2826070228184
24.7414470048388
6.48789394836058
-9.47376303862256
-4.26454714762804
-15.0253812226729
-26.1399626703933
-12.9026930274995
-11.1513561991305
-20.294420262624
-15.3926973195776
-17.109580635617
-26.6506011332676
-22.5259823895758
-6.65888608746172
10.2400335986895
21.6500506647862
10.1426971779147
8.37054497812642
12.7956839435792
13.0706005810061
14.8469690160273
11.9310105566838
8.58181836181029
10.9449462406192
0.792773011839017
1.15516943242255
22.765401075827
12.8139667198557
-15.5726913597464
-23.947535117215
-29.1180880358734
-32.7773444012855
-16.0978782922612
-12.7057649864728
-17.1141795300646
-20.9644940817961
-31.559707906621
-28.2850124305405
-15.0120154095202
-25.3266273909248
-25.5078015662439
-3.12778450082988
-1.41802067927347
-17.4226665136812
-13.1455000185815
-0.365391156301484
3.02202201814362
5.86994405044243
7.12246565650275
-2.55317863771052
-6.21047993890534
-1.40339355437027
-7.98539310136402
-23.0476556263748
-25.5788701212732
-32.6402837081696
-34.7842224229244
-33.9518257128075
-36.9009192652302
-47.2950320559321
-40.9291374708409
-36.9905010698712
-46.2718812152161
-31.1835473720566
-11.4760751751601
-26.1805123692611
-39.7178140585893
-17.0832446186105
-3.69503441039706
-10.0600034803501
-12.6828823036631
12.2402405533066
19.0936607660551
-5.55016020056792
-11.9450976577355
-5.09694527741522
-17.727808401949
-20.3589909998991
-4.24548019620124
-13.5051614553086
-30.4145298750373
-18.9435529086331
-13.021384931184
-33.0837950050482
-39.5721650364576
-23.9210042097548
-23.2591402407561
-36.951819625916
-27.4656081579451
-0.504520694084931
0.157484763592947
-21.4647894638183
-24.8395265714498
-0.952299971831962
1.58800977540886
-8.23054578907613
-7.25532124987512
2.14970047459065
0.94838825417537
-1.85912930713312
5.76328863309027
8.2869687815255
-2.02555424960156
-2.93292267871948
4.17511189699871
-4.4789265422296
-13.7821239043114
-13.1563287495228
-21.0275034644583
-40.9311582527589
-32.2241389726987
-10.2174598043202
-18.2119989048515
-41.5463754458469
-33.7823842781945
-21.3640236423525
-27.6421444050793
-27.7108831417281
-23.0660923408868
-28.6068795705505
-18.2290540217364
-7.94329459889559
-22.3667828468897
-28.7410065067525
-16.4226358224696
-19.4389297315211
-32.5284587494098
-24.0808313916204
-7.91911137543502
-12.0256084614521
-20.6232779377315
-14.2680871915654
-11.7194001952012
-12.6736106845929
-8.03386707077152
-20.2521397641976
-40.8981398558826
-30.7139561221702
-20.9422236883838
-42.7688877662295
-52.1661394634284
-38.4949087153072
-32.6596757801017
-26.2452935501642
-19.0275184562779
-26.9560591490299
-23.5227215698105
-2.35177880394622
0.349806515529053
-17.4425505146792
-22.3761730957776
-14.9296119506616
-19.9032645311672
-25.3705829144455
-14.7712770697981
-9.16457466539578
-15.1336926912336
-5.82906389122945
-4.99467233796167
-29.3319591084437
-37.4293477475294
-20.564167981036
-18.4805505789118
-26.5486718711618
-12.4069234544731
2.32769376126816
-14.7047080660413
-24.5918744646769
-2.16995893945568
3.31451924315479
-14.9161260554829
-9.32391825848026
-1.47653049576911
-13.5331046791543
-11.1181317975133
-3.98191354184382
-10.4271960781625
-5.70352500888839
-7.60836898887646
-21.0229396536306
-14.3538864698639
-3.92063208090258
-7.34465197322425
-8.53899526518944
-10.1417738752498
-8.67707060284738
-5.44203226043464
-18.6046256594418
-19.6951236589812
-6.65300857798138
-21.6553492805688
-33.9977198215784
-31.0904801764409
-40.2291414408246
-25.9461398016429
-4.44074855837971
-30.2519470945117
-18.4157979780284
31.1512383211812
28.9980729217641
37.0656561647193
65.4733237264445
78.5878478991799
62.0277178410324
67.9779348478187
81.3424872971373
86.5928214383312
91.4431998066138
80.518932466628
74.0044019627385
83.1809651736403
89.8428168395767
94.5382951345528
93.6778482821537
89.7629362108419
92.1530580177205
91.402396860416
89.9795453175902
35.1563274073997
14.0280601311533
4.45392888043716
-7.55422132958483
-8.76828355957696
-19.8293349582527
-19.4130317503004
-16.895767815673
-23.7377496726112
-38.648377352918
-41.3508755796356
-22.9275718627032
-14.8019789032114
-24.2231633050542
-24.8172401257325
-22.0903752638551
-25.6578004827898
-29.7287267092033
-27.7824712147703
-13.9589812772319
-7.05094487793394
-21.4151240102074
-22.8472073239682
-12.3355486236542
-19.2622454897792
-23.6467477743281
-11.1908855845686
-1.0601871588733
4.20440792807494
-0.281330239035015
-11.1493495455943
-10.9361545746215
-7.2547739131478
-2.89340694278508
13.0639346625831
10.9861034593632
-5.14825068232312
-0.703535095388361
4.44224629235396
-2.04017161437514
-0.953237255758722
-7.34474248070183
-13.6527301627648
-6.03537441250228
-14.7239205240476
-35.4799551427714
-31.3442175147648
-17.7088903778349
-12.9852869894385
-11.3994542452419
-14.4022207755042
-15.8280339823104
-16.6823774013319
-17.4948764847068
-7.10754945354711
-7.53348379529052
-22.384801206179
-14.8526170342957
-2.09573106262542
-10.325044213736
-19.2919510002539
-22.6478456881305
-17.7452049463463
0.426707841601456
-0.723322318983264
-15.6990114926448
-3.81838757013611
-0.374994196841726
-18.1479038019897
-10.0859871723806
1.19871952984249
-4.92714867376344
1.90250284266949
10.5724798131996
-3.29896030321834
0.777610581324552
11.8100272664306
1.61061929813877
5.04185517388396
25.9096279316291
19.1882116626657
-4.351490433648
-5.96442880053655
1.24798960951739
-6.26219717117783
-19.6832095151767
-15.3029539196141
-16.6228784396953
-27.4059178439493
-32.6759413818363
-26.4996604275948
-23.8336418317631
-25.5503263019491
-22.5994370219996
-16.5806821733422
-6.30558498833852
-1.98834935137711
-5.79158065222146
1.48144440323813
5.36410623145639
-4.75830138486344
-11.1938326011441
0.605865925230319
5.48586895739572
-6.26660393800557
-12.2286744904413
-8.81770973656967
0.288423332356615
13.6162342192401
12.1992293112562
-11.1244493907434
-24.0789761606429
-10.3438824028999
0.412501658051042
-8.54247554592439
-11.5779181193939
-13.5250784566451
-23.7663646276342
-16.4384498070867
-8.53484843643673
-25.6118867478799
-25.0107773730997
3.75766556861345
-0.217781976654805
-14.4787826061947
1.80342030336033
0.103800669470729
-7.99454368720762
14.3942163075262
12.9515873790078
-20.5116504181933
-25.942207986227
-11.3741953227
-6.50626143180853
-8.0328523007629
-18.7935536364384
-21.917561026843
-7.73976695792226
-4.83874879970244
-4.98074599442043
-2.52420544705092
-19.7903277045407
-25.8281303118274
-3.63156118616462
-1.19066176221531
-15.2962414111244
-14.4881187555584
-21.1389133828925
-27.9977727950027
-17.3025795264693
-15.8222900255932
-22.696912117739
-17.8942904647847
-18.6162046072714
-24.7427865304053
-18.0029167745379
-5.5087959831144
-2.05873303255066
-2.73124343830568
0.182602008171671
7.0697341073901
8.62827930159983
-0.585805097813136
-8.00035873350862
2.37068895042466
16.3930967113411
12.5463311019412
1.06414808247064
-2.84383965340749
-11.0471669545805
-15.4959528293548
-1.90191517722269
0.769997277555376
-14.7878985008283
-10.8166279053694
0.0191136902139988
-3.85461816640236
-2.30633662761829
4.54746616837656
-1.71421762472164
-3.95598971571235
6.6792526450663
10.6853710035211
4.0402840159586
1.54741124319116
2.12496499002009
-4.11570767292142
-9.48625893268036
-3.66738448540127
0.745660374639556
-8.17067385489645
-13.2132618744799
-6.66859284928069
-1.3178733683817
3.22505831078161
4.49214526919241
0.367272445299022
0.242267196772445
-1.15329087295686
-11.9984983105969
-13.2196621964104
-3.38762178197794
-6.29304568871885
-10.7462272446428
-6.63181210505718
-14.1209634901606
-27.3025833511783
-17.9411355688062
-6.44276999843714
-14.296728743604
-11.8179052865162
1.46091985805833
-8.68648888780444
-14.9330727098131
1.72535893360327
3.18851067496144
-6.14156199603894
-0.440075427643023
-1.44228213129827
-4.9197411969144
7.98682721166551
6.74308462833869
-4.44643422259833
10.1634568467998
11.6731803319417
-14.7933076940244
-13.7577339760028
3.33599036489613
-6.78256113910174
-17.1842146718118
-7.20642003513058
4.61998341574508
19.0194474836462
28.0666493750759
18.9939391769003
11.8616510034481
9.37251797740464
1.70295230591728
10.6109663687967
21.0631299095112
0.270495801698416
-9.07205677834281
17.9802032251901
20.7046123890905
-16.7102479867754
-23.3995866164914
-18.2344830320508
-19.9905752331542
-21.7231257878302
-30.9944272112043
-33.6427619544556
-12.4060686843004
-2.37057728854415
-14.8962900735205
-10.9205865271797
0.473782592336647
-17.7446434026642
-36.9433938083821
-18.5259573552758
4.523076382
-11.9189020212798
-27.7765396838658
-6.40157563833054
5.83266908387304
-10.3648925890448
-16.7743000352348
-14.7600912698108
-9.86370542364602
5.90048533811932
4.35994464412943
-5.34170115109737
7.70432613559387
13.0481183119409
-3.92602992677712
-6.95469345989113
-3.80839204479344
-0.984559079864994
6.71998679040553
-6.36141618317197
-21.1305883763707
2.60620032183942
12.0973781007779
-16.0054220897437
-34.0370629208046
-30.3301522385154
-13.3556059179828
2.41930328488525
-5.80771727710089
-10.1702336437447
5.02560823122622
-1.87220441580575
-15.3961793566705
-10.7898042162415
-6.98913075744349
-4.57998077757657
-0.914283054160478
-2.84185339482792
2.1170291514718
8.36559873454098
0.14916755061131
-5.89260420280334
-13.0553360040649
-18.8597020691377
0.688998331315815
11.5045742262446
-0.279470552035491
10.6179106497875
23.1513121285825
9.85963811443071
5.88981123977283
8.13535154970305
-1.11747154654586
2.3130946274905
4.29882862233353
-3.03263229368895
10.8624291684828
17.8108888291754
1.75607463793131
3.82393227681678
1.88410282250152
-20.6243992800009
-14.0621086260508
4.60724412657146
-2.05987481420743
-10.0989935026446
-17.9920271901647
-36.2829702588497
-28.3558368428494
-6.64396389675676
-17.4611499429448
-25.3602369581349
-13.5093426936946
-10.7565587478894
-9.236759239604
-13.105340999522
-34.3845336904633
-30.4972913959937
-15.6581647076528
-37.7684704447165
-56.919788695348
-34.4755016277195
-17.3540524263517
-23.1984294514987
-23.214795733511
-26.8206413155131
-38.82858033909
-30.0267778352136
-11.1584896902787
-19.9765061631915
-35.5531387447263
-23.3061526755046
-14.7210070552246
-28.9915387420042
-26.22436956616
-7.10827926622005
-11.394217667359
-22.0550164320739
-20.0265855198668
-19.1093776622729
-16.7704224420595
-15.7322043559689
-26.9188182153448
-36.7879274106817
-44.8383184736012
-49.6878637513146
-39.1986848063534
-28.6225122741889
-46.0459189469693
-60.8439623349695
-50.2952488851151
-37.2147084893659
-38.7092633572756
-50.1134799552965
-65.8038160133874
-67.570553647005
-47.6621971574496
-27.1520757105027
-24.6390206645592
-30.4171800618933
-36.0890533804195
-38.5151050185086
-31.0706542230328
-7.28141564584803
-14.1889796233154
-42.999445969006
-25.4123707441031
-1.24302097884356
-14.155821461638
-21.8158175461285
-12.9333282197622
-18.2483589522599
-24.4091995484196
-17.9670672208304
-9.37035221180122
-5.60933445992123
-13.1447417786112
-21.1742413018364
-16.6232023984194
-11.4605940259935
-10.6993297860899
-14.8027915464045
-22.999021130352
-19.4757656631991
-16.4516380174609
-43.5051242508343
-49.7866068930598
-36.9017850763048
-45.7856548289419
-57.6591440225602
-47.2263227380463
-56.0769740683609
-66.1954911528155
-63.1263663073769
-59.6446642246447
-60.3423250555643
-59.5452477116487
-56.5603560896125
-47.0354916666984
-52.0625745804282
-60.2146782963537
-63.1394071104587
-80.4899435101543
-75.4638127824292
-41.1449986006483
6.69680739362957
14.0696858641313
51.3087083706632
59.420234096935
56.1843013304751
80.9250718642725
90.8888569446281
88.1251003427897
110.034265804454
98.1967875575647
84.034444575198
111.809214308625
127.741159548284
125.35066266288
127.387127064867
117.807897936902
116.423378516105
119.686565027689
93.9100221033441
95.7071485986235
126.96715252893
111.412208938971
86.4089621213498
105.002542892587
117.831810491392
112.779771014699
102.811811091495
87.3737731446745
95.0516744788038
111.652602907736
105.816543441848
85.4529797411524
73.5697087026201
70.2304742014967
80.267855347367
77.9718849033816
68.85757278034
78.2042228440987
63.7523594344384
34.9687058843556
34.2206582802464
42.3558278999408
48.9969542471226
38.6429352871492
28.696902880125
27.2653455603286
30.0015096198476
14.6680225361488
13.0228500976518
22.4253503768414
8.07417372862983
5.63146932583186
32.7787606234779
33.6587553109275
18.0430373040144
24.1936659763742
31.2158610939223
18.3572461200529
12.293928212719
26.3322994096379
41.7792404723004
38.4394849526579
29.2235746203223
25.922680187854
27.7369220304536
34.8121610102826
34.0750998216681
21.4879289548553
25.8621615150769
31.6835294704069
15.1489162598737
22.7757013441587
33.8509302450111
-2.02979089523433
-27.2800905627373
-6.28253770171432
-8.87325219331251
-37.5405043343198
-31.67519577645
-32.44057576044
-53.0828492246801
-51.7708396038506
-46.0181079795002
-67.2761903479695
-74.699793901993
-80.0164712572005
-79.9564598483266
-75.7657374916598
-83.6673702111002
-89.9925903690746
-86.6377015936887
-92.7728252618108
-85.7715572956949
-71.9131972880568
-93.8885571995052
-110.343052135897
-96.6890779598616
-112.231055023265
-124.735863017268
-103.878886785125
-116.778368849307
-146.490952863824
-134.733816317515
-134.379371665884
-138.98090142454
-120.407823289162
-132.645366385579
-154.013604480773
-139.774302171776
-137.306423470844
-159.757240655832
-148.474594737403
-130.059161768295
-139.567102351226
-145.563681774074
-142.661833666964
-146.420128009748
-148.578890731558
-145.827174155274
-148.262367752846
-150.090613523265
-145.061687249923
-142.944283730118
-154.044396015117
-142.892219974892
-118.221904981998
-99.0036809315206
-101.244506513583
-107.244324646425
-106.65169536497
-76.5259710622486
-70.2823995411163
-53.5223058432457
-55.1826242259122
-55.2391211832874
-38.6762394109392
-40.835669547203
-51.6813736655749
-35.206390850246
-23.1957323270617
-40.8838080970454
-46.2916248646798
-34.7438367279829
-40.7253809546819
-41.7454504978959
-33.1098935729242
-46.6061847359524
-55.6649675718509
-34.0162450827193
-27.510071549128
-42.592981578724
-46.987300560053
-45.0057468292071
-38.4343818801572
-27.512817826937
-25.7004168335698
-23.1939808930038
-15.3774280405341
-29.5845564444317
-45.0865226705791
-30.5721959720831
-23.0642700631288
-11.4258589027158
6.04367670242209
-3.90844731876859
-13.3548223827675
-1.59295216975443
0.423720317638072
-6.74675011354702
4.27566050412861
-2.11966670185211
-24.3656559317897
-19.2579083554738
6.30298254903755
16.5383383207081
6.60737704247003
-3.74679906618258
10.8991899846296
23.5195817712811
-0.281550640502246
-21.9595525582845
-7.76248791055696
10.8390357744793
14.0214195177832
6.73122872024396
-3.29999557047995
5.24437213109195
18.1772727306816
4.15894818666857
-10.6865108332859
0.205571529120789
11.2950598525058
9.85044336511055
8.91569048521342
8.30288193088199
0.0797368049970828
-8.98375210745144
-5.56475949767628
2.45938440150348
-7.22152398696926
-30.7457708807488
-25.8845739173121
-16.5724209883483
-7.18038038845407
3.42704046369181
-6.8168198979256
-29.6975052615744
-34.3932052955497
-23.7676192339277
-7.84267849205935
4.63602453609928
-5.64326736137446
-20.6448462479748
-11.495715097888
-0.862552814869559
0.93313964051049
4.75306003500737
0.307038755199756
-5.19819617991016
6.86019211862731
8.80250016787613
-11.7350647639105
-18.3231211337261
-3.97579078901617
4.63752904998546
5.10336371132144
5.78130801161024
1.42587524817645
3.12680695233939
8.90853001881624
1.84793930812157
0.995060189969081
20.8033834511298
20.0330167923821
-6.60832847160054
-2.76873232665821
5.08227556722704
-20.3435988581623
-25.3519719054748
2.05645193756209
-5.03870548929262
-15.5223752029851
7.2154678558436
10.9243961890897
-3.60892779285496
4.02740928994172
3.06475670960936
-11.7351975258789
-12.6108931428898
-10.4198767586931
-6.86249076509557
-4.89094875629235
-20.563627263793
-19.9463117767591
3.24299415282439
-2.26052901399817
-10.0520923833246
12.898508289014
13.2245392798504
-10.7483873479359
-13.5448845954234
-6.30549455660366
5.36257282374572
15.0606751302403
0.0655047888431
2.14504249622405
25.6833126720157
5.23578716721386
-23.6565486074833
-2.32375004942878
-0.272338823815517
-31.4046473717026
-26.0735075572156
-4.7914694759238
-24.4310649983527
-33.9589613606804
-22.4536336195306
-24.9686703205516
-35.7106378627941
-36.4625517753302
-31.5144312091579
-26.8517282590037
-16.0098496449355
-7.56613411245053
-15.9298020110582
-24.6943058728648
-21.2383247587131
-11.6004090300412
-4.04649457323103
6.15918393516768
-5.83522122952127
-27.8658986248774
-9.33017738015042
11.3273558203073
-8.4843146414205
-17.2793060755066
-5.39445829193573
-13.4222509471001
-15.7182756890688
-1.86969452617632
-7.91414369086851
-16.9654350014462
-2.98099544082652
-2.66569313214859
-18.8256463631405
-17.1787539885554
-9.663818784873
-14.6156823743222
-22.4422112786851
-17.4982790776412
-8.67264410466305
-5.83743639547174
-3.30136841042258
-4.51436952014046
-11.0229289349081
-16.3092845852661
-19.1467376597866
-21.9237493952387
-16.6934939372295
-2.61381708383851
-1.79007526759233
-21.5161692437541
-35.8678709140513
-27.3814961414027
-15.3962395975541
-18.056797598867
-17.8030004642496
-14.5751545079547
-20.7080117799633
-16.104802044807
-8.05249921315408
-24.7349915861269
-27.5127721280733
-1.20520185466739
-8.49331056830124
-29.2996952238609
-15.9395999957487
-17.1723584581632
-42.8001890743035
-41.792935232108
-29.4478593850508
-21.9607257482421
-10.8365290789807
-13.1721942379954
-14.081933383146
4.84187691057741
-0.186940460735059
-18.2141281029617
-11.7130830839887
-7.37017975982599
-25.7292589900317
-22.2708972822293
-9.11857408565993
-18.0946854843933
-22.4783259015239
-23.6774075357534
-33.5089491528342
-32.3635356407613
-24.439978078648
-27.5515587703267
-33.3806690984638
-35.3314540454885
-34.9626322762342
-29.1870280024013
-18.7304435613914
-14.6758124597109
-25.8896316741884
-36.3032009364688
-23.8374173899356
-6.53271274804138
-13.7435610671528
-27.2184644117369
-22.6480979590269
-15.6569579363131
-12.1500864580303
-5.5869503961585
-7.71072466841724
-19.1438272507803
-19.3258407693647
-5.53332000969385
9.56407802416652
23.1387016938243
39.1729874435114
27.8624012310174
29.3412665763462
41.635119986895
33.5766309809405
32.8991000335664
44.602565103618
59.5005773773883
69.7928768536076
64.6832140121842
61.1875468298676
71.7816696328809
87.4258135065902
88.1171422655461
81.771707864129
78.9121732523199
77.5947134874295
79.1043164823204
75.7178410360357
67.4885137153324
68.3620670849923
69.0721559607191
58.0274181692512
57.4983735627029
51.4969063613098
35.629067851929
17.7481634021096
29.028769614175
39.6382074516732
24.5160203965497
15.325765393718
20.3099976440717
27.7893817052536
12.8749949584599
-1.82820876550977
-7.10044061021472
-15.5665219955117
-19.2865053865244
-15.7295759906847
-27.5011999704293
-31.0314863371314
-26.0803945876251
-37.1538731718902
-65.5477693916764
-76.8027883678442
-63.4632533001713
-59.2148830773658
-68.8457468505949
-88.8992467579665
-82.4563873643056
-62.9983014426543
-67.7931296131574
-78.6734479278093
-68.435497264727
-65.8385360836983
-81.2607801719569
-88.9388388847001
-95.5635535283946
-103.396598126739
-87.1649486160604
-63.9826113099698
-72.4938808963634
-83.4242397010094
-51.477913552837
-13.309413081035
-2.9131106199784
21.9609938790672
54.4724124321365
60.6479294651072
41.8868606893229
49.8251835202682
69.1260264096782
76.661865923903
110.038548886194
108.941134735825
105.891928550904
135.426007626811
155.173306548502
160.900175404269
164.495128464885
162.710188873112
150.73001597845
139.329930906883
136.30658727535
147.095332238125
158.382106952369
154.824228698621
148.361463199835
140.448485890636
129.046916802879
141.474517756607
158.892936073011
143.862103645923
120.425106795155
125.413430299144
133.3893940337
144.328295774059
143.923104652204
117.875809969148
109.255641465075
121.053817440174
92.2631208557868
61.7382619562559
50.4670174003113
43.2533751765732
42.3129319521831
54.0219402995426
44.2282850806951
34.5836784755811
6.50570503718336
-1.4527183863247
0.108550427554292
9.79297065065475
19.2706454837753
8.12825591303408
-28.8293078112765
-37.0485540357186
-24.0800026084471
-37.6669457393
-63.3250127204228
-41.3924121538876
-29.6452305002895
-47.3588737330865
-43.7195816049352
-39.6072904628818
-52.7119382828241
-49.0991968290764
-45.0053532285383
-59.1485696925083
-59.1101105429116
-45.1049668189371
-37.2909879174549
-37.7864192238776
-33.3309149651323
-23.3287058064016
-0.742468551674392
-6.5965299298623
-21.5949475459929
-10.3773226608755
0.523745099635562
-5.85334462207538
-9.56496199945104
-7.87264959399909
-8.21460638289864
0.0266014499065932
-1.60498250566889
-15.0914643746946
-34.5692577626905
-39.4271268924349
-30.3414179594838
-30.7897458242078
-27.869343071623
-9.79227734167944
-13.2493131641386
-38.2454643968958
-32.3396757791634
-11.5469352804648
-21.8121250859112
-22.8830492176639
-7.92548618304136
-7.61434028017538
-9.09025067763287
-3.89547521302302
-8.26251836441224
-10.8632889419532
-0.562653788583702
-1.6641226970678
-15.8515806200885
-16.8350021446531
-11.5966607149894
-24.2008486188715
-37.1140756247914
-32.8976392252371
-29.318684290949
-36.0497165957349
-32.9631209347281
-26.1359741622
-30.5309149106906
-25.4598427390447
-17.3467594748654
-21.1973862127634
-19.5479311327217
-12.270736349994
-21.5821020578442
-29.5225766297372
-8.63546201042482
7.81380276760319
-4.95008470118046
-19.4118292014464
-18.5119261916552
-11.3249530846515
-6.59942177162156
-8.05822319503932
-12.3809385067871
-10.924144479286
-9.13726040445908
-17.9803623584157
-16.8382099168375
1.96625756224967
4.06011052834219
-13.2106480082148
-16.8036970145185
-16.560697741661
-26.4858257082815
-25.9422048938286
-31.8258243948512
-47.0984334397945
-29.4396965134365
-4.00594380690018
-19.4767566361406
-30.8856425629638
-16.4740508781688
-22.8229577927268
-33.0674124996876
-8.26080955271027
6.99626317455841
-12.386397236216
-29.2556373705738
-26.3266611681611
-13.0907640581572
-1.40970629079675
-5.21005253263138
-12.8165471217362
-10.4167034770217
-9.06068436263013
-17.7335627699213
-31.0073580819007
-26.9936836822017
-20.2839806628181
-22.4710462171352
-29.4721341733821
-28.1433387355937
-29.6687168978679
-32.6652548759012
-24.8136016983481
-21.542846130149
-24.9447308159724
-28.044741142483
-30.134007276909
-16.0140424022102
-3.87031140241015
-10.8501961255824
-10.4653829180606
2.90961095121747
-13.5223889849003
-24.451435875264
10.1256120561156
16.3035874460475
-18.185534531658
-20.0075991159247
-6.02748822778813
-10.1837224489864
-2.26869921165053
3.92925283743534
-10.1482418359956
-10.7002773131971
0.222051335207652
-13.9945503350609
-29.9248530710174
-16.8645055740199
-1.65902736243152
-4.76684427664441
-11.5153922225436
-11.068417040733
-18.9594202269218
-17.9615183641727
7.25257999330643
8.72292855789419
-9.40321310982108
0.270388469012687
2.05433395538421
-28.259372265602
-32.0359543742961
-9.12109320744639
-7.96626840841054
-17.5944187412097
-22.6824285499752
-24.1211422181805
-17.0303699847427
-21.2618760035257
-29.9842597110837
-21.4463107241609
-15.6509120856645
-13.0362170277513
-8.63039009421482
-28.7717096670531
-38.6661911329138
-10.3059817784815
-11.6509898828081
-35.6250894675031
-26.5750796452921
-19.1771278872329
-23.9536877410719
-16.5089261295507
-26.2551754121378
-36.1524476580671
-15.4308789408824
-2.65258807211649
-6.74220498597424
-8.11214967304841
-14.19609387331
-1.98182917364466
16.7855866863683
0.0591586836380884
-8.19776125857607
9.79853463367908
-9.23746747054975
-25.4241563148389
-0.179922198149143
-4.52082872900064
-27.0440032852639
-3.35023963797721
17.9933558152989
-6.42669330103672
-21.4016210950795
-2.34789572557202
8.78669004996482
-9.77633402701758
-25.5064819395193
-15.4588573551155
-9.79289101414906
-20.4063213147456
-20.9373710948566
-11.2945505893731
-16.6699874007027
-24.0812075497815
-13.3471367963211
-10.288921824118
-27.2092014617519
-20.445529678429
3.67459614831023
-8.38736438793421
-30.0592434976425
-14.4867010792368
-4.62489221552096
-14.0325197502098
-7.00036396867654
-3.55019037629245
-15.8685554395925
-7.84018568049942
1.85484736663057
-4.36524233345699
-6.07195259318542
-9.3929942111281
-18.670958485076
-15.3789522086154
-8.15992438519606
-2.20586719943094
0.9482219384372
-17.8444670738245
-35.711131221673
-20.3554144484515
4.32613274964388
8.49723366598482
-1.54361211783544
-13.2645071591978
-21.7860765903315
-28.8297597010969
-28.5710044678417
-14.2490526795737
-13.3835999754665
-35.0911027768161
-46.4792365578469
-33.9485419028206
-22.6215233277762
-32.5805760332732
-44.0630004325067
-22.8857375407533
6.37198148795869
6.19892553373938
-5.12035516001924
-9.1602649854176
-16.5156908374629
-18.7386141530878
-11.9857749393559
2.58090151584474
21.133407414949
18.9557648565096
-4.39872327895137
-7.12304891458916
2.95773264065065
-2.13082070370001
3.05191286831541
12.5393552295573
2.32420132905827
-6.64345712348586
0.0669784456476918
4.25185300845624
9.06608727479761
17.1462922109058
22.0697571649798
18.339966971078
10.0249243044527
0.852856781668379
-11.9952596401417
-21.1657996946597
-13.0403384457168
-3.94258313375758
-8.11881357953826
-12.0191057685588
-12.6434260907845
-11.1845230311737
-7.19479330763716
-11.0589728487685
-15.8186551638355
-14.6113285093888
-17.8337014701101
-11.686370041687
4.21210399457777
0.997467903249344
2.21001918787806
13.6211886225938
7.62859833517723
9.18203023170645
20.3931276742078
9.30558448661759
9.30731190458755
18.4238519332139
2.75911840767367
-1.05580506302067
27.2730140089989
21.7599376136204
11.1274346990394
28.8138169108133
24.8992789228505
11.1539154596103
13.5348493580677
12.7607113701524
17.8744844399625
32.8928900794126
29.6429047551646
22.5784420884447
23.5594390037004
22.8169780875614
28.6870711026713
28.8082969024254
19.014000573603
26.9130306650768
35.3463800928439
26.7430468841922
36.6814130081912
45.9141730469419
27.1085808638309
21.018080247828
40.3365521440865
43.288202966156
35.0620838190662
36.3858833528357
35.2896319602733
37.5289390349644
50.9172795793856
53.8944875300513
41.2389372024918
28.3263445497432
27.3664750981261
39.5973456409993
54.7263656486175
56.5196958765155
54.2462161363801
52.8611915234942
58.5971606964595
62.4317705600406
68.2816882363986
66.6497519792756
67.9240996141452
71.0958734999876
67.4538795890985
71.8554647081764
90.0650368237402
95.0231624898734
95.8708506986732
101.519685174106
88.1630162500078
80.0416487843031
100.583494558115
102.494802759844
78.8874557296513
79.5355275436305
94.8812448066892
91.3931495869765
95.4814439552138
112.270671034348
105.018465207075
80.3275444355095
5.73620353010483
20.7981917946599
13.3099353905855
9.85152703957283
-5.51728474094125
-32.1577705520904
-30.1599558927119
-14.2752078103076
-29.0384574384079
-38.3606420553406
-33.71911621443
-55.6462301398278
-76.5644207453588
-61.0358746938291
-55.1505504205124
-66.7534388279309
-71.4547854893608
-83.7497848629719
-86.3436143591534
-66.8167483159341
-75.6990556244273
-92.5559647463961
-82.4087989935651
-80.3168644268299
-76.5072706788778
-70.4347613322316
-88.2178053549724
-83.4581514383899
-54.2151536236634
-69.8908404773101
-92.880009257351
-68.3274199634325
-57.0114903778885
-61.7002419860219
-48.8009784503956
-50.2253273114329
-58.9010615145089
-36.9759280738654
-12.5898395364347
-24.8549160083057
-29.6673156072211
-13.6481084792467
5.68095236684894
12.8926134214707
29.9988827902998
44.0946951951482
44.5773498862982
46.4254188251798
55.5981698210817
75.5585008653579
79.5395779440878
71.0648457231
69.8312347773463
71.7168750539422
67.9153213724494
73.5462543030735
82.9385189354653
82.2326263312716
86.0460922912462
88.5775899004657
80.3907045033993
79.4187931832857
79.0705159115605
54.7142019703169
48.3694156152778
31.6881759000244
20.4620397737017
5.3933326467959
1.93541428542085
-2.37022809594055
-5.12708257684426
-5.02026398161979
-18.8482638159767
-23.5622241644305
-26.3983722334669
-36.7143790996633
-48.2682449822896
-53.6683575983043
-43.3502164229867
-22.9275621067209
-29.6527690319926
-50.9360451629036
-43.0212512616999
-40.6760916729108
-57.4963929085061
-47.6804718484636
-35.3390478903311
-48.4700154000893
-53.1083716336288
-30.682336787082
-5.33015329262707
10.3159181369992
5.78465352550847
-14.5867227817944
-5.41400826211611
23.6930158165633
25.3753403404844
13.8870132557786
15.1770567987842
12.8424262794288
2.23997111037897
5.30250268223608
12.1964534594154
3.19711347238626
-5.42347221364616
-2.42680417920928
3.5461708940129
9.71936487987114
12.6667066545051
5.61839317776321
8.35509334766539
30.4815224897466
31.0829747151583
26.2996924087929
34.1946308891056
38.5967151592486
32.9360613140743
36.8701789252227
47.5888699243078
50.7873203955824
51.6984637636924
58.9864674495184
62.6035788707668
58.4896291553159
57.3187013263814
63.1241110425326
64.3706478208769
60.2841373072006
59.5405276098172
52.7565323468298
38.5994300374878
39.7670684775221
-11.4592031741049
-32.6587175087188
-50.5300277916831
-59.9484589114436
-54.7270416731481
-74.1803202911979
-98.9164223624393
-105.566942549776
-102.406250397558
-120.585171283805
-130.159946284257
-123.661398412543
-128.753671303857
-143.437641287688
-140.647754784208
-119.551687485888
-114.097704974469
-125.539011507179
-127.20799182239
-124.212335089338
-133.96004003915
-133.537408159347
-132.19625647366
-143.630118947942
-134.323395681567
-108.007940589101
-67.8368765630294
-74.3445545922732
-46.3836494890857
-53.5123903087224
-63.2090938843903
-45.0691328134271
-32.1378189055249
-29.6923708585382
-28.7967826998793
-31.4226727329369
-17.3374759932049
0.538584310939768
1.93520576464653
3.47124396446452
2.89013176848675
-3.13788276827108
10.8714614615601
19.9879756366718
9.63317746366374
28.9455355041137
56.1557017512387
40.5385101856664
28.1528876789671
43.6557597653009
43.8166084150434
35.3541974321124
42.926383067097
45.256278192217
32.4593694962678
22.3068418003386
27.9411177253642
32.0685524432338
22.874642313167
20.4341930497321
22.6679660791997
10.4439801147673
4.7294066088507
16.922293747135
22.0982567185711
26.3876799654681
33.4306086077704
33.4561401445535
37.9256643032422
35.5180493715452
33.1362402256345
49.7571455559228
49.189156247885
23.7542170653178
35.5556656782865
57.4484609235078
36.1742815245525
26.5535410039884
36.9796990440227
33.1062426550779
40.7235593803925
43.9213539102348
21.7934658368176
23.3021348939801
40.4438986392925
32.2322895016405
28.1071574738307
39.226462834049
37.8887783925747
29.9916553074727
24.0214216064196
25.4394269046606
31.4828644498193
24.4629574326391
22.1455056608247
35.0706048445427
33.8247538962169
21.1945639295154
17.1933362819545
12.6766472053132
20.9975301410304
39.6706703029922
34.9946055399487
24.2857957751548
33.3746555580292
40.8694087924669
44.9905917498982
50.1012699074927
48.0794520998024
43.3105745718931
37.1776787920971
33.8725776234642
44.3879751800559
50.6223779543652
44.2226361481007
41.2721531159477
40.9226525587728
40.629911620752
46.4740502706263
45.7680637570447
37.2733630540315
33.0672180731781
32.2305869932752
34.0311583957518
37.0943513075472
31.0806455785059
30.9859508444788
44.1909130068379
50.7128833738388
39.3687889491557
29.134981016512
39.0190484038321
51.8085890412913
46.6339781758725
44.8120893095038
48.9403117134352
40.6219329404994
39.8093521001865
49.1163315458689
47.9029299953254
48.4882320356555
47.652278309688
31.1694562915363
28.7793978011759
43.3286489110324
44.3900085918722
43.4631187866325
41.3886843903456
30.8878480741987
31.4387824660807
28.2498392809648
9.80990903178463
11.9910216570715
32.6972721338389
36.9630422581104
27.8440079936699
15.6632155925035
19.6241771095665
39.9839997574454
37.0869069865439
26.505409899255
44.4479980195174
45.4199005819974
20.3502059126331
24.8427882589749
54.2675935985171
65.9928592945216
58.1652970425203
45.6724693360738
39.8805297912331
32.8756037032581
23.1520966934331
22.8657780784706
32.0801645910833
41.3877867613337
46.5544757377938
40.7189041012316
30.096774165344
230.096774165286