200
1821
0.5
-0.5
-2.5
-3.5
-4.5
-9.5
-15.5000000000291
-17.5000000000291
-19.5000000000291
-21.5000000000291
-20.5000000000291
-19.5000000000291
-18.5000000000291
-16.5000000000291
-14.5000000000291
-11.5000000000291
-7.50000000001455
-5.50000000001455
4.5000039999868
5.50000409998756
6.49999999998545
8.49999999998545
10.4999999999854
11.4999999999854
12.4999999999854
11.4999999999854
10.4999999999854
8.49999999998545
6.49999999998545
5.50000409998756
-1.50000000001455
-7.50000000001455
-9.50000000001455
-12.5000000000291
-21.5000000000291
-22.5000000000291
-23.5000000000291
-25.5000000000291
-27.5
-26.5000000000582
-25.5000000000582
-23.5000000000582
-21.5000000000582
-16.5000000000582
-12.5000000000582
-8.50000000004366
-6.50000000004366
-5.50000000004366
-4.50000000004366
-3.50000000004366
-2.50000000005821
-1.49999990005745
-3.50000400005956
-4.50000400005956
-6.50000400005956
-8.50000400005956
-9.50000400005956
-10.5000040000596
-19.5000040000887
-20.5000040000887
-26.5000040000887
-28.5000040000887
-30.5000040000887
-32.5000040000887
-32.5000040000887
-32.5000040000887
-31.5000040000887
-30.5000040000887
-29.5000040000887
-27.5000040000887
-20.5000040000887
-19.5000040000887
-12.5000040000887
-10.5000040000887
-8.50000400010322
-7.50000400010322
-6.50000400010322
-5.50000400010322
-6.50000400010322
-7.50000400010322
-9.50000400010322
-10.5000040000887
-11.5000040000887
-16.5000040000887
-22.5000040001178
-24.5000040001178
-26.5000040001469
-28.5000040001469
-27.5000040001469
-26.5000040001469
-25.5000040001469
-23.5000040001469
-21.5000040001469
-18.5000040001469
-14.5000040001469
-12.5000040001469
-2.50000000014552
-1.49999990014476
-0.500004000146873
1.49999599985313
3.49999599984949
4.49999599985313
5.49999599985313
4.49999599985313
3.49999599985313
1.49999599985676
-0.500004000143235
-1.49999990014112
-8.50000400014687
-14.5000040001469
-16.5000040001469
-19.500004000176
-28.5000040002051
-29.5000040002051
-30.5000040002051
-32.5000040002051
-34.5000040002051
-33.5000040002633
-32.5000040002633
-30.5000040002633
-28.5000040002633
-23.5000040002633
-19.5000040002633
-15.5000040002633
-13.5000040002633
-12.5000040002633
-11.5000040002633
-10.5000040002633
-9.50000400027784
-10.5000040002633
-12.5000040002633
-13.5000040002633
-14.5000040002633
-16.5000040002633
-17.5000040002633
-18.5000040002924
-19.5000040002924
-22.5000040002924
-25.5000040002924
-27.5000040003215
-28.5000040003215
-29.5000040003215
-30.5000040003215
-30.5000040003215
-29.5000040003215
-28.5000040003215
-27.5000040003215
-26.5000040003215
-25.5000040003215
-21.5000040003215
-18.5000040003215
-17.5000040003215
-15.5000040003215
-13.5000040003215
-12.5000040003215
-11.5000040003215
-10.5000040003215
-10.5000040003215
-9.50000400033605
-11.5000040003215
-12.5000040003215
-13.5000040003215
-14.5000040003215
-14.5000040003215
-13.5000040003215
-12.5000040003215
-11.5000040003215
-10.5000040003215
-9.50000400033605
-8.50000400033605
-6.50000400033605
-5.50000400033605
-4.50000400033605
-4.50000400033605
-5.50000400033605
-6.50000400033605
-7.50000400033605
-8.50000400033605
-8.50000400033605
-9.50000400033605
-9.50000400033605
-9.50000400033605
-8.50000400033605
-7.50000400033605
-6.50000400033605
-5.50000400033605
-5.50000400033605
-6.50000400033605
-8.50000400033605
-9.50000400033605
-10.5000040003215
-12.5000040003215
-13.5000040003215
-15.5000040003215
-17.5000040003215
-18.5000040003506
-17.5000040003506
-16.5000040003506
-15.5000040003506
-13.5000040003506
4.4999959996494
18.4999959996494
23.4999959996494
45.4999959996785
48.4999959996785
61.4999959996785
67.4999959997367
73.4999959998531
82.4999959998531
83.4999959998531
84.4999959998531
86.4999959998531
88.4999959998531
90.4999959998531
91.4999959998531
92.4999959998531
91.4999959998531
89.4999959998531
87.4999959998531
85.4999959998531
83.4999959998531
22.4999959997949
5.49999599979492
3.49999599979492
-12.5000040002051
-14.5000040002051
-20.5000040002342
-21.5000040002342
-22.5000040002342
-24.5000040002342
-26.5000040002633
-28.5000040002633
-28.5000040002633
-27.5000040002633
-27.5000040002633
-26.5000040002633
-25.5000040002633
-24.5000040002633
-23.5000040002633
-22.5000040002633
-22.5000040002633
-22.5000040002633
-22.5000040002633
-21.5000040002633
-20.5000040002633
-18.5000040002633
-17.5000040002633
-16.5000040002633
-11.5000040002633
-5.50000400026329
-3.50000400026329
-2.50000000026193
-1.49999990026117
0.499995999736711
1.49999599973671
2.49999599973307
2.49999599973307
1.49999599973671
-0.500004000263289
-1.49999990026117
-3.50000400026329
-7.50000400027784
-11.5000040002633
-12.5000040002633
-14.5000040002633
-16.5000040002633
-17.5000040002633
-17.5000040002633
-17.5000040002633
-17.5000040002633
-16.5000040002633
-15.5000040002633
-14.5000040002633
-13.5000040002633
-13.5000040002633
-13.5000040002633
-13.5000040002633
-13.5000040002633
-13.5000040002633
-14.5000040002633
-14.5000040002633
-15.5000040002633
-16.5000040002633
-16.5000040002633
-17.5000040002633
-17.5000040002633
-17.5000040002633
-17.5000040002633
-17.5000040002633
-16.5000040002633
-14.5000040002633
-13.5000040002633
-10.5000040002633
-9.50000400027784
-5.50000400027784
-3.50000400027784
-1.499999900283
-0.500004000285116
0.499995999714884
1.49999599971488
1.49999599971488
0.499995999714884
-0.500004000285116
-1.499999900283
-3.50000400027784
-4.50000400027784
-9.50000400029239
-11.5000040002924
-16.5000040002924
-17.5000040002924
-19.5000040003215
-21.5000040003215
-22.5000040003215
-23.5000040003215
-22.5000040003215
-21.5000040003215
-19.5000040003215
-17.5000040003215
-14.5000040003215
-7.50000400033605
-6.50000400033605
-4.50000400033605
-2.50000000033469
-1.49999990033393
-0.500004000336048
0.499995999663952
1.49999599966395
0.499995999663952
-0.500004000336048
-1.49999990033393
-3.50000400033605
-4.50000400033605
-5.50000400033605
-9.5000040003506
-11.5000040003506
-12.5000040003506
-13.5000040003506
-14.5000040003506
-12.5000040003506
-8.5000040003506
-7.5000040003506
-5.5000040003506
-4.5000040003506
-3.5000040003506
-2.5000040003506
-1.5000040003506
0.4999959996494
-0.5000040003506
-1.5000040003506
-2.5000040003506
-4.5000040003506
-5.5000040003506
-6.5000040003506
-7.5000040003506
-8.5000040003506
-9.5000040003506
-9.5000040003506
-9.5000040003506
-9.5000040003506
-9.5000040003506
-8.5000040003506
-8.5000040003506
-9.5000040003506
-10.5000040003506
-11.5000040003506
-12.5000040003506
-14.5000040003506
-15.5000040003506
-17.5000040003506
-19.5000040003506
-20.5000040003506
-20.5000040003506
-19.5000040003506
-17.5000040003506
-16.5000040003506
-15.5000040003506
-13.5000040003506
-8.5000040003506
-4.5000040003506
-2.5000040003506
-0.5000040003506
1.4999959996494
2.4999959996494
3.4999959996494
3.4999959996494
3.4999959996494
3.4999959996494
3.4999959996494
2.4999959996494
1.4999959996494
0.4999959996494
-0.5000040003506
-1.5000040003506
-2.5000040003506
-4.5000040003506
-4.5000040003506
-4.5000040003506
-3.5000040003506
-2.5000040003506
-1.5000040003506
-0.5000040003506
0.4999959996494
1.4999959996494
2.4999959996494
1.4999959996494
0.4999959996494
-0.5000040003506
-2.5000040003506
-3.5000040003506
-4.5000040003506
-5.5000040003506
-6.5000040003506
-7.5000040003506
-7.5000040003506
-7.5000040003506
-7.5000040003506
-7.5000040003506
-6.5000040003506
-6.5000040003506
-7.5000040003506
-8.5000040003506
-9.5000040003506
-10.5000040003506
-12.5000040003506
-13.5000040003506
-15.5000040003506
-17.5000040003506
-18.5000040003506
-18.5000040003506
-17.5000040003506
-15.5000040003506
-14.5000040003506
-13.5000040003506
-11.5000040003506
-6.5000040003506
-2.5000040003506
-0.5000040003506
1.4999959996494
2.4999959996494
2.4999959996494
2.4999959996494
1.4999959996494
0.4999959996494
-0.5000040003506
-0.5000040003506
-0.5000040003506
-0.5000040003506
-0.5000040003506
-0.5000040003506
0.4999959996494
1.4999959996494
2.4999959996494
3.4999959996494
4.4999959996494
5.4999959996494
6.4999959996494
7.4999959996494
8.4999959996494
8.4999959996494
7.4999959996494
5.4999959996494
3.4999959996494
1.4999959996494
0.4999959996494
-0.5000040003506
-12.5000340003753
-14.5000340003753
-16.5000340003753
-18.500037000369
-20.5000340003753
-21.5000340003753
-20.5000340003753
-18.500037000369
-16.5000340003753
-15.5000340003753
-14.5000340003753
-12.5000340003753
-11.5000340003753
-10.5000340003753
-9.50003400037531
-7.5000040003797
-6.5000040003797
-6.5000040003797
-6.5000040003797
-5.5000040003797
-4.5000040003797
-3.5000040003797
-2.50000400036515
-1.50000400036515
-0.500004000365152
0.499995999634848
2.49999599963485
1.49999599963485
0.499995999634848
-0.500004000379704
-1.5000040003797
-2.5000040003797
-3.5000040003797
-5.5000040003797
-5.5000040003797
-6.50003400037531
-6.50003400037531
-7.50003400037531
-8.50003400037531
-8.50003400037531
-8.50003400037531
-8.50003400037531
-7.50003400037531
-6.50003400037531
-5.5000040003797
-1.5000040003797
0.499995999634848
2.49999599963485
3.49999599963485
4.49999599963485
5.49999599963485
5.49999599963485
6.49999599963485
6.49999599963485
6.49999599963485
6.49999599963485
6.49999599963485
6.49999599963485
6.49999599963485
7.49999599963485
8.49999599963485
9.49999599963485
10.4999959996348
10.4999959996348
11.4999959996348
11.4999959996348
11.4999959996348
11.4999959996348
10.4999959996348
9.49999599963485
8.49999599963485
6.49999599963485
4.49999599963485
3.49999599963485
2.49999599963485
0.499995999634848
-0.500004000379704
-1.5000040003797
-4.5000040003797
-5.5000040003797
-7.50003400037531
-8.50003400037531
-10.5000340003753
-16.500037000369
-18.5000340003753
-20.5000340003753
-23.5000340003753
-24.5000340003753
-25.5000340003753
-28.5000040003797
-29.5000040003797
-30.5000040004088
-30.5000040004088
-31.5000040004088
-31.5000040004088
-31.5000040004088
-31.5000040004088
-30.5000040004088
-29.5000040004088
-28.5000040004088
-27.5000040004088
-26.5000040004088
-25.5000340004044
-24.5000340004044
-23.5000340004044
-22.5000340004044
-21.5000340004044
-20.5000340004044
-19.5000340004044
-19.5000340004044
-19.5000340004044
-20.5000340004044
-20.5000340004044
-20.5000340004044
-21.5000340004044
-22.5000340004044
-23.5000340004044
-25.5000340004044
-29.5000040004088
-36.5000040004379
-39.5000040004379
-42.5000040004379
-44.5000040004379
-46.5000040004379
-47.5000040004379
-48.5000040004379
-48.5000040004379
-49.5000040004379
-49.5000040004379
-49.5000040004379
-49.5000040004379
-48.5000040004379
-46.5000040004379
-44.5000040004379
-42.5000040004379
-41.5000040004379
-35.5000040004379
-34.5000040004379
-30.5000040004379
-24.5000340004335
-23.5000340004335
-19.5000340004335
-17.5000340004335
-15.5000370004273
-13.5000340004335
-12.5000340004335
-12.5000340004335
-12.5000340004335
-12.5000340004335
-13.5000340004335
-15.5000370004273
-16.5000370004273
-17.5000340004335
-19.5000340004335
-20.5000340004335
-21.5000340004335
-23.5000340004335
-25.5000340004335
-30.5000040004379
-31.5000040004379
-35.5000040004379
-38.5000040004379
-44.5000040004379
-45.5000040004379
-49.5000040004379
-51.5000040004379
-56.5000040004379
-57.5000040004379
-60.5000040004379
-61.5000040004379
-63.5000040004961
-63.5000040004961
-64.5000040004961
-64.5000040004961
-65.5000040004961
-65.5000040004961
-65.5000040004961
-65.5000040004961
-65.5000040004961
-64.5000040004961
-2.50000400049612
33.4999959995039
51.4999959995039
56.4999959995039
71.4999959995039
83.4999959995039
87.5002959994599
88.5002959994599
100.50029599946
105.50029599946
107.50029599946
109.50029599946
110.50029599946
111.50029599946
111.50029599946
111.50029599946
110.50029599946
110.50029599946
109.50029599946
108.50029599946
107.50029599946
106.50029599946
104.50029599946
103.50029599946
101.50029599946
100.50029599946
98.5002959994599
94.5002959994599
92.5002959994599
88.5002959994599
87.5002959994599
83.4999959995039
80.4999959995039
75.4999959995039
74.4999959995039
72.4999959995039
66.4999959995039
64.4999959995039
56.4999959995039
51.4999959995039
50.4999959995039
42.4999959995039
40.4999959995039
31.4999959995039
29.4999959995039
25.4999959995039
24.4999959995039
22.4999959995039
21.4999959995039
21.4999959995039
21.4999959995039
21.4999959995039
23.4999959995039
24.4999959995039
26.4999959995039
27.4999959995039
29.4999959995039
30.4999959995039
31.4999959995039
32.4999959995039
33.4999959995039
32.4999959995039
32.4999959995039
31.4999959995039
30.4999959995039
29.4999959995039
27.4999959995039
25.4999959995039
23.4999959995039
17.4999959995039
10.4999959995039
8.49999599950388
0.499995999503881
-4.50000400052522
-6.50003400052083
-13.5000340005208
-17.5000340005208
-24.5000340005499
-29.5000040005543
-31.5000040005543
-37.5000040005543
-48.5000040005543
-49.5000040005543
-56.5000040006125
-60.5000040006125
-66.5000040006125
-69.5000040006125
-73.5000040006125
-76.5000040006125
-82.5000040006125
-87.5000040006125
-88.5000040006125
-92.5000040006125
-98.5000040006125
-101.500004000613
-105.500004000613
-107.500004000613
-110.500004000613
-114.500004000613
-116.499704000656
-118.499704000656
-124.499704000656
-125.499704000656
-129.499704000773
-133.499704000773
-134.499704000773
-137.499704000773
-138.499704000773
-141.499704000773
-142.499704000773
-144.499704000773
-145.499704000773
-146.499704000773
-147.499704000773
-148.499704000773
-149.499704000773
-149.499704000773
-150.499704000773
-150.499704000773
-150.499704000773
-150.499704000773
-149.499704000773
-147.499704000773
-146.499704000773
-130.499704001006
-126.499704001006
-125.499704001006
-120.499704001006
-115.500004000962
-108.500004000962
-69.5000040009618
-65.5000040009618
-55.5000040009618
-48.5000040009618
-46.5000040009618
-44.5000040009618
-43.5000040009618
-42.5000040009618
-41.5000040009618
-41.5000040009618
-41.5000040009618
-41.5000040009618
-41.5000040009618
-42.5000040009618
-42.5000040009618
-43.5000040009618
-44.5000040009618
-45.5000040009618
-45.5000040009618
-45.5000040009618
-44.5000040009618
-43.5000040009618
-42.5000040009618
-40.5000040009618
-38.5000040009618
-34.5000040009618
-32.5000040009618
-29.5000040009618
-25.5000340009574
-24.5000340009574
-18.5000340009574
-16.5000370009511
-12.5000340009574
-9.50003400095738
-8.50003400095738
-4.50000400096178
-3.50000400096178
-0.500004000961781
0.499995999052771
2.49999599905277
3.49999599905277
4.49999599905277
4.49999599905277
5.49999599905277
5.49999599905277
5.49999599905277
4.49999599905277
3.49999599905277
2.49999599905277
2.49999599905277
2.49999599905277
2.49999599905277
2.49999599905277
2.49999599905277
3.49999599905277
4.49999599905277
5.49999599905277
6.49999599905277
7.49999599905277
8.49999599905277
9.49999599905277
10.4999959990528
11.4999959990528
11.4999959990528
10.4999959990528
8.49999599905277
6.49999599905277
4.49999599905277
3.49999599905277
2.49999599905277
-9.50003400095738
-11.5000340009574
-13.5000340009574
-15.5000370009511
-17.5000340009574
-18.5000340009574
-17.5000340009574
-15.5000370009511
-13.5000340009574
-12.5000340009574
-11.5000340009574
-9.50003400095738
-8.50003400095738
-7.50003400095738
-6.50003400095738
-4.50000400096178
-3.50000400096178
-3.50000400096178
-3.50000400096178
-2.50000400096178
-1.50000400096178
-0.500004000961781
0.499995999052771
1.49999599905277
2.49999599905277
3.49999599905277
5.49999599905277
4.49999599905277
3.49999599905277
2.49999599905277
0.499995999052771
-0.500004000961781
-1.50000400096178
-3.50000400096178
-7.50003400095738
-9.50003400095738
-11.5000340009574
-9.50003400095738
-8.50003400095738
-7.50003400095738
-7.50003400095738
-6.50003400095738
-6.50003400095738
-6.50003400095738
-7.50003400095738
-8.50003400095738
-9.50003400095738
-9.50003400095738
-9.50003400095738
-9.50003400095738
-9.50003400095738
-9.50003400095738
-8.50003400095738
-7.50003400095738
-6.50003400095738
-5.50003400095738
-4.50003400095738
-3.50003400095738
-2.50003400095738
-1.50003400095738
-0.500034000957385
-0.500034000957385
-1.50003400095738
-3.50003400095738
-5.50003400095738
-4.50003400095738
-4.50003400095738
-5.50003400095738
-6.50003400095738
-7.50002990095527
-9.50003400095738
-10.5000340009574
-15.5000340009719
-17.5000340009865
-22.5000340009865
-23.5000340009865
-25.5000340010156
-27.5000340010156
-28.5000340010156
-29.5000340010156
-28.5000340010156
-27.5000340010156
-25.5000340010156
-23.5000340010156
-20.5000340010156
-13.5000340010301
-12.5000340010301
-10.5000340010301
-8.50003000102879
-7.50002990102803
-6.50003400103014
-5.50003400103014
-4.50003400103014
-5.50003400103014
-6.50003400103014
-7.50002990102803
-9.50003400103014
-10.5000340010301
-11.5000340010301
-15.5000340010447
-17.5000340010447
-18.5000340010447
-19.5000340010447
-20.5000340010447
-18.5000340010447
-14.5000340010447
-13.5000340010447
-11.5000340010447
-10.5000340010447
-9.5000340010447
-8.5000340010447
-7.5000340010447
-5.5000340010447
-6.5000340010447
-7.5000340010447
-8.5000340010447
-10.5000340010447
-11.5000340010447
-12.5000340010447
-13.5000340010447
-14.5000340010447
-15.5000340010447
-15.5000340010447
-15.5000340010447
-15.5000340010447
-15.5000340010447
-14.5000340010447
-14.5000340010447
-15.5000340010447
-16.5000340010447
-17.5000340010447
-18.5000340010447
-20.5000340010447
-21.5000340010447
-23.5000340010447
-25.5000340010447
-26.5000340010447
-26.5000340010447
-25.5000340010447
-23.5000340010447
-22.5000340010447
-21.5000340010447
-19.5000340010447
-14.5000340010447
-10.5000340010447
-8.5000340010447
-6.5000340010447
-4.5000340010447
-11.4999840010423
-13.4999840010423
-14.4999840010423
-17.4999840010423
-18.4999840010423
-20.4999840010423
-21.4999840010423
-22.4999840010423
-23.4999840010423
-23.4999840010423
-23.4999840010423
-23.4999840010423
-22.4999840010423
-21.4999840010423
-20.4999840010423
-19.4999840010423
-18.4999840010423
-17.4999840010423
-16.4999840010423
-15.4999840010423
-15.4999840010423
-15.4999840010423
-15.4999840010423
-16.4999840010423
-16.4999840010423
-16.4999840010423
-16.4999840010423
-15.4999840010423
-13.4999840010423
-12.4999840010423
-10.4999840010423
-2.5000340010447
5.49996699896292
8.4999659989553
24.5000159989868
26.5000159989868
30.5000159989868
38.5000159990159
40.5000159990159
48.5000159991323
50.5000159991323
51.5000159991323
57.5000159991323
60.5000159991323
66.5000159991905
69.5000159993069
71.5000159993069
73.5000159993069
74.5000159993069
75.5000159993069
76.5000159993069
76.5000159993069
75.5000159993069
74.5000159993069
72.5000159993069
70.5000159993069
68.5000159993069
67.5000159993069
52.5000159993069
43.5000159993069
33.5000159993651
30.5000159993651
25.5000159993651
15.5000159993651
12.4999659993337
5.49996699934127
4.49996699934127
0.499965999333654
-5.49998400066397
-9.49998400066397
-11.499984000664
-16.499984000664
-20.499984000664
-25.499984000664
-26.499984000664
-33.4999840006931
-37.4999840006931
-43.4999840006931
-53.4999840006931
-56.4999840006931
-61.4999840006349
-62.4999840006349
-68.4999840006931
-71.4999840006931
-73.4999840006931
-74.4999840006931
-75.4999840006931
-76.4999840006931
-77.4999840006931
-78.4999840006931
-78.4999840006931
-78.4999840006931
-77.4999840006931
-75.4999840006931
-73.4999840006931
-71.4999840006931
-66.4999840006931
-47.4999840007513
-13.4999840006931
16.5000159993069
31.5000159993069
32.5000159993069
46.5000159992487
53.5000159992487
59.5000159992487
69.5000159994233
71.5000159994233
96.5000159994233
104.50001599954
116.500115999603
136.500115999952
141.500115999952
144.500115999952
145.500115999952
146.500115999952
147.500115999952
148.500115999952
149.500115999952
150.500115999952
150.500115999952
149.500115999952
148.500115999952
148.500115999952
147.500115999952
146.500115999952
144.500115999952
143.500115999952
138.500115999952
137.500115999952
132.500115999952
129.500115999952
127.500115999952
119.500115999952
110.500115999952
106.500115999952
89.5000160000054
80.5000160000054
73.5000160000054
66.5000160000054
58.5000160000054
53.5000160000054
37.5000160000054
35.5000160000636
19.5000160000636
18.5000160000636
14.4999660000904
10.4999660000904
4.49996700009797
-4.50003399988054
-14.4999839998782
-19.4999839998782
-30.4999839999073
-31.4999839999073
-35.4999839999364
-37.4999839999364
-40.4999839999364
-43.4999839999364
-45.4999839999364
-47.4999839999364
-48.4999839999364
-48.4999839999364
-48.4999839999364
-48.4999839999364
-46.4999839999364
-45.4999839999364
-44.4999839999364
-38.4999839999364
-20.4999839999073
-16.4999839999073
-12.4999839999073
-8.49998399990727
-6.49998399990727
-7.49998399990727
-8.49998399990727
-9.49997989990516
-11.4999839999073
-12.4999839999073
-17.4999839999364
-19.4999839999364
-24.4999839999364
-25.4999839999364
-27.4999839999655
-29.4999839999655
-30.4999839999655
-31.4999839999655
-30.4999839999655
-29.4999839999655
-27.4999839999655
-25.4999839999655
-22.4999839999655
-15.49998399998
-14.49998399998
-12.49998399998
-10.4999799999787
-9.49997989997792
-8.49998399998003
-7.49998399998003
-6.49998399998003
-7.49998399998003
-8.49998399998003
-9.49997989997792
-11.49998399998
-12.49998399998
-13.49998399998
-17.4999839999946
-19.4999839999946
-20.4999839999946
-21.4999839999946
-22.4999839999946
-20.4999839999946
-16.4999839999946
-15.4999839999946
-13.4999839999946
-12.4999839999946
-11.4999839999946
-10.4999839999946
-9.49998399999458
-7.49998399999458
-8.49998399999458
-9.49998399999458
-10.4999839999946
-12.4999839999946
-13.4999839999946
-14.4999839999946
-15.4999839999946
-16.4999839999946
-17.4999839999946
-17.4999839999946
-17.4999839999946
-17.4999839999946
-17.4999839999946
-16.4999839999946
-16.4999839999946
-17.4999839999946
-18.4999839999946
-19.4999839999946
-20.4999839999946
-22.4999839999946
-23.4999839999946
-25.4999839999946
-27.4999839999946
-28.4999839999946
-28.4999839999946
-27.4999839999946
-25.4999839999946
-24.4999839999946
-23.4999839999946
-21.4999839999946
-16.4999839999946
-12.4999839999946
-10.4999839999946
-8.49998399999458
-6.49998399999458
-5.49998399999458
-4.49998399999458
-5.49998399999458
-6.49998399999458
-7.49997989999247
-9.49998399999458
-10.4999839999946
-15.4999840000091
-17.4999840000237
-22.4999840000237
-23.4999840000237
-25.4999840000528
-27.4999840000528
-28.4999840000528
-29.4999840000528
-28.4999840000528
-27.4999840000528
-25.4999840000528
-23.4999840000528
-20.4999840000528
-13.4999840000673
-12.4999840000673
-10.4999840000673
-8.49998000006599
-7.49997990006523
-6.49998400006734
-5.49998400006734
-4.49998400006734
-5.49998400006734
-6.49998400006734
-7.49997990006523
-9.49998400006734
-10.4999840000673
-11.4999840000673
-15.4999840000819
-17.4999840000819
-18.4999840000819
-19.4999840000819
-20.4999840000819
-18.4999840000819
-14.4999840000819
-13.4999840000819
-11.4999840000819
-10.4999840000819
-9.49998400008189
-8.49998400008189
-7.49998400008189
-5.49998400008189
-6.49998400008189
-7.49998400008189
-8.49998400008189
-10.4999840000819
-11.4999840000819
-12.4999840000819
-13.4999840000819
-14.4999840000819
-15.4999840000819
-15.4999840000819
-15.4999840000819
-15.4999840000819
-15.4999840000819
-14.4999840000819
-14.4999840000819
-15.4999840000819
-16.4999840000819
-17.4999840000819
-18.4999840000819
-20.4999840000819
-21.4999840000819
-23.4999840000819
-25.4999840000819
-26.4999840000819
-26.4999840000819
-25.4999840000819
-23.4999840000819
-22.4999840000819
-21.4999840000819
-19.4999840000819
-14.4999840000819
-10.4999840000819
-8.49998400008189
-6.49998400008189
-4.49998400008189
-3.49998400008189
-2.49998400008189
-4.49998400008189
-5.49998400008189
-6.49998400008189
-7.49998400008189
-8.49998400008189
-9.49998400008189
-9.49998400008189
-9.49998400008189
-9.49998400008189
-9.49998400008189
-8.49998400008189
-8.49998400008189
-9.49998400008189
-10.4999840000819
-11.4999840000819
-12.4999840000819
-14.4999840000819
-15.4999840000819
-17.4999840000819
-19.4999840000819
-20.4999840000819
-20.4999840000819
-19.4999840000819
-17.4999840000819
-16.4999840000819
-15.4999840000819
-13.4999840000819
-8.49998400008189
-4.49998400008189
-2.49998400008189
-0.499984000081895
1.50001599991811
0.500015999918105
-0.499984000081895
-2.49998400008189
-3.49998400008189
-4.49998400008189
-5.49998400008189
-7.49998400008189
-8.49998400008189
-9.49998400008189
-10.4999840000819
-11.4999840000819
-12.4999840000819
-12.4999840000819
-12.4999840000819
-12.4999840000819
-12.4999840000819
-11.4999840000819
-11.4999840000819
-12.4999840000819
-13.4999840000819
-14.4999840000819
-15.4999840000819
-17.4999840000819
-18.4999840000819
-20.4999840000819
-22.499984000111
-23.499984000111
-23.499984000111
-22.499984000111
-20.499984000111
-19.499984000111
-18.499984000111
-16.499984000111
-11.499984000111
-7.499984000111
-5.499984000111
-3.499984000111
-1.499984000111
-1.499984000111
0.500015999903553
1.50001599990355
2.50001599990355
3.50001599990355
3.50001599990355
4.50001599990355
4.50001599990355
4.50001599990355
3.50001599990355
3.50001599990355
3.50001599990355
4.50001599990355
4.50001599990355
5.50001599990355
5.50001599990355
5.50001599990355
4.50001599990355
3.50001599990355
2.50001599990355
1.50001599990355
-0.499984000103723
-2.49993400010135
-3.49993400010135
-4.49993400010135
-5.49993400010135
-5.49993400010135
-5.49993400010135
-6.49993400010135
-6.49993400010135
-5.49993400010135
-4.49993400010135
-3.49993400010135
-3.49993400010135
-2.49993400010135
-2.49993400010135
-1.49998400010372
-0.499984000103723
0.500015999903553
1.50001599990355
2.50001599990355
4.50001599990355
7.50001899989729
9.50001599990355
17.5000159999181
18.5000659999205
20.5000659999205
22.5000659999205
23.5000659999205
24.5000659999205
24.5000659999205
25.5000659999205
25.5000659999205
26.5000659999205
26.5000659999205
26.5000659999205
26.5000659999205
26.5000659999205
26.5000659999205
26.5000659999205
26.5000659999205
26.5000659999205
26.5000659999205
26.5000659999205
27.5000659999205
27.5000659999205
28.5000659999205
28.5000659999205
29.5000659999496
30.5000659999496
33.5000659999787
36.5000659999787
37.5000659999787
38.5000659999787
39.5000659999787
40.5000659999787
41.5000659999787
41.5000659999787
42.5000659999787
43.5000659999787
45.5000659999787
46.5000659999787
47.5000659999787
51.5000659999787
60.5000660000369
61.5000660000951
64.5000660001533
65.5000660001533
69.5000660001533
71.5000660001533
73.5000660001533
74.5000660001533
76.5000660001533
77.5000660001533
79.5000660001533
81.5000660001533
83.5000660001533
86.5000660001533
89.5000660001533
91.5000660001533
92.5000660001533
93.5000660001533
94.5000660001533
95.5000660001533
97.5000660001533
96.5000660001533
95.5000660001533
94.5000660001533
92.5000660001533
90.5000660001533
14.5000160002382
11.5000160002382
0.500016000238247
-0.499983999761753
-8.49993399974483
-18.4999339997594
-25.4999339997885
-31.4999339997885
-34.4999339997885
-35.4999339998467
-42.4999339999049
-46.4999339999049
-51.4999339999049
-56.4999339999631
-57.4999339999631
-64.4999339999631
-74.4999340000795
-75.4999340000795
-76.4999340000795
-77.4999340000795
-78.4999340000795
-80.4999340000795
-80.4999340000795
-81.4999340000795
-81.4999340000795
-81.4999340000795
-81.4999340000795
-80.4999340000795
-79.4999340000795
-78.4999340000795
-77.4999340000795
-73.4999340000795
-71.4999340000795
-65.4999340000795
-58.4999340000795
-55.4999340000213
-52.4999340000213
-48.4999340000213
-36.4999340000213
-28.4999340000213
-22.4999340000213
-14.4999340000213
7.50001899997005
19.5000659999787
27.5000659999787
36.5000659999787
46.5000659999787
56.5000660000369
58.5000660000369
63.5000660000369
67.5000660000369
74.5000660000369
79.5000660000369
80.5000660000369
81.5000660000369
83.5000660000369
84.5000660000369
85.5000660000369
86.5000660000369
84.5000660000369
82.5000660000369
80.5000660000369
78.5000660000369
63.5000660001533
49.5000660001533
19.5000660001242
18.5000660001242
8.5000185201352
-2.49993399986124
-4.49993399986124
-10.4999339998467
-17.4999339998467
-24.4999339998467
-27.4999339998467
-34.4999339998467
-37.4999339998467
-39.4999339998467
-40.4999339998467
-40.4999339998467
-41.4999339998467
-41.4999339998467
-41.4999339998467
-40.4999339998467
-39.4999339998467
-38.4999339998467
-36.4999339998467
-35.4999339998467
-31.4999339998467
-30.4999339998467
-26.4999339998467
-18.4999339998467
-14.4999339998467
-11.4999339998467
-8.49993399984669
-1.49998399986362
5.50001600015094
7.50001900014468
8.5000185201352
9.50001600012183
10.5000160001218
11.5000160001218
12.5000160001218
12.5000160001218
12.5000160001218
13.5000160001218
13.5000160001218
14.5000160001218
15.5000160001218
16.5000160001218
16.5000160001218
17.5000160001218
27.5000660001533
30.5000660001533
34.5000660001533
38.5000660001533
41.5000660001533
42.5000660001533
44.5000660001533
47.5000660001533
49.5000660001533
51.5000660001533
55.5000660001533
57.5000660001533
58.5000660001533
59.5000660001533
60.5000660001533
61.5000660001533
60.5000660001533
58.5000660001533
57.5000660001533
56.5000660001533
54.5000660001533
-14.4999339998467
-37.4999339998467
-41.4999339998467
-52.4999339998467
-59.4999339999049
-71.4999339999631
-86.4999340000795
-109.499634000007
-118.499634000007
-122.499634000007
-124.499634000007
-126.499634000007
-127.499634000007
-127.499634000007
-128.499634000007
-128.499634000007
-129.499634000007
-129.499634000007
-129.499634000007
-128.499634000007
-128.499634000007
-126.499634000007
-125.499634000007
-123.499634000007
-122.499634000007
-121.499634000007
-76.4999340000795
-75.4999340000795
-60.4999340000795
-57.4999340000795
-45.4999340000213
-34.4999340000213
-32.4999340000213
-24.4999340000213
-15.4999340000213
-14.4999340000213
-7.49993400003586
1.50001599997631
4.50001599997631
7.50001899997005
12.5000159999763
14.5000159999763
17.5000159999763
21.5000659999787
22.5000659999787
23.5000659999787
25.5000659999787
26.5000659999787
27.5000659999787
28.5000659999787
28.5000659999787
28.5000659999787
28.5000659999787
27.5000659999787
27.5000659999787
26.5000659999787
25.5000659999787
24.5000659999787
23.5000659999787
22.5000659999787
21.5000659999787
21.5000659999787
21.5000659999787
22.5000659999787
23.5000659999787
25.5000659999787
27.5000659999787
29.5000659999787
33.5000659999787
34.5000659999787
36.5000659999787
37.5000659999787
38.5000659999787
39.5000659999787
40.5000659999787
42.5000659999787
41.5000659999787
40.5000659999787
39.5000659999787
37.5000659999787
36.5000659999787
35.5000659999787
34.5000659999787
33.5000659999787
32.5000659999787
32.5000659999787
32.5000659999787
32.5000659999787
32.5000659999787
33.5000659999787
33.5000659999787
32.5000659999787
31.5000659999787
30.5000659999787
29.5000659999787
27.5000659999787
26.5000659999787
24.5000659999787
22.5000659999787
21.5000659999787
21.5000659999787
22.5000659999787
24.5000659999787
25.5000659999787
26.5000659999787
28.5000659999787
33.5000659999787
37.5000659999787
39.5000659999787
41.5000659999787
43.5000659999787
44.5000659999787
45.5000659999787
45.5000659999787
45.5000659999787
45.5000659999787
45.5000659999787
44.5000659999787
43.5000659999787
42.5000659999787
41.5000659999787
40.5000659999787
39.5000659999787
37.5000659999787
37.5000659999787
37.5000659999787
38.5000659999787
39.5000659999787
40.5000659999787
41.5000659999787
42.5000659999787
43.5000659999787
44.5000659999787
43.5000659999787
42.5000659999787
41.5000659999787
39.5000659999787
38.5000659999787
37.5000659999787
36.5000659999787
35.5000659999787
34.5000659999787
34.5000659999787
34.5000659999787
34.5000659999787
34.5000659999787
35.5000659999787
35.5000659999787
34.5000659999787
33.5000659999787
32.5000659999787
31.5000659999787
29.5000659999787
28.5000659999787
26.5000659999787
24.5000659999787
23.5000659999787
23.5000659999787
24.5000659999787
26.5000659999787
27.5000659999787
28.5000659999787
30.5000659999787
35.5000659999787
39.5000659999787
41.5000659999787
43.5000659999787
45.5000659999787
44.5000659999787
43.5000659999787
41.5000659999787
40.5000659999787
39.5000659999787
38.5000659999787
37.5000659999787
36.5000659999787
36.5000659999787
36.5000659999787
37.5000659999787