1500
572
-1.7049
-1.5799
-1.0299
-0.904895
-0.854895
-0.279895
-0.0798951
0.595105
0.645105
1.1201
1.2201
1.3951
1.8951
2.2451
2.4201
2.4701
2.6701
2.8451
2.9701
3.0951
3.1701
3.2201
3.2451
3.2951
3.3201
3.3451
3.3201
3.2951
3.2701
3.2201
3.0451
2.9451
2.8201
2.6951
2.6451
2.3451
1.9451
1.8951
1.7451
1.4451
0.970105
0.770105
0.595105
0.470105
0.320105
0.245105
0.195105
0.170105
0.120105
0.0951049
0.0951049
0.0951049
0.120105
0.145105
0.195105
0.220105
0.245105
0.270105
0.345105
0.395105
0.420105
0.470105
0.495105
0.470105
0.445105
0.420105
0.395105
0.370105
0.320105
0.295105
0.270105
0.245105
0.195105
0.170105
0.170105
0.170105
0.170105
0.170105
0.170105
0.195105
0.220105
0.245105
0.270105
0.295105
0.320105
0.345105
0.370105
0.370105
0.370105
0.370105
0.370105
0.370105
0.320105
0.295105
0.220105
0.0951049
0.0451049
-0.0298951
-0.0798951
-0.104895
-0.229895
-0.254895
-0.304895
-0.329895
-0.354895
-0.354895
-0.354895
-0.379895
-0.379895
-0.379895
-0.379895
-0.404895
-0.404895
-0.404895
-0.379895
-0.379895
-0.379895
-0.379895
-0.379895
-0.379895
-0.379895
-0.379895
-0.379895
-0.404895
-0.404895
-0.429895
-0.429895
-0.429895
-0.454895
-0.454895
-0.479895
-0.479895
-0.504895
-0.529895
-0.529895
-0.554895
-0.554895
-0.579895
-0.604895
-0.629895
-0.654895
-0.679895
-0.679895
-0.704895
-0.729895
-0.779895
-0.829895
-0.854895
-0.879895
-0.904895
-0.904895
-0.929895
-0.954895
-0.954895
-0.954895
-0.954895
-0.954895
-0.954895
-0.954895
-0.954895
-0.954895
-0.954895
-0.954895
-0.954895
-0.954895
-0.954895
-0.954895
-0.954895
-0.954895
-0.929895
-0.929895
-0.904895
-0.904895
-0.904895
-0.904895
-0.929895
-0.929895
-0.954895
-0.954895
-0.954895
-0.954895
-0.954895
-0.929895
-0.929895
-0.904895
-0.904895
-0.879895
-0.854895
-0.829895
-0.804895
-0.779895
-0.754895
-0.729895
-0.704895
-0.704895
-0.679895
-0.679895
-0.654895
-0.629895
-0.629895
-0.604895
-0.604895
-0.579895
-0.554895
-0.529895
-0.504895
-0.479895
-0.454895
-0.454895
-0.429895
-0.404895
-0.404895
-0.404895
-0.404895
-0.429895
-0.429895
-0.429895
-0.429895
-0.429895
-0.404895
-0.379895
-0.354895
-0.304895
-0.254895
-0.204895
-0.129895
0.320105
0.395105
0.595105
1.0951
1.4201
1.7201
1.8951
2.4201
2.5701
2.6201
3.1451
3.2951
3.6951
3.8451
3.8951
3.9451
3.9701
3.9201
3.8701
3.6701
3.5201
3.4951
3.0951
2.7451
2.6451
2.5201
2.4451
2.3701
2.3201
2.2951
2.2701
2.2451
2.2951
2.3451
2.3951
2.4451
2.4951
2.6451
2.6951
2.7701
2.8201
2.8451
2.9451
3.3951
3.4451
3.6951
3.8201
4.0201
4.0951
4.1451
4.3201
4.6451
4.6701
4.6951
4.7201
4.7701
4.8451
4.8951
4.9201
4.9451
4.9701
4.9951
4.9701
4.9201
4.8701
4.8201
4.6951
4.5701
4.4201
4.1951
3.9451
3.6701
3.3451
3.1451
2.7701
2.6201
2.1951
2.0451
1.7201
1.6201
1.4201
1.2451
1.0201
0.995105
0.945105
0.920105
0.870105
0.845105
0.795105
0.770105
0.745105
0.745105
0.720105
0.720105
0.745105
0.770105
0.795105
0.845105
0.895105
0.920105
0.970105
1.0701
1.1701
1.2201
1.2701
1.2951
1.2951
1.2451
1.2201
1.1701
1.0701
0.945105
0.770105
0.395105
0.345105
0.270105
0.0201049
-0.0298951
-0.254895
-0.304895
-0.379895
-0.479895
-0.504895
-0.579895
-0.654895
-0.704895
-0.754895
-0.804895
-0.854895
-0.879895
-0.904895
-0.954895
-1.1299
-1.1549
-1.2049
-1.2799
-1.3049
-1.3549
-1.3799
-1.3799
-1.4049
-1.4049
-1.4049
-1.4049
-1.4049
-1.4049
-1.4049
-1.4049
-1.4049
-1.4049
-1.4049
-1.4049
-1.4049
-1.4049
-1.4049
-1.4049
-1.4049
-1.4049
-1.3799
-1.3799
-1.3549
-1.3299
-1.3299
-1.3049
-1.3049
-1.2799
-1.2799
-1.2799
-1.3049
-1.3049
-1.3299
-1.3299
-1.3549
-1.3549
-1.3549
-1.3549
-1.3549
-1.3549
-1.3549
-1.3549
-1.3549
-1.3549
-1.3549
-1.3549
-1.3549
-1.3549
-1.3799
-1.3799
-1.4049
-1.4549
-1.4799
-1.5049
-1.5299
-1.5549
-1.5799
-1.5799
-1.5799
-1.6049
-1.6049
-1.6049
-1.6049
-1.5799
-1.5799
-1.5549
-1.5549
-1.5549
-1.5299
-1.5299
-1.5049
-1.5049
-1.4799
-1.4799
-1.4549
-1.4549
-1.4549
-1.4799
-1.4799
-1.5049
-1.5049
-1.5049
-1.5049
-1.5049
-1.5049
-1.5049
-1.4799
-1.4799
-1.4549
-1.4549
-1.4299
-1.4049
-1.4049
-1.4049
-1.4049
-1.4049
-1.3799
-1.3799
-1.3799
-1.3549
-1.3549
-1.3549
-1.3549
-1.3549
-1.3549
-1.3299
-1.3299
-1.3049
-1.3049
-1.2799
-1.2549
-1.2549
-1.2299
-1.2299
-1.2299
-1.2299
-1.2299
-1.2299
-1.2299
-1.2299
-1.2549
-1.2549
-1.2799
-1.3049
-1.3299
-1.3549
-1.3799
-1.3799
-1.4049
-1.4049
-1.4049
-1.3799
-1.3799
-1.3799
-1.3799
-1.3799
-1.3799
-1.3799
-1.3799
-1.3799
-1.3799
-1.3799
-1.3799
-1.3799
-1.4049
-1.4049
-1.4049
-1.4049
-1.4049
-1.4299
-1.4299
-1.4549
-1.4799
-1.5049
-1.5299
-1.5549
-1.5799
-1.5799
-1.5799
-1.5549
-1.5299
-1.5049
-1.4799
-1.4549
-1.4299
-1.3799
-1.3799
-1.3549
-1.3299
-1.3299
-1.3049
-1.2799
-1.2549
-1.2549
-1.2549
-1.2299
-1.2299
-1.2299
-1.2299
-1.2299
-1.2299
-1.2299
-1.2299
-1.2549
-1.2549
-1.2549
-1.2549
-1.2549
-1.2799
-1.3049
-1.3299
-1.3549
-1.3799
-1.3799
-1.4049
-1.4299
-1.4549
-1.4799
-1.4799
-1.5049
-1.5299
-1.5549
-1.5549
-1.5799
-1.5799
-1.6049
-1.6049
-1.6049
