200
1821
-0.0887046414109136
-0.267499875251815
-2.78729150653089
-4.60682154765527
-4.8848205316026
-9.12069589740713
-14.8459488453809
-16.3607024636585
-18.953392546362
-21.7489510306914
-20.1107301606389
-19.1639903424366
-18.6259962445765
-15.3131117283046
-13.0259384142555
-11.7762051973696
-7.84066106614773
-4.62677354623156
5.05458060790261
5.02807862976624
5.89496471852908
8.56009997369256
10.9279012187326
11.7549516170402
13.1258805244724
12.3083760061709
10.6472437836783
8.92758438712917
7.33646233850595
5.44644842852722
-1.43688979327999
-6.66467281560472
-9.54617295577191
-13.0110981514445
-21.1371607269684
-22.0451771201915
-23.3172874671291
-25.3260611507867
-27.7360763112665
-26.8331702957512
-25.3718561926216
-22.8974696277
-20.4766543122532
-15.563697026475
-11.8086846968363
-7.82352933563379
-6.61238859887089
-6.40510293690022
-4.88016766934743
-3.60389286477948
-3.18730638959823
-1.73773066403191
-2.33289889744992
-3.27920151622675
-6.8040373162512
-9.14154105119815
-8.86430024493893
-10.1160880023235
-20.3500043601962
-20.4956512850767
-25.3357623037591
-27.6197406925203
-29.3384041848185
-31.0542926960916
-32.1289972514496
-32.6132027169224
-31.1545805774804
-30.4270488923066
-29.9627143419348
-27.6214410554676
-19.7641102171328
-18.5137146419147
-12.0653825695044
-10.3595218018017
-8.46387173573021
-8.02210716999252
-7.01532824160677
-5.2052435014848
-5.74855110322824
-6.55084439595521
-8.42664855399926
-9.89445006697497
-11.5620374378632
-16.7882096788089
-22.6512400847569
-24.6452144015639
-26.8083205416333
-28.5073362037656
-27.3582926782838
-26.963175388868
-25.6803867757553
-22.7941028026107
-21.3906489319634
-18.9571756207151
-14.2701113629446
-12.1706924796308
-2.11052509828005
-0.33654811708584
0.116025280174654
0.934512179951525
3.2517722265402
4.77185884510982
5.33730121701956
3.9739847433957
3.42082594149178
2.35682013549376
0.253111060428637
-2.1589897176018
-9.37571361156006
-14.0644343166205
-15.6734081921459
-19.0655133181426
-27.9076335578284
-29.0966696186224
-30.99132972394
-33.2123363206047
-34.3980860500014
-32.6992009024252
-32.0962421415024
-31.131851969898
-29.180495481909
-22.9787303857738
-18.5247483515413
-15.392623003223
-13.5424982669938
-12.0017699022865
-11.7885124237073
-11.5732435732498
-9.40639950285549
-9.61319363175426
-12.5486579188437
-14.0478825074533
-15.1096333554451
-17.4832365160983
-17.5039439099201
-17.3215629181941
-19.4729275594582
-23.3205047084193
-25.0696104032977
-26.9971979852999
-29.0551218006003
-29.5450498717255
-30.3371225080045
-31.5157852515986
-30.3866829163162
-28.5106720523327
-27.8063782806566
-26.6943529771233
-24.9108343018161
-21.2994900172343
-19.1566819368454
-18.1870973426267
-15.9178394771297
-13.6987760955963
-12.4396688600682
-11.2882333750458
-10.2186109563918
-10.0936405741813
-8.87120929792582
-10.8210487230244
-12.1849299180903
-13.6515706638311
-14.9387796486844
-14.8846873432922
-13.5857010644104
-12.6221733877464
-11.5079404690914
-9.8469773917459
-9.16195119421172
-9.07592088144156
-6.65120528275293
-5.29972964002809
-4.98668131226441
-4.76425203969848
-5.23645384355768
-6.75881939453393
-7.95040871852689
-8.70823291767738
-8.77770067786332
-9.41126606307807
-9.0701376885263
-9.43026663202909
-8.62884018234035
-7.63785047396232
-6.73392074395815
-5.54343974908988
-5.45952323250822
-6.76595078239916
-8.85887252508837
-9.24876778447651
-9.49187006904685
-11.9148888679483
-13.6564965847065
-14.849415018849
-16.3652235146146
-18.6524725883792
-18.116873708932
-16.4273551130609
-15.4235993108159
-13.3195857185201
5.17686961700383
19.0513896241901
23.8208322300634
45.8280892002513
48.8052841249737
61.7481494472595
67.5320870043943
73.9431725795148
83.7157138575567
83.8932850389974
83.6673610220896
86.1256559625035
88.6436787343118
90.4201338926796
91.7037244966486
93.0221613958711
91.8409834613558
89.6058056184556
87.3260528604733
85.1807897981489
83.1801433385117
22.1656152122887
5.20952097402187
2.89744395363596
-13.2538454103051
-14.6064877447061
-20.3685925255995
-21.3008129949449
-21.6638549139898
-24.1362885168346
-26.9320050224778
-28.3588576620386
-28.5010295367683
-27.8390364069201
-26.5413557961292
-25.7593827771198
-26.4427811542701
-24.9681734009937
-23.3698333761713
-22.9654242721736
-22.3140358247911
-22.0118468855508
-23.0356465058285
-21.8538918679114
-20.3915843232535
-18.7799669450906
-17.4900661612337
-16.1612525229866
-11.3550833842455
-5.30561788259365
-3.72135519131189
-3.05538952143252
-1.55851584205811
0.348760247350583
1.34673320115871
3.1693367771768
2.67575602792203
0.648172760051239
-0.844395241816528
-1.45807503752076
-3.84840127638017
-7.91208813963021
-12.2205923862493
-13.3737833809137
-14.5000744198333
-15.8782025866967
-17.0746616087854
-17.3357125378679
-17.3697496063251
-17.1811852756655
-16.5460201162205
-16.3767045184504
-14.8948047452723
-12.6567329412646
-12.6523554887535
-13.1482135839906
-13.0546598553919
-12.9864373299934
-13.4305799317954
-15.0347344584588
-14.7143414838356
-14.6499777430872
-15.71406888825
-16.3518389964011
-16.9145494809782
-16.5927918110101
-16.8845051135868
-16.7173904873489
-16.8739984283748
-16.6981464260316
-15.1137257076334
-14.2116285655939
-11.2328313027974
-10.1241717893863
-6.01402137116384
-3.62987319131935
-1.67359728220617
-1.22021387236236
0.488449680908161
2.30529752523216
1.46848406461322
0.362006163210026
0.318501863793699
-1.06870204084589
-3.58055147892082
-4.21044273999723
-9.4364838879992
-11.6782718949107
-16.2803496459965
-16.9407831147255
-18.7431919789233
-21.5194514565228
-23.748150735948
-24.2080035576946
-22.5113212649594
-22.4443585937843
-20.3701232146705
-17.0411522888462
-14.2055053965596
-8.082847082027
-6.65622977888415
-3.72576122431201
-1.82655517139392
-1.75105401123074
-0.928020333895802
0.89667034609829
2.21097054994243
0.544418715961001
-1.11796054510705
-1.86459517995718
-3.1547944730446
-4.49174015121389
-6.00537672584323
-9.03817377619271
-10.7035818808072
-13.0329016192991
-14.3088592744898
-14.5795844850509
-12.4429187437199
-8.09859165287344
-6.88516461612744
-5.23291002618498
-3.75575868754458
-2.45189769374338
-2.52912683075192
-1.91171375823615
0.821313246800855
-0.289657740644543
-1.88644091998867
-2.47811996446762
-3.75520952309307
-5.08330466884945
-6.53288882708148
-6.81205877992761
-7.47301041540777
-9.35934115794953
-9.63739472957968
-9.52902361894667
-10.078824092474
-9.84824394823227
-7.92140872035816
-7.83493926860683
-9.08179504130385
-10.4218105247128
-11.9736648055987
-12.8345003413415
-14.6233711641107
-16.0040989829868
-17.9551068343862
-19.7529426951951
-20.7963520180492
-20.3958611440321
-19.4671672061086
-18.1622248112108
-16.6542482553923
-14.6727533922822
-12.912348322483
-8.34924969541316
-4.28511331865593
-2.43412953946245
-0.569796584728465
1.66206779433924
2.86206164288888
3.78627898853301
3.63566473367246
3.95000625798639
4.38737056729587
3.56267875203775
1.27843397100514
0.895077360391042
1.25563519042953
-0.116534738319388
-1.79309293348524
-2.35560644356156
-4.21683965322882
-4.04797499771666
-3.27681189745999
-2.92613806201553
-3.17133437869416
-1.5587497833676
-0.224834189393732
-0.333863556567849
1.0618144521377
3.57100316510332
2.54638191486811
0.628396448577405
-1.02359876997798
-3.12022406670076
-3.37744089321495
-4.02544568288431
-5.35426735695364
-5.84671165102918
-6.48727551358752
-7.54954783429275
-7.99864436184725
-7.17219646563899
-7.09088328761572
-6.73677593215689
-6.82236836278025
-7.58289887628052
-8.21110423265782
-8.6998974638409
-10.0729778692767
-13.1045105149387
-14.0439034990995
-15.4722972602467
-18.0289171758341
-19.43551232139
-18.7543360128184
-17.7119688260136
-16.0782531741133
-14.470258530404
-13.4320572677389
-12.1780937056756
-6.32937546062021
-1.35192609053775
-0.64254574827919
0.643854116588955
2.94782385836879
3.05627937769168
2.13570648114182
1.48400070715979
0.565126468469316
-1.04897968364457
-0.648638657116862
-0.600551196403103
-1.25211534988921
-0.617132263859276
-0.250262602571183
0.00390834639028981
1.72683629371204
3.6975931346351
3.77085619315767
4.12145888515079
5.31136915123352
6.06710921340709
7.09098032961629
8.04069616945344
7.60923065991665
7.07369289492635
5.51875504024792
3.25877286839022
1.6170209760603
0.789164456685285
-0.856739910931537
-13.0529372534656
-15.2023454100854
-17.4000777472393
-18.812764608243
-20.4395711437974
-21.3125588424446
-19.8569027480262
-18.2723681693897
-16.589922863117
-14.5333587624773
-13.5639342018985
-12.9826374748227
-12.2012629289966
-10.8074723745813
-10.0271077691432
-7.9202084849021
-6.51819577660353
-6.49349026391428
-6.52788003160822
-5.45317563346907
-4.60884484695998
-4.06143546462408
-3.09408912558138
-1.36413100535538
0.0517841083128587
0.797572031140589
2.80878150276476
2.03005026177925
0.833813915196515
-0.650941910098481
-1.79047699454713
-2.19341092607283
-2.92136783032402
-5.73909591964912
-6.15745135703764
-6.86571665244264
-7.05031020682509
-7.7525078001272
-7.60851134827681
-7.5593303931455
-8.38352831712109
-8.38738896176801
-6.98637443463667
-6.19882336007868
-5.81651648320985
-1.84788222815405
0.999824235237611
3.43924234384394
3.92755091088111
4.48872292024316
5.4244402841141
5.58331240168627
6.7852512212994
6.33203463947575
5.84771670158079
6.30137088008632
6.68347056541825
6.63050000064686
7.0087133248162
8.37740631139604
9.38099981792038
10.4188750171597
11.2234327316692
10.9347385374131
11.7772257234174
11.3049559163046
11.188074692458
11.813134747048
10.9612672871153
9.94443197330111
9.68249006614496
7.77436167483393
4.56637124840927
2.67888337180193
1.89769626198358
0.584639361775771
-0.241177332788538
-1.9661779901453
-5.40144897236314
-5.77767483374191
-7.17333909548324
-8.3039874091337
-10.927954499668
-17.3452907569881
-18.5362805907207
-19.4695680417935
-22.9207696904195
-24.6771095668955
-25.5389490671805
-28.5457872872066
-29.4375759738614
-29.9857085061667
-30.3835734986351
-31.7041669031314
-31.2957526094688
-31.7148303511494
-32.0133526338032
-30.1893886143516
-29.3601196063391
-29.0278649342945
-27.3838540154975
-26.222492170491
-26.0021809374157
-24.9868851301726
-23.7703811750689
-22.639355706895
-21.0103293538559
-20.0996659499069
-19.744045905245
-19.6164056366833
-19.6858902034583
-21.0896675023832
-20.5027699292114
-19.950782791042
-21.4610971569782
-22.6825861716643
-23.2558823051804
-25.2909617570695
-29.5516991873737
-36.1590131234843
-38.626157001825
-41.6844076511916
-43.9869738581474
-46.4093106401269
-48.018717448751
-49.0723956225556
-48.6518338283058
-49.6346050960128
-49.5987927708193
-49.2292937490856
-49.1084293007152
-47.875534872117
-45.510017262015
-44.1092098767404
-43.2278589219786
-42.269635756209
-35.2174893276533
-33.4867765623494
-29.7763943165191
-24.1835054341063
-23.2145607640559
-19.620510178298
-18.0179991988407
-15.6177196888457
-13.383592536833
-12.7679077120847
-12.7937124364398
-12.4102162438212
-12.4148187712708
-13.999788111978
-16.2783543425321
-16.3941296522971
-16.3450708950695
-18.3173183668696
-19.9003213213291
-21.7733917440928
-24.4152217622322
-26.0353144459368
-30.5567723100539
-31.4018600060663
-34.8705904413364
-38.0987445300561
-45.177758279955
-46.0098550693947
-49.0610781786381
-50.8333388553583
-55.9452147319098
-57.2778055095114
-60.5243857753812
-61.3168752675992
-63.7293274506228
-64.2985251204809
-64.6254506503465
-63.8431909240899
-64.7968511359068
-64.8174568754621
-65.0969646510202
-65.5731508278986
-65.7082523048157
-64.5517825598363
-2.12559754797257
33.9832133029122
51.485102681967
56.3178496375331
71.3353363401257
83.3076491593383
87.882426732569
88.8248349807691
99.7314599547535
104.782683368423
107.665640065563
109.802428367198
110.837846436887
111.834810318425
111.588519916986
111.687542416272
110.51702916238
110.257765238988
109.624314815155
108.351133665186
106.866881812108
106.554219630081
104.690450499533
103.148731063353
101.803434746573
101.060711982544
97.9885278015863
93.9869297009427
93.1257880955236
89.5534420754993
88.0564201911911
83.2984797859099
80.1176889963681
75.3906230982393
74.1195308634778
71.8215921788942
65.9757646464277
63.9197701445082
56.2855085516348
52.1803678545984
51.1321462547057
42.7446533325128
41.0959020102746
32.0521522245253
29.6333789759083
25.8631065799273
24.8042900518631
22.2012681090564
21.354283767374
21.6559649339179
21.1321541592188
21.1230155217927
23.9006209690415
24.715276504081
26.1140749493788
27.628105145006
29.756755806302
29.769751880056
30.8609583104262
32.5832213443355
32.9283625894459
31.7325100525049
33.1248322766623
32.3438174772309
30.2418797009159
29.4917454396491
28.5339176812267
26.2314288308553
23.0920314843534
16.9687148804078
11.0693162476236
9.35031513634021
-0.0196491388924187
-5.54853561344498
-6.42175616605527
-13.2104101203149
-17.9518641587056
-24.550417895749
-28.8413324363937
-31.0135661830136
-37.0542963825283
-48.1092172507779
-49.8514627787517
-56.8377582807443
-59.9196755774901
-66.2694121685345
-70.1957921348512
-73.3802515272982
-75.5710775650805
-82.56661221385
-87.7555747407023
-87.6141418889165
-91.9259680632968
-98.7673232477391
-101.373478827067
-105.505164403468
-108.235872632009
-111.215482147178
-115.241807828774
-116.800492993323
-117.594687438454
-124.003290200839
-125.924924293067
-129.005231738091
-132.786710063927
-134.829790056916
-137.388577827252
-137.840024348116
-141.576106456807
-142.786041968968
-144.808716539992
-145.930443001678
-146.006397691788
-146.854768054094
-149.088355766376
-150.072182171512
-149.433420454152
-150.895144204143
-151.041530952323
-150.552700360538
-150.363554447656
-149.159661794314
-147.282092064852
-146.723476170562
-130.508669272531
-126.502835778985
-126.103678079788
-120.750258116634
-114.991526157595
-108.269939620164
-69.754018865875
-65.8893476352096
-55.9682080785278
-48.7880673116888
-46.904861693678
-45.2144126818748
-43.3256490494823
-41.2943616880802
-40.9749384606257
-42.0660004919628
-42.2677803399856
-42.088637473993
-41.5330926552415
-42.1900615203194
-42.7955514903879
-43.887727824389
-44.1087668638211
-45.2617483322392
-45.8080077138729
-45.2938390885247
-43.854070759553
-43.2742153628496
-42.6407886936213
-40.7906001019874
-38.8777329877485
-34.5811694317381
-32.3277149184141
-29.8398772894288
-26.5903276844474
-25.3874566056475
-18.4576107953617
-16.3199674049683
-13.1732769964437
-10.7506385808956
-9.60884534282377
-5.15876672694139
-3.67920321717247
-0.408317809000437
0.664478716473241
2.67869494743718
3.58806293255839
4.55677959592867
4.63398707702436
5.6304007020226
5.75958022381383
5.86281648940349
4.25202873732633
2.49120826582657
1.8249886162339
2.7032315384422
2.65711563399964
2.03285410430544
1.9754164441074
2.10076869450131
3.13111760380343
4.67049633293936
5.84065653655853
6.07055268876866
6.85289963643299
8.0121970436885
8.58213363340474
9.76610462206008
11.2836529291963
11.1143662611285
10.8067293548957
9.67620610563608
6.65474936141982
3.91578094153738
3.62610939668593
2.73917078156956
-9.56803748814855
-11.8051810377074
-13.9899518662569
-14.9359302594821
-16.6403103454213
-19.6899825464061
-19.1554853889393
-15.5855968000833
-13.508317855245
-12.6931847877277
-11.0488183262642
-9.34835269968607
-8.69897286304331
-7.71943420624302
-7.1695718616902
-4.61964231757156
-3.0508040707864
-3.93681392363942
-3.89203131790782
-2.3952977964982
-2.27653437650588
-1.01061878648397
1.02284262037938
1.19546145481945
1.81465495547855
3.5492376295806
5.19130349000625
4.32568719769188
4.05155210017983
2.04608805049429
-0.333016080923699
0.239072616048361
-0.647381819185284
-3.87068063646075
-7.86491345648392
-9.4406638500077
-11.5962368435139
-9.95307930577837
-9.32399361323041
-7.89298527486972
-6.94058347459941
-6.07019101543119
-6.43356783862691
-5.80886675925285
-6.88838748669514
-9.06187408477126
-10.2156581512681
-9.57016617585032
-9.78526903592865
-10.1695132865862
-9.74175489899062
-9.3706372641027
-8.68711390283715
-7.93788843925722
-6.39381250384031
-4.64345713177318
-3.77551771651997
-3.43057144654085
-2.60154936342587
-1.53268718174149
-0.522413523907744
-0.174577867722746
-0.755604648325971
-2.71860146941617
-4.91496583857224
-4.23023610185919
-4.55277125425346
-5.8446658928442
-7.17910810407921
-8.20507525652647
-9.81634451112768
-10.3445836333995
-15.1155673627363
-17.6963829645829
-23.374771883944
-23.7625896103564
-25.1461830579792
-27.500666503649
-28.3269140396733
-29.3861908756371
-29.4056086777127
-28.141692497069
-25.5743896109343
-24.317193179857
-20.7571039049944
-12.8753630394203
-13.145744219466
-11.0013238778774
-7.35273759940901
-7.31445890259783
-7.2183667789941
-5.04606020655774
-4.30919481912133
-5.97934356521
-6.28041202671739
-7.83212828137039
-10.6786536817817
-10.8989540772018
-11.6974857399182
-16.0391319716873
-17.6608554876584
-18.8336308908765
-20.0162165227812
-20.3711540270597
-18.4061270277598
-14.7642905858229
-13.4059944292821
-11.3436635571707
-10.7002725398343
-9.76495127636008
-8.54082169417234
-6.97729966295447
-4.73245027488156
-6.36619773506391
-7.74765713320812
-8.29533090133918
-9.86733367854322
-10.9145840333222
-12.294617982363
-13.6830796906434
-14.7359440804139
-15.5143753095617
-15.4952471344586
-15.9923666637915
-16.1436801514064
-15.291226922418
-13.9794435327058
-14.8146697676129
-16.0478997609462
-16.7511859893857
-17.9755902202451
-18.8128808865149
-20.1313845552213
-20.8567505721585
-22.7285077283159
-24.6331779819739
-25.8195091115485
-26.35668684743
-26.3737984460895
-24.5249448154354
-22.1372390559409
-20.5915037589439
-19.5118895413179
-14.9740491342673
-10.853453869393
-8.3591182592354
-5.47843642882799
-3.65251832199647
-11.6699512117193
-14.0291704837873
-14.9833181733848
-17.5396896391467
-17.8899994818494
-20.257047056919
-21.6027860662725
-22.0723442957969
-23.316109124542
-23.8298806154344
-23.3274910283799
-23.146239645168
-22.3147988958517
-20.7447561079753
-19.4578179297387
-19.0397631554806
-18.7186886187992
-17.8514392293873
-16.0194645661977
-14.4031578425638
-15.1204961500625
-15.6074605479516
-15.2051155756781
-16.1728732415941
-16.2919424697757
-16.2002780702314
-16.4050761497638
-15.5245375029335
-13.4656510835921
-12.5325412368256
-10.328667061447
-2.18702651110652
5.49235652876814
8.46690213742841
24.9637928838783
27.4746202680399
31.3593071046344
38.3446553747053
39.9035925086355
48.7453125476604
50.8595979853999
50.8270452415454
56.5061230540159
60.153811115073
66.8638460250804
70.0937406312441
71.823238391662
73.6557841430185
74.4493654899998
75.2798995272024
77.070971630048
77.3570571163436
75.1235590876313
73.9452124001691
72.7014469852438
70.3783654854633
68.6781546524726
68.2994928191183
52.1045367235783
42.8920495158527
34.2464277665131
30.5550970982003
24.8010806017264
16.118505405786
12.830914644408
4.43554388923803
4.44600834152516
1.4675721282365
-5.64121322656138
-10.3558133693878
-11.8154140121042
-16.468161597877
-20.6545459812623
-25.9710042068036
-27.184162865713
-34.2041539654019
-37.7844574380433
-43.1106976393494
-53.1015370609239
-56.3752689014655
-61.0872091045021
-62.2846221627551
-68.932094897842
-71.4306461499073
-72.81387349125
-74.5300879091956
-76.1517268746393
-76.7601364270085
-77.2313746454893
-78.040992106311
-78.1918703559786
-78.3883320380701
-77.2439058677992
-74.96921444498
-72.8182900720276
-70.9393834841903
-66.3851450739894
-47.7130926689133
-13.7673431973089
16.5117269426992
32.2739613746526
33.3745049266727
46.5158737653983
53.6952016486903
60.6092545471038
70.0614896217594
71.121196580003
96.3656910766149
104.595608685748
116.265298472135
135.961314401357
140.667263918091
143.829932335997
145.442964302376
146.49312519352
147.288793312386
148.578483861405
149.94433193421
151.107540166005
150.825946993427
149.181651154766
148.470643778797
149.317162837368
147.88587900321
146.119669314241
144.378633087501
143.588056779699
138.73849917925
138.277989378897
132.913260480622
129.234839718556
127.783127510687
120.167153471499
110.677675250685
106.710526388255
89.9871967434883
80.854047798086
73.7090460883919
66.155118705472
57.3607756236452
52.3686513898429
36.8429741666187
35.1219687481644
19.1919254427485
18.1954824180575
14.6978207753273
11.1745455656346
4.6010386672715
-4.7296774302522
-14.1919953200413
-19.5613431155507
-31.3354850563919
-31.7117258598155
-34.885670442367
-37.2856113112648
-41.0548726041452
-44.2189460434602
-45.7670533127384
-47.4178307602997
-48.6992232140037
-48.9623761054245
-48.7956402676064
-48.7580843969481
-46.8469709305209
-45.609357896552
-44.3580074367928
-38.5853578916867
-20.7822169446736
-16.310660272633
-11.9845192462963
-8.36978552784421
-6.28766984127287
-6.75451206982689
-8.11105021582625
-9.65131013086648
-11.4996823853871
-12.5390395108407
-17.5212233261263
-18.9830949320749
-24.1869930344401
-25.8068139707902
-27.4377973438241
-29.3572437753319
-31.3433744494687
-32.3122842339799
-30.1419814012479
-28.9187759447377
-27.2696525196661
-25.0665233032196
-22.2014300193987
-15.7179624403507
-14.6499995759659
-12.4271675600903
-10.2290517873334
-8.95558891292603
-8.60725499234104
-8.38742845965317
-6.65120262251003
-6.93759947957005
-8.40816308792273
-9.54747800291807
-11.2894510853803
-12.3841588140931
-13.4410616780224
-17.7119281066407
-19.9875434082642
-20.6004377230711
-21.7253303359903
-23.4914383324794
-21.1953778844618
-16.4346506197762
-15.5708700568939
-13.8023718510376
-12.4794475886883
-11.012182749866
-9.70620278862771
-8.99089805078984
-7.94043597646669
-9.42179959182977
-9.4840351883613
-9.48433821475192
-12.0034740642877
-13.3846958121139
-13.5971888727654
-15.0421476369811
-17.327892583824
-17.8058974470478
-17.0523952202057
-17.5176311814866
-17.5211935918487
-17.5351843904355
-17.2248541582085
-17.1317997676379
-17.6988955877023
-18.5225622360012
-19.007622612553
-20.2041864530765
-22.7168121827999
-23.0470868467237
-25.0495661228197
-27.9770545476058
-28.3135300673312
-27.5170908542932
-27.3672279497259
-25.81498192859
-24.5529487303284
-23.6734428906057
-21.5100077372917
-16.4497120204906
-12.8674157005007
-10.5950708836317
-8.3557554341096
-6.89436865014432
-5.61144895211328
-3.87707780088022
-5.29491395596415
-6.74628087432211
-7.46631495447218
-9.36936913653335
-10.351215838411
-15.6526256996149
-18.5078770616383
-23.1590659290086
-22.9630030036788
-25.43729488182
-28.3795393811015
-28.8596238022728
-29.5275013794599
-28.9181458844396
-27.7083056598203
-25.2242593890696
-22.8275538813614
-19.7468549089972
-13.6860150510038
-13.1476270747808
-10.1708308098314
-7.97279155769502
-7.60737115465599
-6.10616746132291
-4.66803322931082
-4.51638235388236
-5.93280119804695
-6.43331656006194
-7.52685818305326
-10.0798068447621
-10.579031549205
-10.5286422192294
-14.8044998088881
-17.7750894970086
-18.810476755636
-19.7440985686262
-20.9407937796204
-18.1708026821143
-13.2646716236341
-12.5176707142673
-11.0435634573369
-10.0904417858983
-8.90222605048621
-7.96412558506563
-7.515342888124
-5.68611485800648
-6.52217314273003
-8.1141912407038
-9.21551816174178
-10.1208946325205
-11.0965485389315
-13.047349384753
-13.981834129343
-14.5748065323278
-15.3404934480786
-14.6966322695953
-14.7406664443261
-15.7023107960849
-16.0686352706689
-14.8694664309296
-14.7238161799905
-15.3791113111947
-16.2627351674892
-17.6858197261754
-18.6622407779796
-19.9775154979725
-20.8068912413728
-23.2421358370921
-25.2925681900524
-26.1864754258713
-26.2868932747224
-24.9205824546225
-22.7230346104479
-22.5586765319749
-22.0387034510204
-19.7079699773458
-14.6356314097211
-10.2659533409606
-7.73152218155883
-6.34182346882153
-4.85834093821904
-3.36233555861691
-2.50195234773491
-5.17172347110318
-6.02318119000847
-6.43270408919489
-6.91796376828279
-7.78865733983548
-9.29606509061705
-9.62117965736252
-9.52439288509777
-9.53084484883584
-9.46182292238518
-8.48280595126562
-8.5804262982856
-9.24027496282361
-10.3165397503326
-11.8578697517514
-12.6415339843952
-14.7027331057034
-16.2458923342929
-17.2689544754976
-18.2984452288074
-20.2255688680452
-20.6526962886273
-19.327953714761
-18.2522135680483
-17.7147252776776
-15.6670107700775
-13.3206049705332
-8.83068401750643
-4.95190777381504
-2.79413886903785
-0.46252735625967
1.74588273660629
0.683464390840527
0.146114495785696
-1.34292247350459
-2.74128349432067
-4.14670506466064
-5.01220620595996
-7.01361589595763
-8.23594367192709
-9.55226476391545
-10.7601163159416
-11.5039179371088
-12.2393071531696
-12.0494644921127
-11.438937253115
-11.3116887209326
-12.1842986439733
-11.6107928671699
-11.3087354097224
-12.3598007951368
-13.5027605143114
-14.4056041705335
-15.6288227068726
-17.7371373720525
-18.2538806133962
-19.942182038154
-22.0043279934907
-23.3267063277017
-24.1419911879057
-23.2067059748806
-20.0295737305423
-18.9165165174927
-18.894744319754
-16.875758919341
-12.114190868102
-9.20624361022783
-6.69615298262943
-3.54782677891853
-1.73703735900381
-1.49752660801641
0.956273227971906
0.821865957593218
1.07423374513928
2.81686347063805
3.28762874899985
4.37139401544118
4.3807640320374
4.14852311171126
3.51378398992892
4.19520889978594
4.34231901945168
5.23923636793188
4.67384414452681
5.08114875428146
5.45185970253078
5.5553135104492
3.87566748285099
2.84633134101023
2.15578738076147
1.28496823236674
-0.264659205487987
-2.25280572251722
-3.61970910897435
-4.26724960885622
-5.02856536061154
-5.35471044691076
-5.34453127056622
-6.33678845055692
-6.50228561709082
-5.35415797193855
-4.48936312300066
-3.89532765608965
-3.82046235866073
-2.79001761900872
-3.02712549218995
-1.65362726198327
0.040701412171984
0.885057188800602
1.17531904571479
2.11186716371594
4.40963020615891
7.3098633417103
9.6524898877833
18.4167957914178
19.0088944856543
20.2442353585502
22.7990410146012
24.2639221013524
24.619577989215
24.3624793434283
25.7172077192517
25.6794011866732
26.5200818526791
26.6507236055331
26.6548363787006
26.3329338493058
26.1613906906277
26.6236121536931
27.1218401628139
26.7206952546258
26.1206383411482
26.3138709309569
26.5182996827934
27.4362406252767
28.0616803935263
29.5046060690074
28.5405519607302
28.9673175921198
30.6542096366466
33.5961177227437
35.9499417438637
37.3015296615195
38.6263835601276
39.1170166171505
39.8909541326575
41.3006853340194
41.8117788558593
42.801616281562
43.217419653025
45.0755587865133
46.2856893490534
47.1701244467986
51.5999064572388
61.2081725623575
61.7271904281224
64.4734689944889
66.1732689655619
70.4013658940094
72.0579721688991
73.5688763903454
74.1217151810415
76.6623169846134
78.6448773863958
80.6770943565061
82.1145839650417
83.5038060091902
86.0158777600154
88.9930761359865
91.240141363116
92.642889488372
93.6859964326723
93.8366835074266
94.624133769772
97.5132732095663
96.621723531629
95.1560140395304
94.201684448868
92.4600004961248
90.937590359943
14.7276440073038
10.6690284577926
0.00760267533769365
-0.331178285633996
-9.47540091612609
-19.7937186201161
-25.5913877231942
-31.485862135014
-34.8056181254797
-35.6710758850095
-42.8479870691663
-46.7386460487032
-51.8040166307474
-57.4404892109451
-57.9743010128732
-64.1554107906995
-74.6435632358771
-76.3333840087289
-77.3661913910182
-77.6541146798991
-77.6650498637464
-79.9810881176963
-80.720136377262
-81.3302043695003
-81.3934536908055
-82.1398140694946
-81.9538179844385
-80.4192489119014
-79.3712284887442
-78.7831178068882
-78.1828171319794
-73.2915153875947
-70.2456529407063
-65.0311634853715
-58.8577307498199
-55.3224870152771
-51.7588071524515
-47.6703105323832
-36.1931291514775
-28.8687226097973
-22.5039480921114
-14.3673142182379
6.76588312351669
18.8570821190951
27.6299668656138
36.5746249455842
46.2306759632193
55.830579769914
57.6909122928046
63.463927758974
67.9938184613129
74.7761362693273
79.4661361024482
79.7933264616877
80.6977461394854
83.9235044580419
85.4287373616826
85.8297560119536
86.7699356736848
84.8084704834037
82.5472188569838
80.7602571543539
78.8032597608399
63.2404141452862
49.0499584457139
19.1852045038831
17.9244322695013
7.89726322470233
-2.2019909053779
-3.54704857358593
-10.1792833164072
-17.8152671201969
-24.5860418529774
-27.5413102539605
-34.7032780956361
-37.4931170034688
-39.6359195726109
-41.0979817719199
-41.0807915686164
-41.7888954496593
-41.2646330435527
-40.730543479207
-40.1250842062291
-39.7709944171365
-38.6242787467781
-36.5869068267057
-35.9082553974586
-31.7743437306199
-30.6577726055693
-26.6826594856684
-18.0472468360676
-13.5013812935795
-10.9234320713877
-8.36766324637574
-1.35687982876698
5.60576607943949
7.85521688065637
9.39083486677555
10.1801426212769
10.4965873692854
11.4351365331531
12.4972023535811
12.142579445921
12.1910131654149
13.5624624454067
13.4227242612542
14.2517538751272
15.3893998721906
16.263781413465
16.2026906083047
17.4635513280227
27.3309477117145
30.1335254337173
34.5586252200883
38.9889699763153
42.0525948463473
42.8599301236682
44.3142997283139
47.1061382283806
49.4666864660103
51.5069689438096
55.6978041936527
58.5492224441259
59.652225672442
59.8746701060445
60.6267425343394
61.7341371044749
60.548063833674
58.4178186662612
57.5315701129148
56.6412300254451
54.4626657592598
-14.7688168112654
-37.6745804575621
-41.7610167866806
-52.7922656358569
-59.0017979883123
-70.7965103184106
-86.7926552311983
-110.013077859301
-118.52497259283
-122.637570271036
-124.627826225595
-126.222903612768
-126.800842133351
-126.338473163196
-127.73794409004
-128.579910989851
-129.387478221906
-129.281514705624
-129.789371908875
-128.466427251464
-128.08442171081
-126.485710380482
-125.62020750693
-123.742362845689
-123.016488347668
-121.530606782064
-76.1803755202563
-75.7386347684078
-60.90627637133
-57.4161110296263
-45.6090323796961
-35.4704264711472
-33.3485325470683
-24.3537926966092
-15.4564871816401
-14.9271342321881
-7.13251455032878
1.96079350557557
3.61965346200668
6.3906159570688
12.1591917244368
14.3884143843898
17.4288235336426
21.037579522992
21.3835674308648
22.8283836640767
25.6098645206366
26.5493559493916
27.4581136260822
28.6924846768379
28.7893535615876
28.9327019383782
29.3208800072607
28.4053660719364
27.9517303318426
27.1152540573094
26.7710230900557
24.8117236620747
22.3618409703195
22.0301848996605
21.9617262381944
21.4912750212534
21.2540831514925
22.3075691638805
23.2486779082392
25.8910398319713
28.3942573408422
30.1003055285837
33.8224743549945
34.6667757658288
36.6189556583995
37.5649068634957
38.4872926209355
40.0463536509196
41.0805002920097
42.0109637388377
41.2663040257175
41.3900000707363
40.3221200968837
38.4459069723962
37.6322620071005
35.8081179560395
35.0120942846988
34.6013682599296
32.5637185448431
32.1566763634328
32.8818716757232
32.5806017338182
32.0474571287632
33.0585819004918
33.1776396231726
32.8775109967683
32.1574142844183
30.2001755220699
28.668580732221
27.1046323485789
26.6542268896883
24.9410135598737
22.7336671820376
21.7075288192136
22.1046950379387
22.698671957769
23.9931568682368
25.3127507413446
26.6750968609122
28.4481808135461
33.7384206507704
38.3422289056471
40.0139031437575
41.2078585017007
42.9650489700725
43.9478943769354
45.2591749473359
46.2875617279788
46.3946851375513
45.3020718647167
45.126684246643
44.3515818992746
43.2222627425217
43.0187338818214
42.0352758872905
39.5301547148847
38.8875933417003
38.0181681695976
37.0211659175111
36.4339589761803
38.0801932993345
39.035515093361
40.30761697056
41.7111762698623
42.2119826065027
43.5573283691774
45.2695581463049
43.6114710524562
42.130351875734
41.5960405549267
39.8323917837115
38.3892237606342
36.4599357394618
35.4375736793736
35.5216145681916
34.567490295216
34.0705103792716
34.4996277117752
34.6430085367174
34.7514267012593
36.3968759459676
35.7190419866238
33.5839840191184
33.2068923260667
33.0996425696649
32.0573841224541
29.8627945701301
28.5587383591919
26.5507893169706
24.881465323997
23.3668440472975
22.7434060769738
24.2304860767326
26.5932763328892
27.3427489819878
28.5448618886003
30.6947872168093
35.2726497780532
39.3885979758343
41.7885612636455
43.1732269772328
44.420967626269
43.7120434726239
43.1774863527971
41.1717355559231
40.1369453487569
39.2066194142099
38.5059238306712
38.1947572138743
37.6423554928042
37.0119638156029
35.8640787220793
235.864078722196