200
1821
0.655717871673914
-0.395885180199912
-2.20219587747124
-3.41529066217845
-4.73926920003578
-9.46827373719134
-15.5471433139319
-17.8920307820372
-19.5728270165273
-21.5019100781064
-20.9597957475053
-19.9908581510535
-18.7929929564707
-16.5656359425921
-14.2663643551932
-11.3282467484969
-7.3911127256215
-5.28857511804381
4.54265916407167
5.49867019471276
6.44947381294332
8.14319155976409
10.4747739087761
11.8850263413478
12.5275733478193
11.6030931214336
10.8890434491914
8.32482447590155
6.05533534262213
5.26934691152564
-1.88963457059435
-7.64607067557517
-9.14827680466988
-12.3674318079575
-21.6245467172703
-22.5620707624475
-23.4923193048453
-25.3522172216326
-27.6036044351931
-26.8957700104511
-25.3907769828802
-23.1258994872042
-21.5474064776208
-16.5500396817806
-12.342525011918
-8.36918610581779
-6.36034933034534
-5.65216890867305
-4.92563000250084
-3.59599000836533
-2.37699479641378
-1.43212731919812
-3.35939842115476
-4.45854581210733
-6.49348912720598
-8.34568048473739
-9.50691928829474
-10.4562623308884
-19.2035442924243
-20.6467981853348
-26.9291312292917
-28.455336386658
-30.4430069691443
-32.7221334509086
-32.4793463809765
-32.3832317817723
-31.4523040087952
-30.2022053930268
-29.2094189593336
-27.450330405758
-20.3853880769166
-19.3790528429381
-12.5121251098317
-10.4776339163072
-8.56360220626811
-7.73870917071326
-6.6134419339287
-5.44514719595463
-6.58066155306005
-7.81030792848469
-9.71462517799227
-10.2978840274882
-11.1665260800801
-16.4161497364985
-22.4275557129295
-24.3373921547318
-26.5301779284782
-28.5476906059193
-27.3796143052168
-26.4937156138767
-25.5725903660932
-23.4814204735449
-21.5875068600581
-18.6734915447887
-14.6524497541395
-12.7723318350618
-2.70388800147339
-1.46629938352817
-0.598841368527246
1.17947516729873
3.23720324619353
4.24078079496394
5.16867141921102
4.29046531892527
3.54725922603029
1.75586560796546
-0.323041573321461
-1.68227876854689
-8.84205664202455
-14.5928012955119
-16.2942501411599
-19.2836342801165
-28.4784566821181
-29.5920937580231
-30.6489653930767
-32.7166728273151
-34.5719810241135
-33.3809228469036
-32.4065561154857
-30.3639455387602
-28.3740510649513
-23.6714135117072
-19.5958942238067
-15.0818374452356
-13.0271739668242
-12.4323932966363
-11.6454395770998
-10.5361011985515
-9.35526145951007
-10.344586631807
-12.3365929891734
-13.2712653837079
-14.5415385720844
-16.7077670669532
-17.3308846626605
-18.3674061004131
-19.8179397345521
-22.5648080658284
-25.1856713517336
-27.4989493323374
-28.8037093162129
-29.734615534835
-30.5601353892707
-30.5080605186813
-29.8111021670047
-28.9676076483156
-27.6802964642993
-26.6803600659769
-25.833229797805
-21.5860096600663
-18.4552392152546
-17.4848986977886
-15.3496796089894
-13.5098124968063
-12.7480003937962
-11.4856578218751
-10.3001635987748
-10.531401318367
-9.64987030057819
-11.5417444098421
-12.4785302715027
-13.5058596668678
-14.4908153814758
-14.5273852490063
-13.766598420334
-12.6672624955536
-11.1311086632631
-10.2407185646443
-9.83536358032143
-8.76403600764752
-6.52300986719638
-5.64357558672054
-4.51984985385934
-4.39477349843946
-5.49593764555902
-6.32807522275107
-7.38302474617376
-8.81951652967837
-8.75130078029179
-9.58353334349522
-9.84056263750244
-9.71581164347299
-8.43471740443783
-7.72035225736181
-6.77340405283758
-5.31762110730051
-5.24532542334055
-6.46005341695854
-8.46066953560512
-9.51482290202694
-10.7084448590613
-12.7928051319032
-13.7483248258359
-15.6271699284116
-17.5379778363858
-18.5510237083072
-17.554862401681
-16.5481033643882
-15.4834294207394
-13.2273371956544
4.91695412565605
18.7121274041128
23.5408927366952
45.5542063827161
48.4624869724503
61.3520384599105
67.5665778700495
73.9653375374619
82.9539972933708
83.5189671678236
84.4554860779317
86.7403042007936
88.605985586415
90.4560467828996
91.6938956022495
92.5162040038267
91.1775349618401
89.4958589019952
87.6526356295217
85.3766036345623
83.6197083919542
22.8891277734656
5.46881283260882
3.14080897306849
-12.7249155142199
-14.4734736097453
-20.2559164001723
-21.3636916102259
-22.5726885994663
-24.3994441100222
-26.4044641607907
-28.8001647486817
-28.7442879046139
-27.3267828241806
-27.3224781581375
-26.5705840025039
-25.6183638066868
-24.5421586503508
-23.5207128024776
-22.5079153601837
-22.3692136395257
-22.1904114139033
-22.1891155025805
-21.3381163815502
-20.5008255194116
-18.6375454318477
-17.6833633932401
-16.601797531679
-11.4824432681053
-5.39546531790256
-3.33582281857889
-2.399243889231
-1.60280963982768
0.433088017294722
1.73109799942722
2.60492055598661
2.16242492783567
1.27918204517118
-0.306289660911716
-1.3528188380842
-3.55156723598702
-7.46334174368531
-11.3295431771112
-12.4099743494735
-14.5541705699579
-16.4315542594704
-17.2193631316477
-17.3118390685995
-17.3798687524686
-17.2898263842217
-16.5342346171092
-15.788173896115
-14.5769154312584
-13.4519265555282
-13.5714152651781
-13.4741755165887
-13.3653302122402
-13.518361906521
-13.625723563775
-14.6103393013764
-14.76117922923
-15.9366736551601
-16.7620904767828
-16.5822767723585
-17.6717436035688
-17.4302933016443
-17.1082388161158
-17.4840243915096
-17.7207524483383
-16.3621104115155
-14.4403890831309
-13.7527211206034
-10.6683108224242
-9.63503357738955
-5.54080251408595
-3.42950969688172
-1.71280253771329
-0.56696672158796
0.811318839805608
1.32849719036312
1.22079575077987
1.04715648922866
0.108035134180682
-1.36632396418827
-3.30463228178633
-4.28625000717147
-9.35442648206663
-11.3056734846905
-16.6051256781211
-17.8689598553465
-19.7757358447707
-21.6528829811432
-22.4122631963692
-23.3304680701403
-22.5932256233646
-21.5052812754875
-19.1637897644541
-17.1418549705413
-14.2550693372905
-7.40986343092663
-6.5506709052861
-4.51611666182725
-2.45703753704947
-1.34541874150455
-0.426787196094665
0.184792863640723
1.43151390181811
0.972090444406604
-0.44542765269307
-1.81696460941566
-3.42745145595836
-4.4602887437286
-5.70012609236437
-9.53014433274802
-11.5392849720665
-12.4420699297043
-13.0984194982011
-14.2889935682324
-12.548637237458
-8.35560885742598
-7.27280096651521
-5.28452799528895
-4.22185823616019
-3.27637890729602
-2.33052677187516
-1.4848824093915
0.314191308441877
-0.526222202438476
-1.36449463586905
-2.51476211274712
-4.60002047687885
-5.54815633373801
-6.45504454217735
-7.44696086406475
-8.5419314931205
-9.28357104469615
-9.03725756319182
-9.37390331384086
-9.44106703494617
-9.225296423494
-8.58695000607986
-8.68727407811093
-9.31492520451138
-10.5993779051641
-11.8930160777236
-12.5607690911129
-14.4391013370041
-15.3572395695955
-17.1930471728556
-19.5115249050141
-20.5837899487815
-20.2946011671447
-19.6366964334447
-17.9045764603652
-16.4765555939812
-15.3087725283258
-13.3929653976811
-8.32458363009209
-4.5145397290471
-2.67550014112567
-0.543912929195358
1.36627982273967
2.32309626886854
3.64392587945258
3.69113283957267
3.45474295264285
3.5236367549187
3.68847064488727
2.55231101456957
1.37076107409848
0.522586385693103
-0.132507727304073
-1.1184670816092
-2.49357368068377
-4.67924156039226
-4.51873793779669
-4.52353076807776
-3.8105237079144
-2.86767501047143
-1.51200232915653
-0.253398595325052
0.546325681600138
1.34291320727607
2.59800407436342
1.75977565182802
0.340640583221102
-0.81574569856275
-2.24466460360054
-3.07295507002345
-4.63888321427658
-5.81619998957467
-6.52528853781405
-7.54625417559873
-7.70400898946536
-7.64522419380228
-7.52360219829279
-7.44434765732149
-6.49348222546541
-6.4878300626151
-7.23394372232724
-8.2355664541974
-9.46457315060252
-10.2705071606615
-12.2014870826242
-13.7192800365738
-15.9109430226526
-17.650693139527
-18.5784386000014
-18.5279668716248
-17.5019269041659
-15.6643101240479
-14.6174686752347
-13.4657690232125
-11.4597486525599
-6.37536567400093
-2.43870199987941
-0.599221966591358
1.60091020989603
2.64833800921042
2.41373193377513
2.55343410519345
1.56558548131397
0.205776074766618
-0.670335277828599
-0.410014389196931
-0.585361085168188
-0.671393829341469
-0.771594615607682
-0.963653004465414
0.393035532061731
1.79936391432238
2.57592210592702
3.30261277603131
4.32475030162459
5.48647069336585
6.62646866663999
7.42149235725083
8.18180316148209
8.33954346329847
7.51385569045669
5.62657981146913
3.78109667279568
1.69985940417246
0.651380122037153
-0.31912221453058
-12.5855861262244
-14.5129139938508
-16.0856906352856
-18.4170366573671
-20.9351540451462
-21.6626783527026
-20.4438105410081
-18.6236456431216
-16.5491615179926
-15.3869908772031
-14.4215530456131
-12.5352876275865
-11.6498711247987
-10.5235421884572
-9.38774940383155
-7.67671557111316
-6.7576615200378
-6.28432100673672
-6.17240440238675
-5.58688516052644
-4.68881373563636
-3.44892908105248
-2.38298261164891
-1.42723417059278
-0.405861453678881
0.511101218015938
2.38211860554657
1.45225168448633
0.550252514278327
-0.478451082843094
-1.44524418050423
-2.42533056790853
-3.49359315101901
-5.36399343046651
-5.14897632603243
-6.18989165558742
-6.33868899453955
-7.42435826943256
-8.44702693560976
-8.36766681882727
-8.34806240788021
-8.46212975107483
-7.57852386500599
-6.71869859530125
-5.65355892419029
-1.25450053348322
0.733167009570025
2.14895470522606
3.06803393132213
4.58720573486789
5.66855837211187
5.34742086502956
6.38950018754986
6.64429553892114
6.60425203732302
6.40495412043674
6.42546416118421
6.71318089823762
6.91991150716785
7.74560879446653
8.50498051472823
9.52107699176122
10.4581449200487
10.352095391223
11.6858046015841
11.9100298740814
11.4079080962838
11.0065687219176
10.1961715450307
9.24152282133582
8.07121298709535
6.2363534839169
4.50061979519523
3.43761756837193
2.24322340605431
0.210419365146663
-0.679472531767715
-1.53463486022338
-4.3934594905586
-5.35633405860426
-7.48889479913487
-8.62693247478455
-10.658681824556
-16.567860825744
-18.2999279843643
-20.1401985076955
-23.3535307803249
-24.545121238014
-25.4584783873288
-28.4101330767444
-29.5337772570201
-30.6728041491006
-30.6623353724717
-31.519366004155
-31.4929347918951
-31.4765025989327
-31.2956356746145
-30.348344285303
-29.5876821914862
-28.5599470600428
-27.5804907620768
-26.7162520593847
-25.5264053667488
-24.4440620853857
-23.7112134759955
-22.6806754992285
-21.4585059220262
-20.5185774534184
-19.6681246775552
-19.8001945882279
-19.7959133978584
-20.5011785090028
-20.4770555369614
-20.8938335764979
-21.9457179713936
-22.5618973086239
-23.488482737157
-25.7081783397298
-29.6428129215783
-36.3466131781461
-39.289182231063
-42.4545410157298
-44.5574236218235
-46.551410641754
-47.4162858030177
-48.3297554097371
-48.4920777629013
-49.388030000031
-48.9841516730958
-49.3119644671096
-50.0943814752391
-49.0376160875312
-46.5529152710224
-44.5143667607917
-42.4175082768779
-41.0757361122523
-35.1442104498856
-34.5452093787026
-30.6957424703869
-24.6834944258153
-23.8240242381871
-19.8259876212396
-17.5881403302774
-15.6620853112399
-13.8534260743327
-12.5466532881546
-12.2897646320198
-12.4778287814988
-12.5635103550158
-13.5839893210796
-15.602553793331
-16.3451575264044
-17.3401900519675
-19.5301394640119
-20.1855212353112
-21.0376310825523
-23.4890097055468
-25.5618760661746
-30.4678388454195
-31.651551451796
-35.5093183275312
-38.4064118146198
-44.752024994581
-45.8594296700903
-49.8220356770325
-51.8056591980858
-56.4134227614268
-57.245166912151
-60.4504403603496
-61.3221751267556
-63.4569868767867
-63.9670903621591
-64.6988645906094
-64.2175764783751
-65.4492455108557
-65.533942776965
-65.2523234309629
-65.31700796925
-65.5408731404459
-64.6255056421505
-2.70989894605009
33.1894832216785
51.181921052048
56.4830784158548
71.8227770318044
83.6192284611752
87.3180714820046
88.5163485471858
100.774814534816
105.767361154314
107.610369223752
109.449477344169
110.647239399375
111.98897963122
111.851602354902
111.579778824816
110.674873732263
110.821031542961
109.720603536582
108.42730823264
107.19186735549
106.21636924101
104.295170539292
103.353042176459
101.453199231997
100.392835812294
98.3524942738004
94.4433809891343
92.3268532783259
88.4224261922063
87.8116545758676
83.5580024768133
80.2191919924226
75.6459344248287
74.6889183280291
72.1913174493238
66.3841844539857
64.8249586567981
56.8342199434992
51.7409856093582
50.471433408442
42.3828383216169
40.7912612853688
31.6697906751942
29.1631742804311
25.4929612105188
24.9268354602391
22.6231822042027
21.448854696122
21.5729993559071
21.4034833038168
21.3271631976531
23.718887291092
24.974785636703
26.670629859058
27.3787685113784
29.5531415244914
30.6561018657812
31.4576127847249
32.4070226631011
33.3595474130707
32.220518468821
32.3518438423052
31.3658505537314
30.1635824620025
29.404657392879
27.6317808093445
25.4540505080367
23.6491023500566
17.7955034930492
10.2223711375846
8.05433899626951
0.589270483877044
-4.17718786754267
-6.15534265766473
-13.211214335257
-17.5895209707087
-24.6338037450914
-29.361372444866
-31.498317574471
-37.5242079947493
-48.2334327831049
-49.3365949623985
-56.4557666794863
-60.3063735779142
-66.5604594401084
-69.9283973864513
-73.8951767794788
-76.843976715696
-82.7454170230776
-87.5010633198544
-88.4982522579376
-92.5911240900168
-98.6650952170603
-101.939323060331
-106.005349634099
-107.693310782779
-110.508576752502
-114.505014701281
-116.567457067431
-118.73572416557
-124.812419872498
-125.751203734078
-129.600653070724
-133.497460088925
-134.805084760534
-138.005090018502
-138.453184426064
-141.077238228638
-142.420317506883
-144.592752087861
-145.420770189958
-146.307872832753
-147.294050215743
-148.555479617091
-149.795322767226
-149.57773205149
-150.43849435728
-150.604161712807
-150.634669849649
-150.61143219634
-149.670419831295
-147.734390902333
-146.745678223204
-130.455529490719
-126.188023590599
-125.450480364263
-120.751515139011
-115.776001732331
-108.731049707741
-69.5193688391009
-65.5215849992819
-55.8890935872914
-48.7496983237215
-46.2228556514019
-44.1011452397215
-43.1543016171199
-42.3160143438145
-41.7233077185228
-41.8224393281271
-41.5357551649213
-41.3334726783214
-41.4221780211083
-42.688041175541
-42.5576294538914
-43.1967906042119
-44.5102969851578
-45.9224923714646
-45.7447413770133
-45.7417688506539
-44.7519682401908
-43.2639323974727
-42.1508007334778
-40.4831493439269
-38.5424189585028
-34.5145652071806
-32.4101957140956
-29.2011944962724
-25.3402212646615
-24.6097642029054
-18.7299176651286
-16.6974122535612
-12.2952989171317
-9.16809725751227
-8.63900991747505
-4.57432737711497
-3.17087376527343
-0.450916498248262
0.326533869568266
2.48330874026215
3.29373697058327
4.21117735703592
4.5384651534041
5.63884366089769
5.58795201622706
5.56392432245775
4.38070604961104
3.34729259199958
2.50425053952495
2.41972769815402
2.21773166681305
2.23889299153234
2.46636769672841
2.73321838189804
3.8214518129862
4.69483380504971
5.60432067658257
6.63461899773392
7.56761642924539
8.40416923296289
9.45163514003798
10.6314615340088
11.5856070994341
11.4359192712727
10.3895761065505
8.37697035861493
6.45535797868069
4.54427592160937
3.55769070233509
2.73322869482581
-9.1883736372838
-11.4666203976376
-13.5239096364239
-15.3746800072549
-17.5250061513216
-18.6014853798551
-17.4940652067598
-15.5849181970261
-13.6237159527664
-12.5847631433135
-11.6540690297843
-9.5110239014175
-8.39291032803885
-7.61736205336638
-6.65756125738699
-4.50612280935457
-3.51053643082196
-3.42978610009959
-3.40411494591899
-2.65254605255177
-1.69438019151312
-0.415779635866784
0.755776225223599
1.65212601773783
2.49173070942197
3.60522337291695
5.79064916792413
4.73433354679582
3.71131868374141
2.56208503124435
0.120622224974795
-0.786277469826018
-1.35161471521496
-3.61693861580716
-7.93916024393548
-9.61841680541693
-11.3350074196205
-9.24196526454762
-8.23019166947051
-7.54376672413491
-7.67920139036141
-6.44938256186288
-6.55100353973103
-6.80105658384855
-7.64634663501784
-8.48623506313015
-9.60835050544119
-9.59662197809666
-9.32752267402248
-9.21747350523947
-9.29788405267755
-9.17634234082652
-8.14162258504075
-7.51049929130386
-6.5412434975151
-5.11554077576875
-4.15246685941383
-3.54379313977915
-2.74243055781699
-1.8793018109136
-0.726159410298351
-0.312880169955861
-1.4157732382464
-3.76561997317185
-5.61824563262053
-4.41940817100112
-4.60109061572439
-5.82679784930224
-6.90861619441421
-7.81168439308385
-9.53239158639917
-10.341767069971
-15.4135236465663
-17.5513269305811
-22.4759462866641
-23.2450926874881
-25.2459441784013
-27.5081349159591
-28.5989477122203
-29.4419283261523
-28.3821223420673
-27.4726245429774
-25.4558877233067
-23.3367811570934
-20.3693722521421
-13.5301936700125
-12.6358038960025
-10.7493475391238
-8.84488505691115
-7.71841643888911
-6.52751941211318
-5.52222310152138
-4.48773407297995
-5.28506380438193
-6.27953498288116
-7.50831441662012
-9.40517854539212
-9.9940430248389
-10.9020962749637
-15.0973900908284
-17.340273742273
-18.6690509542532
-19.6141903155076
-20.2153304444801
-18.3233938950871
-14.532975271577
-13.3419611315912
-11.5491837314912
-10.7738059134135
-9.3261324877094
-8.25087677928968
-7.44900754340051
-5.09879509604798
-6.25702366204496
-7.81991131155519
-8.52440785490035
-10.3000432409754
-11.5999658411456
-12.4842248999776
-13.5333749573911
-14.8366396779311
-15.4765038921905
-15.269490601946
-15.5844283738552
-15.4565833418892
-15.3076348754403
-14.5872076607193
-14.6853423717985
-15.6132932469045
-16.4840336760972
-17.3431934226537
-18.4828930899093
-20.488831135619
-21.4038444617472
-23.7715910972038
-25.7697207374731
-26.2431816898461
-26.3772004533675
-25.6729857727478
-23.3481210306345
-22.2836021658441
-21.5763519256143
-19.4985636907804
-14.3100598960737
-10.3542963599175
-8.46941935761424
-6.51918289683817
-4.41602134770073
-11.2163911291282
-13.1120077575179
-14.3046214281785
-17.6375412139751
-18.5401062293095
-20.2091828639677
-21.239584117895
-22.2651810240641
-23.1775865606323
-23.3761706207588
-23.4750895257166
-23.4690694031306
-22.6964755369991
-21.5810953165055
-20.2998549809563
-19.5218446696235
-18.5650555872126
-17.259061987279
-16.30307404825
-15.3979711488937
-15.3515377981093
-15.5022875375143
-15.660076027445
-16.7029272194777
-16.5678290908982
-16.3264847257524
-16.5189066022867
-15.726987387141
-13.4496358517936
-12.5345263491326
-10.8520984320639
-2.59597458812641
5.55211758475343
8.35498060597456
24.4179030601808
26.5855238960066
30.8053157838003
38.8038411728339
40.1846678645816
48.0604882905609
50.6867844139342
51.685902230558
57.4161433329573
60.6132309170207
66.4962542086141
69.2324916666839
71.371141378535
73.4049992938526
74.4155540706124
75.5876095080748
76.4949653643416
76.4520499752834
75.7050299202092
74.6409322669497
72.234259352088
70.1769433073932
68.6013943970902
67.7343987538479
52.2831653945032
43.2070362918894
33.625324989669
30.595414174255
25.4366740381229
15.5447633328295
12.3411855176237
5.28304530031892
4.74929711027653
0.789021550823236
-5.51187072638277
-9.41150930490403
-11.3042159186007
-16.4313689137925
-20.504660558363
-25.5559727025102
-26.633922863577
-33.7455093082972
-37.7510766322957
-43.475005486107
-53.3168015519623
-56.4462498211651
-61.4821612558444
-62.4808488296694
-68.5358082911698
-71.494814597303
-73.4763525798917
-74.4804529306712
-75.5122557214927
-76.687544542714
-77.745774258161
-78.7150192814879
-78.7036781281931
-78.3943812868092
-77.3104684215505
-75.7357867883984
-73.5437855684431
-71.0375933890464
-66.4499246145133
-47.8627660815255
-13.5135455039563
16.6621167830017
31.5196332103224
32.4008431431139
46.190224975755
53.2349012648338
59.6035076451371
69.7683443824062
71.709688227158
96.6390307251131
104.605261120829
116.539526770357
136.299663749523
141.269516862463
144.625664021354
145.670281262137
146.409741515992
147.409288417781
148.415942606516
149.399998396169
150.618079105625
150.583525581518
149.340468499577
148.48918284243
148.617638888769
147.452009341214
146.585875065764
144.809857004089
143.60509138694
138.483995677205
137.695154042682
132.725262955297
129.620214701863
127.590139434556
119.364748575026
110.1826998787
106.467693972751
89.7502003408736
80.6498599357437
73.5667612685356
66.6707341042347
58.626286123821
53.3192726236302
37.212244054128
35.6047268169932
19.8557132151327
18.6131618675136
14.516295744339
10.5833069012733
4.44792670025345
-4.56635855482455
-14.5694535096845
-19.7002640982391
-30.4420917192183
-31.2534242005495
-35.5576769489562
-37.4994933975977
-40.2522199653904
-43.415235569817
-45.3372742362553
-47.2006676450837
-48.5451251330087
-48.6059676978039
-48.3480634879088
-48.3651564337197
-46.4176337942481
-45.5606626460212
-44.7279965620255
-38.4528452866361
-20.2558397725224
-16.4006049405434
-12.4232851602865
-8.52730314043583
-6.67040587225347
-7.64157227349642
-8.73316054511815
-9.51039050942927
-11.0423408752395
-12.2476242919074
-17.4366823077144
-19.2035431882832
-24.5424135267094
-25.813559859118
-27.4210478232708
-29.4311277189408
-30.6324293154175
-31.5511777322099
-30.7519238025416
-29.7478976824495
-27.396196221147
-25.4723323142389
-22.4947103410668
-15.3680563850794
-14.6715902256256
-12.664621419608
-10.3480316967325
-9.6211273024237
-8.87907882146828
-7.66273272459512
-6.40161455054476
-7.09740720389527
-8.11818646478059
-9.5474853295018
-11.6322791632119
-12.6489073616249
-13.9313816695649
-17.7959437134268
-19.4469838566147
-20.4537865724124
-21.5034373795206
-22.4637413559831
-20.3856698731543
-16.3244341531245
-15.5888300047664
-13.8495453926007
-12.6738780722517
-11.4147059261595
-10.216606093818
-9.10053496398905
-7.30350960626674
-8.5024867579632
-9.51446925333585
-10.6133099992439
-12.5279394381505
-13.2000584097841
-14.2182329992356
-15.5469195740297
-16.7078752173693
-17.6425703866116
-17.5296831574524
-17.5519937716599
-17.6376754619705
-17.5298083477828
-16.3751083686948
-16.4880751674646
-17.6979364729486
-18.5715603700664
-19.1876821148617
-20.160410836048
-22.5060458292428
-23.5425776011834
-25.3089740238793
-27.3813131282222
-28.5704020613921
-28.4362554649124
-27.2576889586053
-25.4356642385828
-24.6175087790471
-23.3551932984556
-21.1221428988792
-16.2676225180621
-12.2680843416165
-10.244150437793
-8.58880115103966
-6.60777124641754
-5.22273634240992
-4.2612874382321
-5.47402577388129
-6.49526992000028
-7.62556080842478
-9.5787974359846
-10.3433944614953
-15.4817367317155
-17.6296707274741
-22.4599146592955
-23.523907677125
-25.8528740454058
-28.0114114079042
-28.9409354560485
-29.7411327303853
-28.5346289121662
-27.4093207476835
-25.460907325556
-23.6889414595789
-20.6690964610898
-13.3641128343588
-12.3432310055214
-10.5521639253129
-8.63716731793829
-7.67758919881453
-6.69412773220392
-5.713900381852
-4.5819797738659
-5.09392336192104
-6.03774815600627
-7.63448911278101
-9.63142186650657
-10.1370766362961
-11.2459597251
-15.5327059004339
-17.5537516531476
-18.6511293196527
-19.7530634335708
-20.8190667227609
-18.6891414414567
-14.2528516586171
-13.3524281177815
-11.9140530643926
-10.9111269238492
-9.81204055655689
-8.93976149735681
-7.61624077668966
-5.43443055985699
-6.70781635418098
-7.53346763639274
-8.3530768132332
-10.674734616332
-11.6297298093414
-12.3981061165105
-13.6370936020976
-14.7062940629548
-15.4613705918018
-15.573660793234
-15.7989047456504
-15.5974725972192
-15.2824080705177
-14.2763970333908
-14.3733744031488
-15.3951076101657
-16.5733049893752
-17.7925525337923
-18.7789309479704
-20.7490328348067
-21.7407599612197
-23.6192491987895
-25.549540133652
-26.4229579294042
-26.2622791973699
-25.3599551532825
-23.3058866510983
-22.1458594121505
-21.5477721084608
-19.7937960339768
-14.4180266229523
-10.3914828192501
-8.45404192550632
-6.18364414089592
-4.58148114084179
-4.05936983785068
-2.47416634165347
-4.12523985942244
-5.56399164129107
-6.50906153551477
-7.19806097247783
-8.37015503286966
-9.53491546270379
-9.60274246781773
-9.72041147948767
-9.62401928231702
-9.56865686413948
-8.67908391411765
-8.62801200531248
-9.6384544743778
-10.7404525747988
-11.5699581848457
-12.4897979974048
-14.5929275301023
-15.3202699906833
-17.1140747250756
-19.5153829502524
-20.7958512112673
-20.5982381033537
-19.3912146346702
-17.2836788512941
-16.3400144250772
-15.5680394619994
-13.6265783423878
-8.59486240569095
-4.58217371998762
-2.42062930942848
-0.435926277685212
1.44614612049008
0.713751610092004
-0.193565296648558
-2.45965497796715
-3.39923516491399
-4.42386936792172
-5.65189830206509
-7.31633256002533
-8.17060707834025
-9.70036479360715
-10.7320572268363
-11.4427905052435
-12.5501702941547
-12.4808459314954
-12.4144618945284
-12.617079580159
-12.3870313669177
-11.1804679713387
-11.4781139841652
-12.4760591044469
-13.3767822301597
-14.6567587895406
-15.6550734508637
-17.4505032089073
-18.4932738690695
-20.4070232526574
-22.2505269340472
-23.3207913954393
-23.3903128645907
-22.435322960926
-20.5511060880381
-19.6640814031125
-18.6424036616809
-16.3892638963298
-11.3752614018595
-7.7167455220042
-5.53644744280609
-3.06137852060419
-1.27995759574878
-1.65290360734252
0.443219481347114
1.63902463756494
2.83403311524307
3.71462765692559
3.1658459360915
4.23578294079925
4.83042813497741
4.69644904309098
3.33694586418642
3.55884167546901
3.57604285592242
4.24974841802759
4.26555578798434
5.36983277743275
5.44177209761983
5.78905495825893
4.8333986633952
3.41099808078798
2.39881800107833
1.60880933251428
-0.625936498787269
-2.7189012501949
-3.39007310352463
-4.22305696578405
-5.20497339993744
-5.24329054830014
-5.41858327276714
-6.36281005240016
-6.27815118539002
-5.61218328573159
-4.81755103357136
-3.64139423594679
-3.51051394923707
-2.46082405742345
-2.63205430719609
-1.99979385663391
-0.943420011344642
0.362135577594017
1.30464435191789
2.14207345697287
4.25461733733391
7.57266523158614
9.71595335887105
17.4455520605843
18.3012417666323
20.4435133234365
22.353528777574
23.3573854752758
24.6043121004768
24.5212599240185
25.4668235529971
25.5894125128398
26.3586852794397
26.3335439628281
26.6901419403439
26.641972514597
26.4733293728495
26.525919109612
26.5172319052217
26.5285149066185
26.3292006207339
26.1305131342669
26.5625825356692
27.6229471900442
26.9805591483891
28.040505377081
28.4141916910012
29.2238303002086
30.1901805621164
33.3208166938275
36.387892982515
37.6527858267655
38.6482610807288
39.6148259670008
40.859985309653
41.5093460143544
41.151065211161
42.5054144197493
43.4846151721431
45.3706793367746
46.6711029605358
47.3802350224578
51.1298437502119
60.4144551646314
61.1110687579494
64.1072466823971
65.9463863190031
69.9670432995772
71.5542188879335
73.6467614223948
74.5029137224192
76.4788668244146
77.7487380349776
79.4593690177426
81.230554995127
83.4126792481402
86.4089328093687
89.5351155006792
91.6697409068001
92.6179454518715
93.8793130671838
94.8039571130648
95.3752574664541
97.6339635500917
96.6858120771358
95.2343703128863
94.5741580721224
92.8509510577423
90.3620094466023
14.3138427658705
11.4043089908955
0.220380309736356
-0.49023911466611
-8.40596121439012
-18.8226284141128
-25.6868676119775
-31.4119804314105
-34.4957386101014
-35.3873464936623
-42.5577287634951
-47.1508952222648
-52.0444173729047
-56.4141008689185
-57.3111206590547
-64.4467241241364
-74.2233190326951
-75.2087062606588
-76.7637314490275
-77.870251503191
-78.2430203563999
-80.1683789708186
-80.6194249903783
-81.5053462998476
-81.3861353768734
-81.7480622746516
-81.7077204769012
-80.4418823695742
-79.640385184437
-78.6762322731083
-77.3386665416183
-73.4041565951193
-71.7002266934142
-65.5660288789077
-58.4354465901852
-55.7235859591747
-52.7662832047208
-48.4784923539846
-36.6100039164303
-28.7844639497926
-22.39270515932
-14.1038933711679
7.82177421245433
19.7457915254345
27.4453193122463
36.2195569514879
46.4725633780472
56.4678143325727
58.209312950843
63.4129720915225
67.5180955480319
74.2546597088221
79.4418598558987
80.862716535572
81.7183696834836
83.2754149752436
84.1655869514216
85.3741857454879
86.4407835898455
84.3205791071523
82.3634134447202
80.3914572941139
78.2803417404648
63.4870656745043
49.8137235953473
19.7088223533356
18.4695029403374
8.45917416505108
-2.46350011503091
-4.47371568546077
-10.5698041776486
-17.5144252140308
-24.4315365214716
-27.689270285191
-34.7739522918127
-37.383473687747
-39.3064518304309
-40.5516594903893
-40.5103825152619
-41.4504440815654
-41.5112568897894
-41.4432577136904
-40.3953966334811
-39.3445363095379
-38.2478446820169
-36.3027152414434
-35.3416159831104
-31.3987083123066
-30.6374153411889
-26.6264991909557
-18.4331021863618
-14.4945047722867
-11.4622189955844
-8.29645253364288
-1.38072283509973
5.49819519036828
7.3648351037773
8.23268264037324
9.51022977959656
10.7128136293031
11.4270406579599
12.4351878838643
12.7265854326397
12.5875113879883
13.336252824025
13.3102538597741
14.3014811026369
15.3939434370695
16.5854917344404
16.6617046052706
17.6657565625501
27.7080602242204
30.6807273092272
34.3607957082568
38.1282938040094
41.5723604582017
42.944859381998
44.5737096170196
47.3585391899105
49.4441211803351
51.2752212904743
55.4384747316362
57.7390619511716
58.4388884002692
59.4404569139006
60.8365684024175
61.5245831889915
60.1581846432528
58.4056278651697
57.5129249358433
56.4337224098272
54.4334753346629
-14.5637709321454
-37.3880390820559
-41.4204895290895
-52.7191599800135
-59.5445477499743
-71.3653448822442
-86.6230111970799
-109.613635636517
-118.693565263296
-123.043316754163
-124.655991122127
-126.159337597201
-127.481695837108
-127.713554349029
-128.629256112268
-128.713740227511
-129.626977511914
-129.462891138392
-129.466449033935
-128.459932878381
-128.62459965935
-126.578840780305
-125.065637360327
-123.196796751465
-122.82088459318
-121.65741596208
-76.3308572830865
-75.5009001620347
-60.4058389912825
-57.2250930939335
-45.4756965424167
-34.6380196727114
-32.576044946094
-24.5043432967213
-15.2845557250694
-14.1951052512886
-7.49329754058272
1.25820509942423
4.31261155524408
7.49531243649108
12.7195138088719
14.8600023361214
17.7388528055453
21.480118258798
22.3678677738062
23.4286964389321
25.4778285756765
26.4031335894251
27.2817232600064
28.3333344368148
28.5038041028893
28.4168529335002
28.2416104585573
27.4772683720803
27.74025255171
26.4950090308848
25.2846522649634
24.6147118964582
23.8830230825406
22.586008174083
21.3831051231246
21.7725140920084
21.8939817697974
22.3607627846068
23.2176553660538
25.4798398354324
27.2599060785142
29.2200222514512
33.8005861482816
34.7942035248852
36.2487970869988
37.303699470649
38.5241161169834
39.3347910773591
40.3286358271725
42.5009988329839
41.4413588260068
40.5412150761113
39.8388650788693
37.7150090320501
36.3911063704873
35.4716685203603
34.6216906202608
33.4886468597688
32.4467890689848
32.6247855764232
32.804088763718
32.8225074047223
32.5020085172728
33.245084127062
33.5464619146078
32.7956416023662
31.6554197164951
30.7650674470642
29.9670276619727
27.7502981950529
26.4785863362486
24.4470445764018
22.6474085873633
21.9249259592907
21.8136853692122
22.5970500068215
24.7868853480322
25.7431691495294
26.2795216310478
28.2509409130435
33.5669109759619
37.4857750933152
39.1330413100659
41.1226056294981
43.4355002983939
44.4280120237381
45.1989436588483
45.3854812768986
45.6004277791362
45.5091402304242
45.5351979285479
44.491544521763
43.4556604541722
42.8260217517382
41.851657095307
40.5704263127991
39.7900380832725
37.7058605561033
37.2651296712575
37.5192320864298
38.6911824714043
39.5009951352258
40.815017369343
41.8345827492303
42.5087889071438
43.8800728293136
44.9582857087371
43.4345383063192
42.4987507198239
41.586928337696
39.3730287660728
38.5549686027807
37.4705505534075
36.1556321990211
35.4943652448128
34.6601472964394
34.30038829759
34.318093561742
34.5442322623567
34.6424077011761
35.7273278810317
35.561736619391
34.3262083687587
33.2876848388114
32.2779720468679
31.3999691733043
29.5318976038252
28.4239252169209
26.3770342257631
24.3995347057353
23.3294630623714
23.3341171254287
24.3148434661853
26.2806430694473
27.3094941624731
28.1472820138442
30.1497469970782
35.5703835387249
39.6621821796289
41.3830119428458
43.3611468785675
45.4390926130582
44.3681248461362
43.3560150255216
41.5987433573464
40.8426540675573
39.5449722581543
38.2103845873498
37.5749946472351
36.8242485945811
36.5996956162853
36.6272784118773
236.627278411994