200
1821
0.176232323287877
-1.44177891599247
-3.73009650614767
-3.75780895321441
-4.44617254430341
-10.0209493582079
-16.0308944782591
-17.6628759899177
-19.0507368469262
-21.0197162379918
-21.1733742151118
-20.4985068607493
-19.1528092989174
-17.4797674041474
-14.6669555417466
-10.9045657018432
-8.34461629435827
-6.11656384883827
5.86064525720576
5.52240653316403
4.15395039052964
6.67533717578044
9.74281542919925
11.1399667805235
12.4307552421378
11.308110084181
10.5776340398443
8.42268352862448
5.38408826504019
4.69900016596512
-2.32927885215759
-9.94722624406859
-11.0351461551327
-12.2286752372602
-22.791256862256
-24.7896969766589
-24.3232601299242
-25.8579754550592
-27.7729104477621
-26.5775686189882
-26.4244710610074
-24.1969659678871
-21.3150554865424
-16.8137940744346
-12.6877027166629
-8.27632410226215
-7.1010342488662
-5.56133823977871
-3.67998850712684
-4.33260636992054
-3.87620998576676
-1.05421660810316
-3.45781903684838
-6.34379904899106
-7.84947326597467
-8.6699071838957
-10.1174240624969
-11.5922060793819
-20.561563002906
-22.4738331601257
-29.0263559180603
-29.1216570270481
-29.1475730652455
-32.0533812773647
-33.8871256150887
-33.9946148330346
-32.1871022156556
-30.8602222133486
-29.7503373205836
-27.6304337648617
-21.4424743653799
-21.8570835418068
-14.5190553569701
-10.7100390390988
-8.30189354272443
-8.1910161763808
-7.69785306664562
-6.71596545293141
-7.20466044683417
-8.19218517269474
-11.1987909258605
-11.2484556657582
-10.0388383932441
-16.3770491494506
-24.5635292894149
-24.727992642991
-25.1594349353982
-28.8277708877577
-28.4416990935861
-26.8970821760013
-26.6116497304465
-24.1280320610094
-20.6638904814317
-18.7172053690301
-16.2354537056235
-13.8117112593027
-3.79651397514681
-2.96192029761369
-0.421742590235226
2.60693057085155
3.77417083119872
4.17085606788169
5.29245565849851
3.73462774276777
1.9025789029256
0.98992856253335
1.10973116496825
-0.528231920818143
-9.3425322741823
-14.4595762773679
-15.8250150978565
-19.9894699671131
-28.6770726834075
-29.8519175575639
-32.2502566968324
-32.5184689078596
-32.9181228061207
-33.8543806123198
-32.8403526525944
-29.2800841372809
-28.6842080731294
-24.804411045945
-20.260682297725
-16.7028361484117
-15.1443962015474
-14.3060744338582
-13.2188050946279
-10.5033489011985
-8.55351652373793
-10.3733808692486
-12.4058286791987
-13.3869706716796
-14.7828201168595
-16.8647250989161
-19.2573895650567
-21.0905199150438
-20.3311417482328
-22.7770942691131
-26.8091726757702
-28.6112071411917
-29.7186015743937
-31.3641947088181
-31.4837543936446
-29.9559106095112
-28.3351488055487
-28.1733323716617
-28.4403014429845
-27.352912154427
-25.9407449825376
-21.675648021017
-17.8242613445327
-17.0946027691825
-15.5272977221757
-12.9195121844677
-13.4886813175253
-13.6258402110107
-10.0252877520106
-10.098954622852
-11.8176709167165
-12.4239362552034
-11.8235318811639
-14.5166949764971
-16.2209420070576
-15.9754577226558
-14.5263434417575
-12.4149128546851
-12.5290476377559
-12.5769627340778
-9.57086063826864
-8.33252737330622
-7.62240908631793
-5.17200796894758
-3.30930413572423
-4.55578885490104
-5.71889844756515
-6.1609087813049
-6.27044273537467
-6.45421706383786
-7.69308923696371
-9.27399713314662
-7.48419031597587
-7.91043352029374
-9.72701481437252
-9.41912577998301
-7.53938310052763
-6.80221321291901
-7.34646030826843
-7.30496039937861
-7.47985158600204
-8.44459949508018
-11.261548982613
-14.3989257841604
-14.9655112970358
-16.1109155388549
-17.9440721898281
-19.2146165197191
-17.540988292807
-15.5610872261605
-15.1380427116674
-14.249711943994
3.39907485351432
16.9914487567148
21.8192348441517
44.3636635350995
47.3939806040144
59.7449366311193
65.5673775309697
72.3607980204979
82.6241542709759
83.991517816321
84.3953537645284
86.3728442334104
88.6561640505679
90.3715085549047
91.131091592717
91.3960354045266
89.0509182790993
87.2002298648003
86.3148479568772
84.5376363027608
82.9392539053224
22.0270243208506
3.61129372083815
1.56441365019782
-12.8938178870303
-14.7055807386641
-20.2919454025396
-20.7546949627576
-24.2167849311372
-27.6376880886965
-27.1013003410771
-27.9583667943953
-28.5962202756491
-27.0477200815803
-27.7547859313781
-27.7317581117677
-25.1575828505738
-23.2486409671837
-22.7496354159084
-22.0757635670598
-23.7632378461421
-24.7634396021022
-23.6298511629284
-22.6738268788613
-21.1226246687584
-17.2791560540791
-18.177798085846
-19.4007932257664
-12.4413772300904
-5.83584299640643
-4.98711689832271
-3.05034971857458
-2.13658774115902
-0.593812629511376
2.36665158611504
2.99036375202559
0.585979762054194
0.364004308300537
-0.656330126518696
-2.38262751988077
-3.45490985675497
-6.56818556331564
-11.1478573009372
-11.3935479728971
-12.7409103535465
-16.5487939201121
-19.3556807073765
-19.4943066940759
-18.9493904328556
-18.2871400204021
-16.8141894623113
-15.9365461155539
-15.5436455132585
-14.5892501158378
-13.491517930277
-12.9220951589086
-13.8320436755457
-14.8254330125928
-15.3149657997274
-15.8441310018825
-14.3976206506923
-16.1050515307579
-19.547124312754
-18.2120839931013
-15.8196420138702
-16.57464042629
-18.9281719684368
-18.5621679707838
-17.9628312697459
-17.3944173903437
-15.0226177243749
-13.4187591127411
-10.7896016352897
-11.1060585910454
-8.48840254478273
-6.10808484725567
-2.35029984246648
-0.720422089716521
-0.456028625681483
-0.000641383016954933
0.692860984289837
0.950283211404894
-0.30752170762571
-2.00591539385277
-2.87350167056866
-3.51378677882167
-9.95337944877974
-11.889288612685
-16.6236013697635
-18.9832848999067
-20.6591675648524
-21.2498207240424
-22.8216252066777
-24.5489728780231
-24.1539180235704
-24.7533378820808
-22.3060885429441
-17.6783369490004
-13.4610111722868
-6.78217730718461
-6.76900263211428
-5.40113821502746
-1.67906244376718
0.716880609234067
-0.0476897417247528
-0.0424961078180104
2.24677231007081
0.642749536120391
-2.89866240232004
-4.73011361813406
-5.3545642083991
-4.80766495871649
-5.50168905615283
-9.81415018321422
-11.6964536137093
-12.8294318945118
-14.3534598288097
-15.3263914632989
-13.0903648608655
-8.6670309073379
-6.8294357806808
-5.08365407411475
-5.19241766518826
-4.13890770954458
-2.59300436024932
-1.48354129011568
0.656744394516863
-1.03744057703989
-2.95263051434813
-3.05931435726598
-4.18458906091109
-6.24392097927193
-8.31646800821181
-9.35091442691919
-9.55467634716479
-9.26577881695994
-9.76079717827088
-11.4942361952999
-10.7501441406348
-9.15118700529274
-8.85820206681092
-9.33771686448017
-9.6542509005958
-11.4472859175294
-13.4686484896083
-13.8245329530328
-15.2588386643765
-16.1166742802598
-17.3567289158527
-18.9756002564973
-20.5691100326076
-21.4913406947453
-21.132277983008
-18.3275003234157
-15.7413315893064
-14.8922363673337
-13.8602713846631
-8.68394198489841
-4.88988458189851
-3.34306316662696
-0.602448050471139
0.698614633953184
-0.324271008194046
1.74566988638617
4.41165201432159
5.03324191052525
4.46188482110301
2.60841022281602
-0.150865745828924
0.490645880910961
0.697136055614465
-1.85484227849338
-1.909117675792
-1.68249796965392
-6.65039159973821
-7.59200805646833
-4.62189307493827
-2.68978852255168
-1.99597093576813
-0.686741735469695
-0.743900495553135
-0.316630893667025
1.74981520932488
3.06660594536515
1.50889984643982
-0.58776852464689
-2.4932700506215
-3.12978833502711
-2.47620686333175
-4.3868427976995
-6.93101406895585
-8.05858000290755
-8.40851296535402
-8.26244665360719
-8.47512035310501
-7.56559777126677
-7.22466884234018
-8.22716549433244
-8.76412514722324
-8.13247611427505
-9.49376956335618
-11.2909903665131
-10.810438226501
-11.7050503986975
-13.3423193965136
-16.5502399028337
-18.9025128004723
-18.5684635845246
-18.2293660251598
-18.5586757374404
-15.9945286471484
-13.923006383091
-13.8890626142093
-12.122112909492
-6.55903900409612
-3.15610000762899
-1.49293051838322
0.338129581026806
1.22197702231279
2.65059969463255
2.83489416482917
-0.697010207575659
-2.47501764714252
-1.58321543041711
-0.425591185581652
-0.545838717193874
-0.579085573101111
-0.0233452167803989
0.106499872667882
-0.161902724516494
0.115959498502889
2.12799845940026
3.49011756610707
3.42251096466134
3.55908356391956
4.44397430594836
6.06471130585851
7.96155208168057
8.30264865704521
7.55677525602368
5.81594874658185
3.08662873944922
0.0671497894800268
-0.874679499424019
-1.34389758158795
-13.428264029877
-16.0083908582747
-18.2917382433661
-19.72260667308
-21.0704285173852
-22.5173307857185
-22.1863767321047
-19.8539117315086
-17.2606136598042
-15.4390166054945
-13.3174415952963
-12.1580507167673
-13.0934264902608
-11.3032563420566
-8.68535532942042
-7.41348113220738
-7.17334251483408
-7.19503423058632
-7.56591453438887
-5.50722284879157
-3.20055077556026
-3.17503088690501
-2.57354545137787
-0.256647368441918
0.767957316338652
0.747636209927805
2.0662912176449
0.55315690732823
0.0733146482612028
-0.14056509603256
-2.06230871519438
-4.23284044652246
-4.86055059397768
-6.20706640151184
-6.83845121356717
-9.51967092591804
-10.0502419840777
-9.09944579990406
-8.57223867785069
-9.81420504795096
-10.7101533524547
-9.11970093863783
-6.93959115966572
-6.17441388605948
-4.98610166055732
-1.41129448365609
-0.883481564134854
1.35236592165529
3.7178959675075
4.72488982179493
5.40726368627656
5.44662608848012
5.90104431047075
5.15793594358547
4.9573328589031
6.0854622109473
7.45706870153663
6.45577099323418
5.36751355404704
7.49815839820076
8.59715930481616
8.98170962990844
10.4194537164003
9.38814022536098
10.1485693895083
12.3200380974013
11.5348937191011
9.87043338250078
10.4867793637677
9.29479031242954
6.68533491148992
6.03253841950209
4.75044407239329
2.93509878731129
2.13852671967106
0.603216401115787
0.961580539637907
0.0558589604652298
-5.93584291950538
-6.92995873140171
-6.94098098191171
-9.46397661176161
-11.1925218712568
-14.8047940839606
-18.1861886754923
-21.0281758402416
-22.8350654482201
-24.7585999852163
-25.8745786341897
-28.1289173558471
-30.3308651547413
-31.7495540400269
-31.7203353781952
-32.3989879123983
-29.9474602665578
-30.3160406835668
-33.0101731945761
-31.0184772401408
-29.6262357088854
-30.3632221308362
-28.1594286014151
-26.0386759912944
-25.4878936437308
-24.013487503631
-24.0038027281116
-23.6129794787848
-21.236345135083
-21.6635111227806
-22.3219376273337
-21.1438705025939
-21.082848908467
-21.5333263057109
-20.1510382446868
-21.5381044354872
-22.82214465781
-23.2711162319465
-26.5769506309298
-27.6855729345116
-28.5466027287184
-37.0603589824168
-40.5487303326372
-41.7717514375108
-46.2967284537735
-49.6617599339224
-47.0494171958417
-46.8157051599701
-48.9230678732856
-51.109682378883
-50.9081338244141
-50.1524896856863
-50.3162908511586
-49.9583118624869
-47.4155415921705
-45.2329777793493
-43.3488953327178
-41.4345827070647
-35.6711576744565
-36.144398718141
-32.8348581751343
-26.9564503928123
-24.9921331912919
-19.613635102025
-17.9935715025058
-16.4503416586085
-13.5799727032572
-12.1331427143887
-12.9308055273577
-14.6440932066616
-14.8958939406439
-13.608065167442
-15.0594365587749
-17.1652853125415
-16.8709210938541
-18.3103953444806
-20.8490941974742
-21.3058262372506
-22.9565321879345
-26.5977204694937
-31.1968205394805
-31.2824134932016
-36.3431039681891
-39.6092324714991
-45.2225571746822
-46.3855468427064
-50.3229517693399
-52.9226564427372
-58.2216433141148
-58.5247250112589
-62.2564937031129
-63.2799162676092
-63.2355556596303
-63.8625820446759
-66.5746279148152
-65.3310120552778
-65.698250292684
-66.1026445586467
-65.5746649669018
-67.1284147287952
-68.1805936215678
-64.0980622548377
-1.16264552169014
32.512186100299
51.1606756323599
57.3665453023277
70.6397071111714
81.8878831238253
86.8562038713135
87.6787672486389
98.9931627019541
104.75603617297
108.166244907072
109.571075183572
109.215896344627
111.54737183312
112.500095233787
110.60043378768
109.635885279276
111.409609594964
109.773908945732
107.843583115493
106.537784452434
104.742055508192
104.075066205696
105.105302171782
102.513038966688
100.642969517969
98.2204387983074
93.3865122349234
91.3836221379461
86.8367851123912
85.366271236795
83.2825205284171
80.8147296528332
74.4851923324168
74.0893194451928
71.9424691707827
64.9671655143611
64.3480288005667
55.8719335625065
48.6785828360589
48.8055833558319
41.454800800886
38.3572638890473
30.5907911098911
28.8733744462952
23.4377173758985
23.0976339379267
21.1174580114021
19.8004376812605
21.9636594545154
21.3612547503435
18.5135167223925
22.1405414030014
25.4654153728625
26.7495731578092
27.8614024780982
29.6870713855897
28.912238515768
30.5425390131713
33.0119543509209
32.77567209478
31.2809057720879
33.2927794337156
32.8098584348336
30.003747936833
28.1042649252922
26.4879583608126
24.3303338772967
22.3950815321004
17.5560084093013
10.8421661716275
7.80968247706187
-0.601405897192308
-5.38559753359732
-7.08107223285333
-13.3061262226547
-17.4462443220254
-25.8781169488502
-30.9560874746821
-31.9097316691768
-38.1746873248485
-49.5016117554042
-50.0464730479871
-57.5561033447157
-61.6415387998568
-66.5345153616508
-70.2323656807421
-75.1049618453253
-76.285533393384
-81.7340188412927
-88.6317206354579
-89.8413953579729
-92.9882324910723
-98.9419541043462
-102.022541689919
-107.152962440741
-110.0207907937
-111.774900519173
-115.718270047917
-118.746156748151
-119.06647071545
-123.392954002833
-125.627311668592
-130.855308720376
-134.774987449171
-135.693347516935
-138.882764392532
-139.925535177113
-142.879743406782
-144.725787440315
-147.146573888604
-146.222734583076
-146.176888826769
-147.947524530115
-147.688504214631
-147.790863917675
-149.971729980083
-151.885265259305
-151.078463416547
-150.96038654726
-150.451681348495
-149.764416385442
-148.857837888645
-146.638710434083
-129.410613396904
-126.172517188708
-125.663929591537
-121.226367725991
-116.312242909102
-108.142303982633
-69.8681038513314
-67.0962207043776
-56.1079362181481
-49.2487594793784
-48.1845793217653
-45.4604518561391
-44.5176161614363
-43.4123693180736
-40.5826341220527
-40.7665252224542
-42.7415985962725
-43.2819152628654
-42.2283145338879
-41.1805893150158
-41.1434150673449
-44.5284609398223
-44.8506339155138
-44.0797513104626
-46.1696908345912
-46.9943596473313
-44.3318980429904
-44.9416125364951
-45.7934790579602
-42.0590580468997
-39.0556569349719
-35.8702242063591
-33.5241587570636
-29.2269927708548
-24.6764016734669
-24.4520836348529
-19.3138493709266
-17.4280997735623
-14.305858690248
-12.1873000007909
-10.054613037646
-4.7034686902407
-3.07217191527161
0.927549904154148
1.65462214390755
2.01766033624881
2.77069357524306
4.11847448434855
3.36312215355429
3.88660918621099
4.04117151277023
4.37501985162089
4.70815488867083
4.56089670063375
2.27689769590506
1.58402867654149
2.12666430098034
0.476416012907066
-1.29112419560261
0.684914952775216
3.47565767846027
3.75557624656722
5.32886903927283
7.03186340189131
6.4742036846219
6.98562997561385
8.58217543587671
9.24015015686746
11.5471281383943
13.304212193194
10.8383444191713
7.23987669497728
5.50990769259079
3.40969658182803
3.18819490380338
3.50719129486242
-10.1729046730179
-13.976798545802
-14.1914095008251
-14.8117414077569
-18.1343899431522
-19.6403265654226
-18.0805693639268
-17.0311289460806
-16.1715653393185
-14.5396530573053
-12.5956461961323
-10.0755507329159
-7.8691620274185
-6.15353224714636
-6.355141023756
-5.11798488039494
-2.80684316273619
-2.3936792716886
-4.60224253985507
-5.27884457891923
-3.77015748523627
-2.69739079495412
-2.40995528598796
-0.290394831572485
2.64194652058723
3.47387648647054
4.2657305125249
3.22100262985987
2.92357938934583
2.38068290155206
0.0864715083844203
-2.2038161745113
-3.93881839153255
-4.19672645307583
-6.13690770880203
-9.37719627676415
-13.5636343177175
-10.7832420847408
-8.7216247459437
-8.39352370415872
-7.91393305300153
-6.41296648311254
-7.78429961191432
-7.79567441497784
-7.96586629150261
-9.70404369631433
-10.1242772086116
-9.15244548590272
-10.9735191693908
-11.397274297633
-9.44017753783555
-10.131094892
-10.6911438122042
-8.62062410188082
-6.4001924481563
-5.45851251218119
-5.05655308177666
-4.87458328484354
-3.63146762147153
-1.33902978001424
0.379542013895843
-0.1965222189001
-2.399631649394
-4.20835130255728
-5.30365961811913
-5.51769597622479
-6.47391794439318
-6.15694666187483
-7.11530883322121
-8.70285783882719
-9.31061746290652
-9.92512762382103
-15.9791952377709
-18.1409668736742
-23.6758687424008
-24.9481641257298
-25.4740524754452
-26.7381200868113
-28.3659141969692
-29.9653695516754
-29.3901910095592
-27.7395770406874
-24.8827740561101
-23.5282629161084
-21.138186341268
-14.3878981661401
-13.8720096073084
-11.2582843674463
-9.05682794714812
-9.21633532670967
-7.67365914813126
-5.15496571255062
-4.16122685060691
-5.6723377927774
-7.7671710252398
-9.75771534406522
-10.1794746884261
-9.42640872689663
-11.2540853608516
-16.4782957916032
-18.3538345044362
-17.8655631009315
-17.1426406665705
-18.514301083138
-18.0288371466158
-14.3282688744075
-13.36776563288
-12.1302426161856
-12.1511744596064
-11.7977427580627
-9.88983804247982
-7.12573536189302
-4.66294747865322
-6.45874747286143
-8.18333990324754
-8.92609762609936
-10.0644200208189
-11.0994265506451
-12.7189592376235
-13.6824387877277
-13.9952574033668
-14.2696379752306
-15.3559500116098
-17.4513027120556
-16.3451629238261
-14.1635615296982
-14.19090341228
-15.2275184524769
-16.1594436121813
-18.1650412719464
-18.4993478360411
-17.8334136433259
-20.873115542694
-23.0096738898719
-24.8672738054884
-26.4749609871069
-25.6883030630124
-25.5757480507018
-27.1239387324604
-25.1228527665662
-23.1902852094499
-22.9457340362715
-19.7124774302356
-13.6051774814114
-11.1641052374616
-9.32380917517003
-7.12751420319546
-6.30622744744323
-12.3532477372792
-12.9852827608702
-14.7566777933534
-18.0045781500812
-18.6739069484465
-20.4709768662869
-20.6135221564618
-21.5035850698769
-22.8151275980345
-22.8459479074518
-24.3154260149167
-25.554400522029
-23.8637622929527
-22.6385135658202
-21.7727471245453
-19.6136029943882
-17.7119229625678
-17.9878404891351
-19.1054520432663
-17.1427871640772
-14.3207557710703
-15.3482170238858
-17.4997021050949
-17.2388385142258
-17.2013755147345
-18.8176558056439
-17.4287164665002
-14.9099924895272
-13.5009673037421
-12.6189764482842
-10.3130522900901
-2.09359369993035
4.9282243638736
5.80179056739871
23.0268501210085
27.354038353049
29.6890155536239
37.0238724420196
40.517120399687
47.675768517016
49.9476389521733
52.158304699813
56.6582682394073
60.4146686472232
67.8719133847626
67.6204205085523
69.0301365979249
74.314131496707
74.3204376721988
73.7784213048872
76.2091123501305
75.4055869065924
73.3223922052421
73.6918062341865
71.3517031968804
67.8046525092795
66.2287848477717
66.3560321262339
52.0819099302753
43.7544524348341
33.8741217346978
29.8789358323265
24.3448284604819
16.4457337149652
15.1163455645583
6.12834248349827
3.71410350434235
0.670470060147636
-5.96098433014413
-11.5096215132216
-13.8207211365661
-18.5617085915874
-21.1513914071547
-25.2983157231065
-27.9912708204356
-35.4828166778316
-37.6655247096205
-42.9633236945956
-53.2826352122356
-56.8800522728707
-63.045602667029
-64.4656233263668
-70.5277829623083
-73.6402963183355
-74.3595636546379
-73.989160991041
-75.0971543638734
-76.7526064690901
-78.3224245734746
-78.8354709509294
-78.3620979372645
-80.2461566544371
-79.6819976693951
-75.0188428839901
-73.6466334906872
-74.3121121559525
-67.7726291725412
-47.3775100194034
-15.2450190788368
15.0243150343595
31.8038451113971
32.2687579116318
45.8941303589963
53.6324109879206
59.2784539270797
68.6831101687858
70.6731039516162
95.3880434880266
103.317138861166
115.722189610009
135.778672160115
140.808729858603
144.402843044139
145.684114756994
146.302240160527
147.533146310598
149.031223909697
149.371912806761
150.028115595691
150.66272416315
148.981947427383
147.129957327154
148.185281165177
147.884615686722
147.068594093202
146.092874353984
144.449322171044
137.951831336599
137.703523068922
132.617881172802
127.575707687298
125.5641369113
118.717950476333
109.875116339768
106.305037266575
89.3917430996662
80.1253781171981
74.0811565453187
67.3770891290624
58.3868326634401
53.3668903267826
37.2096260381513
33.8016988838208
17.4819129760144
17.7506375771191
14.283400669301
9.10802980372682
2.46466046388377
-4.97778266276146
-14.0472347666946
-20.1137838791183
-31.089016793092
-31.3261288894573
-36.2126690786681
-38.9596083858632
-41.502075921162
-44.2636921926751
-46.2784163710894
-47.8551375591778
-47.2607991455588
-45.9107167090406
-47.6432337922743
-49.344519192935
-45.6655235011131
-44.2327270534588
-44.9918547708658
-38.1920437621302
-19.494769689627
-17.9820181489631
-14.2857291652763
-7.45045470247715
-5.63515016216115
-9.29966349359893
-9.81958234413469
-8.71261519030668
-11.6230742723565
-14.2920291519695
-18.7438524841855
-20.6648628550465
-26.604837234685
-27.037405562296
-27.9329761765839
-29.7189696244895
-31.0046705102141
-32.4724888741039
-31.0063792843139
-29.7966638566577
-29.5440174428222
-27.459874043765
-22.1028019042278
-15.8171793309011
-16.5945296755817
-13.1255343145021
-9.79581386041536
-9.40261320318677
-8.65218356336118
-7.78462628315901
-7.28759945303318
-8.61326576780993
-9.57817410642747
-10.0389912448445
-12.0954702138115
-13.5959226762498
-13.7904265618854
-17.1614409466856
-20.1416459268657
-21.871956666233
-22.5365247811424
-22.399965129327
-19.0245447916968
-14.849083324385
-14.7392817930086
-14.2503520993341
-14.5392445472826
-12.1844540553575
-9.33346254414937
-9.36281348795455
-7.93435926225357
-7.65425515091192
-8.62710983818397
-9.95385829395673
-11.6708387459221
-12.9868397235405
-14.1587837259576
-15.4474542280223
-16.7325812607596
-16.9751256801828
-17.8846094199689
-20.1596257318452
-19.7579732606246
-18.5792253314576
-17.6746584141802
-17.2525769138883
-18.041613590467
-18.8972134060168
-19.48700682458
-21.9939490172837
-24.693851789867
-24.0350599012745
-26.6789830297057
-29.5706473817118
-28.2691993622575
-27.774415314052
-28.446324860357
-26.0745093691803
-24.231817483902
-22.9691237498191
-20.8523060783045
-17.0055245961412
-13.3261737946741
-10.2009676950838
-8.55300308973528
-7.25359566275438
-6.17169259326329
-5.65717290399334
-5.97571377974236
-5.36508516051254
-7.13975722842588
-10.8110224178818
-11.9549135689158
-16.6384138354333
-17.8788930121809
-21.988308942382
-24.1173185197695
-27.7041439815657
-28.0716895759397
-26.2071640855575
-27.7394099025114
-29.1369806336588
-28.2566290071991
-25.3362179790274
-23.6525148377987
-20.5750309553696
-12.663234511725
-12.1613167035975
-11.7391280184238
-9.61547421576688
-7.22150658756436
-6.76295832209144
-7.11525474025257
-4.95549571578886
-4.75563204701757
-7.07813927754614
-8.99383780786593
-10.6983918225014
-11.6565965075133
-11.989235789777
-15.3143622563075
-17.7346092882508
-19.2657766657067
-20.8009965160745
-21.5007661519921
-18.2554737136816
-14.8049911692069
-14.626545082152
-11.4251088391902
-10.3902133135853
-10.0138689940068
-8.09553462847543
-7.66001234310534
-6.50196922536998
-6.33302320925577
-8.06145712157013
-10.0989997638681
-9.86633727613662
-9.97930211323546
-12.1436784003017
-13.1008747074666
-15.1762345566967
-17.3298816807801
-15.7387403853209
-15.5985658467107
-17.224072305311
-16.1053139335127
-13.7270249108842
-15.1467442903522
-17.0728353956074
-16.7187697638292
-16.6181939685193
-18.2861604937061
-20.9612559516099
-21.3280295128934
-23.3332357731706
-26.9212384017883
-28.9141833830217
-28.1673520053155
-25.8008900897694
-23.476066076546
-23.2192042485694
-21.9933416053245
-19.1167018525011
-14.5327566188644
-10.8824773147935
-8.52652865127311
-7.47250581123808
-6.84338522359758
-5.93472604348062
-4.4486244143045
-5.57129930610972
-5.85397471403121
-7.42883393466764
-8.97980837179057
-9.40351910774189
-9.7256157433585
-9.34129765348916
-9.31663412325724
-10.0846506233938
-11.1984060737595
-10.7789664730226
-10.1314086036291
-9.65394371202274
-10.3399712596147
-12.7324749177205
-14.7112876910396
-15.8575872957881
-15.0220632683049
-16.2171984621382
-19.6003243757877
-22.1074549466139
-21.500651309645
-20.1373050713446
-19.429340533854
-17.5850768325909
-14.1782614555123
-13.2892669100402
-10.1355507365952
-4.74083343370148
-2.65239531142652
-2.08854126251026
1.73636020748381
1.9095128717745
-1.48142488605299
-4.1011150405684
-4.32259424470976
-6.68349277682864
-8.26739485934377
-8.95222392668074
-9.38578218370094
-10.6820652661263
-11.8032992933586
-11.7744348346896
-11.3982409042364
-12.1283846458391
-13.2663602491375
-12.9236582359736
-12.9004404009611
-11.368130987772
-10.8013132172346
-14.0547055483185
-15.6064546865528
-13.3859507030429
-14.5036044623266
-18.9677877128124
-18.9371359825018
-20.0312819645333
-22.9844301120611
-23.0649304142571
-21.8778360199358
-21.1518640269642
-19.6296975603036
-20.279235569993
-20.6786353091302
-17.1644322408247
-10.4825801164698
-6.78215690353682
-5.51328816127352
-4.17943759855552
-1.99665725953673
-0.697782838618878
0.962965728876952
0.225270816436023
1.54077232857344
3.95839531640377
4.14628275180439
5.36518174049706
5.30221404720942
3.57502872706755
2.09934885895564
3.82155471096485
3.63692785401145
3.10911282975576
4.05797898087621
6.19000060392864
4.9461202998209
4.055674923693
3.28479598341437
1.96111567371918
0.872903519290048
0.441865301515918
-1.17521301272791
-2.46439120982905
-2.97790043107307
-5.35301082310616
-7.76945361324033
-6.36195582704386
-4.24585768875113
-5.87803547016665
-6.98089695977978
-4.23766185068234
-1.7180575941311
-2.76882180571556
-5.20210061842954
-3.93049697304741
-3.06802460809558
-2.25002073280484
-0.812528271482734
1.48990555090859
2.54198778522186
2.69457644867725
4.94531203274528
7.99176906747743
8.80659900547471
16.8626736942388
18.6658307421603
19.7146361084888
21.2112514630135
23.3012341110443
24.1118021642033
23.3900033347018
24.9941458215762
25.3607492468436
26.7623738594702
27.4684482629527
26.1041338985669
24.6929044898134
26.0995174763666
26.6830632724741
25.1214707878535
25.3854030267685
26.9669582049246
26.8251461051987
25.7815724543179
26.3979041576968
27.2647695842898
29.7432796270587
29.2178592841083
28.2310355643276
29.1144274391118
32.8432941410574
35.6547388745821
37.3037355692941
38.9074607812217
38.4875007045921
38.6866501193144
40.84270362393
41.8631390691153
43.7285691685393
44.7031580333132
43.9936754320515
43.0471024445142
45.4814713752712
50.2703142043902
58.7283196868957
61.3697252774145
65.7461751673836
64.8421702180058
67.360147834057
70.2372483627405
72.5937895053066
72.6690093533834
74.1993144063745
76.2319928387878
79.5416995470878
80.7329325858736
81.5736291850917
86.1095467093401
90.3719773879275
91.0326222651638
90.9586462613661
91.9864896149375
93.8416810494382
96.4316831685137
97.3718673966359
93.9925548239844
94.6165985851549
95.5430979485391
91.8482697204454
89.311304289964
14.4119060359662
11.0909432782209
0.0813651003263658
-1.14142894156794
-10.4692382140347
-19.7321675728599
-25.5594892820809
-32.6692120700609
-35.6992803394678
-35.2829381056363
-42.2096144499374
-46.3541318177595
-51.1924493004917
-56.6441879643244
-57.5367470377823
-63.8069683054928
-73.8180322343251
-75.6579495772021
-77.8531546738232
-79.9274246660061
-81.1668363038916
-81.8401752619538
-80.3393221449805
-82.3773809128907
-83.6038281001383
-82.099936651648
-81.8947693939554
-82.361977620516
-79.7925391667522
-77.52778027975
-78.725221578381
-75.5079205461079
-72.2701212281827
-65.4113641473232
-57.5880492620054
-55.9752059797756
-55.3197785457596
-49.9906848652754
-36.7692459918908
-30.4861812272866
-24.0783036565699
-14.1568003192806
7.46381862107955
19.053722396231
27.9231150330743
37.3732907000813
46.7888288554386
54.996587691654
55.5587041640538
61.0428247123491
66.0841447070707
73.8737385051791
79.4130777334794
80.3075360782677
81.4980713715777
83.6212009489536
83.7033242682228
84.8969311615219
87.2013954767026
84.41216991283
80.7430266558658
79.4794102800079
79.1314272468444
63.6413467403036
47.816023886553
17.3739575176733
16.9204395426204
6.52487994552939
-4.63304198785045
-5.39831208721444
-10.4203111844981
-17.0310963634693
-23.6683617662638
-27.152712601528
-34.8144838266307
-37.85433963791
-40.7236075813416
-42.7672576729092
-41.8947875620215
-41.667979047983
-41.4833984375
-40.7221945405472
-39.0845311572193
-39.0638619857491
-38.691306668683
-36.8574567009346
-36.9074583685724
-32.3345634442521
-29.8974253530323
-27.3786739668867
-20.1972003562259
-14.5208399687253
-12.3763904313673
-10.0289589354361
-0.149375596040045
6.44689848950657
5.11296149187547
6.47098510546493
8.35386587456742
8.84706182176888
11.1645907232596
12.5125669101108
11.4485239380592
12.71991683956
14.844561256803
14.237668045811
15.0292754416878
15.0845822465344
15.0969879321638
15.8578498937713
16.7741678989842
25.9015300890605
29.6063063837937
34.1114741364145
37.355351158476
39.9876394366147
41.4348690082552
44.2625125218765
47.8777840430848
50.0425651312107
51.9276034871
55.2787554626702
56.9453713804833
58.6806756142178
60.5648689822992
62.0582874780521
62.1603226769948
59.2772460560664
57.774064268393
58.2506068755174
56.3016051179729
53.9505027530249
-13.9343949698377
-37.5075333379791
-42.2657364289043
-53.0968622667715
-59.8939115296816
-70.9711023196578
-86.8950253423536
-112.233899384388
-119.298084661132
-120.734053630964
-124.711667347467
-127.654484549654
-127.258916623308
-127.679001293494
-128.771615597885
-127.863358312869
-129.221306744264
-129.10514911171
-128.696031200001
-128.720325566828
-128.963886427926
-125.701278993161
-124.26504151558
-123.461983736022
-123.779738692916
-122.369853200857
-76.3353913045721
-75.3762802388519
-60.1645105260541
-56.9251037877984
-46.0478595849127
-35.9956594455289
-34.1719180499786
-25.9983087402943
-16.1731814819505
-15.0051915958466
-8.05910722899716
1.49860042412183
3.28846444587907
5.42796626778727
12.4354784626485
14.0426052514667
14.6679997542378
20.110658660531
22.4913022393303
21.9204331603542
24.2474380390486
26.6173943879257
26.8656067274278
26.987861911708
27.1914726211398
28.2741168024659
29.0736194810597
26.8289584685408
26.1186763852311
26.3616008831596
25.3566809172044
23.7792552162718
23.3082024337491
21.6866803559242
19.5454838164151
20.1068525517185
21.286340990715
22.8283576963877
22.9951255164633
23.4155541903456
25.4386192419915
28.3389027979283
32.7246378478594
34.3893343596137
35.8823860537377
35.307051271433
37.06520492048
39.4241748295026
39.6239989980822
41.1220022892812
40.0500073610456
38.3829452599748
38.9693993505789
39.4561510381754
37.5854509540368
35.0001885915408
34.7153180267778
34.0356880686595
32.2477384859812
31.8513381699449
30.8132904093654
30.0712637549732
31.9564579741855
34.5823056038935
33.5833939769072
32.2033447229769
31.7966960211925
29.9787328040693
29.1090266751999
28.7969072375854
27.2336299859453
23.5852799631539
21.3724005386175
19.5355072389066
18.7867588222725
21.0048379831424
23.7256502489327
24.8960659547301
26.7333778747416
27.8946102887567
31.8319338487927
37.0892493676511
38.9019201950869
38.8920233128592
41.2837066351203
43.8973996347631
46.1811126614921
47.4842547475128
45.6943243534188
42.4760606320342
43.9088050392456
45.7326187917497
43.5624055304797
41.2678277178202
41.8461536825052
41.8038383876556
39.2699840416317
35.7637736597098
36.5227187282871
37.4519711601897
37.1945314330515
37.6031837807968
40.1866782754078
41.6485867780284
41.8061643777764
42.6476582311443
43.3657602770836
41.8236968923011
40.8262277961476
40.6041585613275
40.2455065558315
39.1813997377758
35.7631586403586
34.557875749073
35.0110658501508
32.9080069670454
31.9600016428449
33.3346253454802
34.1364873850835
34.392778402078
35.4667028836557
34.1780422833399
32.5175853393157
32.143888104707
31.4881297964603
31.3181969525176
29.8740882653219
28.1267553901125
26.6103988762479
25.8298042537353
24.3547705906676
23.9850766866875
25.1585442954965
26.1183455258433
26.4797331681184
28.3907791512611
31.0262380492641
35.4142953138798
38.1452588430839
39.4965640459559
41.7243468399392
43.8538700426579
43.3262875942746
42.831804870395
40.2675884717028
40.0059354860568
41.0236703170813
38.8508832984371
35.2212915479322
34.7562391686952
36.2452548258007
36.3496989541454
236.349698954262