100
2920
55,4503
48,3096
58,3595
51,2188
61,1805
59,5937
66,4698
64,6186
70,3487
63,3844
71,4947
68,9382
70,8777
70,4369
77,7538
71,7592
78,0183
72,6408
77,842
72,6408
75,8144
74,5802
84,0129
69,0264
68,8501
65,5001
70,3487
64,4422
68,233
65,5001
72,3763
69,6435
73,9631
63,5607
70,7013
63,8252
71,9355
61,7094
70,2606
62,062
64,883
55,4503
62,3265
57,1253
59,5055
53,3346
59,241
54,2161
57,9187
50,2491
55,0977
42,2269
51,1306
47,6926
54,2161
50,0728
57,2134
53,6872
61,9739
60,2107
71,4066
64,0015
65,5001
56,3319
59,8581
49,632
53,5109
42,5795
37,819
35,0862
38,7006
23,1851
31,7363
24,7719
39,7585
40,8164
49,8083
46,1057
47,2518
43,6374
50,6899
45,3123
46,2821
48,3096
44,5189
31,2073
28,0337
28,2982
32,9705
32,177
36,5849
30,6784
39,0532
33,4112
36,5849
27,9455
31,4718
21,5983
23,4496
18,8654
24,8601
21,2457
27,6811
19,2181
19,4825
11,9011
19,2181
12,8708
14,7221
5,55385
12,2537
1,49866
4,93675
1,49866
14,8103
19,8352
26,4469
17,1023
18,7773
15,1629
24,6838
34,998
48,1333
46,8991
51,307
42,4032
44,6071
39,3177
45,2242
35,8796
41,169
37,7309
35,9678
18,2484
19,9233
20,1878
31,56
42,844
60,8278
68,6737
87,0103
87,451
98,1179
96,1785
102,967
111,606
118,394
111,958
110,548
99,8811
98,9995
92,4759
91,1536
94,1509
102,085
98,2061
93,5338
93,2694
96,7956
83,8366
83,1314
83,1314
88,3326
77,842
74,5802
72,9934
79,7814
73,4342
74,5802
70,3487
78,5473
65,7646
63,8252
59,0647
64,4422
59,5055
58,7121
54,0398
49,9846
38,9651
32,3534
14,9866
12,2537
9,78535
19,6589
20,9812
32,6178
38,4361
41,6098
35,8796
36,2322
34,4691
32,0889
32,7941
38,0835
38,9651
45,4005
40,9927
39,5822
35,1744
42,844
39,1414
44,7834
40,1111
54,7451
65,7646
78,8117
79,1643
84,4537
75,3736
73,7868
70,7013
76,3433
80,9275
83,7485
82,8669
87,7155
81,3683
84,7182
79,0762
77,6657
70,8777
74,6684
75,4618
79,8696
81,1919
85,6879
77,9302
75,3736
64,4422
59,77
61,2686
63,2081
61,9739
61,5331
63,6488
68,9382
68,8501
69,9961
65,1475
66,2054
67,6159
67,1751
64,1778
57,1253
51,2188
57,3016
56,0674
52,5411
46,3702
50,6899
54,0398
50,6017
55,0095
60,2989
63,737
67,9685
64,7067
58,3595
53,2464
57,4779
52,8938
43,5492
44,2545
29,7087
34,0283
31,2955
31,1192
28,5626
23,0088
28,2982
20,893
20,893
19,4825
26,4469
24,8601
19,747
14,3695
11,4603
12,8708
10,3143
12,5182
11,1077
13,1353
16,3971
20,0115
25,3009
24,9482
15,3392
14,9866
12,8708
13,4879
13,5761
15,5155
8,28669
13,2234
19,2181
19,5707
16,3971
23,3614
25,9179
29,4442
32,6178
39,4059
48,5741
46,7228
46,1057
44,8716
36,3204
41,3453
37,9954
35,7915
32,8823
32,706
26,2706
37,3783
38,4361
46,9873
48,3978
54,3043
51,0425
50,6899
49,8965
56,2437
52,1004
52,6293
47,2518
47,5162
41,4335
43,8137
45,5768
49,8965
46,3702
44,1663
43,9018
44,9597
37,9954
37,202
33,6757
38,4361
31,56
32,6178
31,8244
31,2955
28,6508
32,3534
30,0613
25,0364
20,893
22,2154
20,0996
13,8405
11,3722
12,5182
12,6063
10,9314
6,69988
4,49597
0,352625
-0,440781
-1,23419
-0,70525
-4,2315
2,38022
-7,0525
-8,90379
-8,19853
-2,29206
-1,58681
3,61441
-5,28938
-0,70525
-5,46569
-2,38022
-11,7248
-4,40781
-3,52625
-0,440781
-6,69988
-5,37753
-6,08278
-6,69988
-11,8129
-14,9866
-4,14335
-1,49866
-9,96166
-7,93407
-15,9563
-1,58681
-3,52625
-1,4105
-7,58144
-11,7248
-6,17094
-4,93675
-15,0747
-12,2537
-13,3116
-9,0801
-8,63932
-1,4105
-5,99463
-1,4105
-10,9314
-3,70256
-9,96166
-1,85128
-5,46569
0,440781
-3,4381
8,90379
8,63932
15,8681
11,0195
17,3668
7,6696
12,6945
2,29206
4,58413
1,93944
8,55116
0,0881563
-0,793407
-6,69988
4,2315
-6,2591
-8,463
-11,0195
-3,34994
-14,105
-9,60904
-17,8957
-4,58413
-12,5182
2,90916
-4,76044
10,8432
3,70256
6,17094
4,93675
14,8103
12,1656
16,926
10,3143
12,43
9,16825
15,5155
8,55116
11,9011
-2,20391
1,49866
-7,14066
0,0881563
-8,19853
0,793407
-4,05519
9,16825
3,4381
8,63932
0,352625
4,93675
-6,08278
-0,793407
-1,76313
0,793407
-7,14066
-1,14603
-9,69719
-3,4381
-5,37753
2,73284
-6,43541
0,0881563
-7,31697
1,32234
-3,52625
5,11306
-3,96703
8,63932
-2,38022
4,40781
-9,34457
2,02759
-2,46838
6,61172
2,90916
15,78
7,93407
18,2484
10,6669
21,5101
18,9536
28,5626
20,893
33,9402
21,2457
32,9705
24,6838
29,0916
13,3116
13,3116
14,4576
24,9482
18,7773
26,6232
21,1575
37,6427
25,8298
28,21
15,8681
14,0168
10,5788
17,5431
5,55385
10,4024
-0,176313
8,81563
0,617094
11,6366
8,63932
18,5128
11,6366
22,0391
13,8405
20,9812
12,8708
18,5128
9,43272
12,1656
5,73016
12,0774
0,352625
10,4906
-2,821
-2,38022
-14,8103
-9,43272
-12,1656
-5,73016
-15,1629
-8,63932
-18,6891
-13,6642
-22,1272
-17,0142
-20,9812
-9,25641
-16,1326
-2,29206
-18,1602
-12,8708
-11,9893
-1,4105
-3,96703
9,69719
2,11575
11,1958
-0,0881563
8,37485
0,0881563
14,3695
17,3668
25,389
15,6037
16,7497
5,02491
8,99194
13,2234
32,9705
33,0586
42,2269
22,3917
24,5074
17,2786
27,064
19,6589
29,356
24,6838
29,885
18,1602
26,0061
16,0444
17,1905
6,2591
18,3365
24,243
42,5795
35,7915
40,8164
20,4523
28,9153
22,1272
34,8217
28,6508
33,6757
20,4523
29,0916
14,0168
18,1602
13,7524
27,3284
21,2457
46,3702
40,023
43,9018
29,7087
33,3231
29,9731
37,9954
31,9126
41,0808
40,4637
51,3951
35,7915
38,7006
30,6784
36,673
29,2679
35,6151
29,0916
38,4361
28,5626
41,0808
29,9731
32,0889
16,6615
17,8076
15,8681
24,1548
21,2457
29,7087
19,3062
19,3062
5,37753
14,7221
2,29206
17,8076
15,251
25,7416
15,6918
19,4825
9,78535
7,31697
0,352625
18,2484
9,16825
18,1602
9,34457
17,0142
6,43541
16,4852
8,28669
14,6339
1,05788
11,1077
2,38022
17,2786
10,4024
21,6864
11,4603
26,6232
25,4772
34,381
22,0391
22,0391
16,0444
24,7719
25,6535
29,2679
20,893
28,21
19,9233
29,5324
22,3917
34,2046
33,3231
39,5822
36,2322
47,2518
41,6098
51,0425
51,307
63,9133
60,4752
69,1145
64,883
69,8198
60,916
75,3736
69,1145
74,9328
72,6408
76,8723
64,3541
72,6408
65,5883
70,3487
59,3292
62,8554
52,1004
58,4476
56,6845
60,5634
56,5963
65,1475
54,8332
58,1832
40,8164
45,4886
35,1744
32,706
12,6063
13,1353
-0,528938
-0,352625
-8,81563
-12,1656
-19,747
-13,7524
-17,1905
-4,67228
-6,69988
7,31697
4,93675
14,8103
0,793407
15,251
8,02222
9,78535
1,14603
3,87888
4,2315
6,2591
4,14335
9,69719
-0,176313
18,6891
21,9509
30,2376
25,9179
30,7665
25,2127
31,1192
34,4691
41,7861
37,0256
40,1111
33,5875
46,811
38,8769
40,3756
40,5519
43,9018
36,5849
41,5216
37,9072
47,6044
36,2322
52,2767
43,9018
51,9241
41,8742
43,9018
36,3204
45,2242
44,5189
39,1414
37,3783
39,5822
28,1219
31,7363
32,177
38,7006
36,5849
40,64
28,2982
32,3534
32,3534
41,169
40,9045
50,3372
43,0203
43,7255
40,9927
46,0176
39,8466
39,7585
32,8823
42,844
36,4967
37,5546
31,1192
32,2652
33,0586
39,1414
31,56
37,0256
32,9705
40,9927
40,9927
46,4584
46,811
50,6899
52,1004
56,42
47,1636
54,128
49,7201
52,2767
48,3096
50,1609
36,3204
36,5849
28,21
38,348
30,4139
34,4691
21,8628
30,5902
29,5324
37,1138
31,7363
33,0586
33,7639
41,6098
41,5216
49,4557
48,6623
64,3541
65,1475
72,5526
72,9053
79,0762
78,2828
85,3353
76,0789
70,7013
64,1778
64,3541
52,2767
60,3871
56,0674
59,9463
52,9819
56,2437
46,2821
50,9543
44,7834
49,8965
40,1111
42,9321
37,4664
37,3783
30,9429
45,3123
42,2269
43,8137
37,9072
34,9099
27,3284
25,389
12,5182
10,6669
7,31697
7,6696
0,440781
-0,969719
-3,08547
0,176313
-8,63932
-6,08278
-5,46569
-6,52357
-10,4024
-6,61172
-9,60904
-7,31697
-12,8708
-6,96435
-17,8957
-17,1905
-20,3641
-12,8708
-5,37753
0,70525
0,352625
0,0881563
-2,02759
0,264469
-4,14335
-0,352625
5,90647
11,4603
4,67228
1,4105
-11,3722
-6,52357
-14,3695
-3,52625
0,70525
6,52357
8,19853
6,34725
-0,969719
1,4105
5,81832
20,5404
32,0007
38,7006
36,0559
32,0889
26,6232
23,8022
26,6232
38,6125
48,2215
53,9516
48,6623
41,6979
33,5875
39,3177
34,5573
44,4308
46,6347
52,453
45,7531
42,2269
37,7309
37,4664
36,0559
36,673
37,819
40,64
40,8164
41,5216
39,8466
35,2625
39,9348
43,3729
37,9072
43,1084
38,0835
48,5741
43,4611
47,0755
45,8413
44,4308
45,4005
47,6926
44,0781
45,5768
46,1939
50,6017
49,1912
55,7148
53,2464
55,0095
47,7807
38,5243
37,7309
40,2874
34,6454
31,2073
33,0586
32,7941
32,0889
33,5875
31,3836
27,9455
27,5048
24,4193
22,6562
25,1245
21,5101
21,8628
24,5956
18,6891
13,7524
15,9563
9,8735
7,93407
12,0774
14,6339
13,0471
12,6945
8,81563
5,28938
8,99194
14,3695
6,17094
3,79072
2,38022
5,20122
3,87888
4,93675
4,67228
4,76044
3,79072
7,75775
10,0498
-0,617094
-0,0881563
0,528938
5,46569
8,99194
11,0195
10,4024
9,8735
9,8735
15,78
20,7167
22,8325
20,0115
17,5431
18,2484
18,8654
17,6313
21,422
20,6286
22,7443
22,2154
21,1575
23,0969
24,243
22,0391
23,8904
21,6864
21,3338
21,9509
22,3035
24,8601
28,8271
23,714
19,0418
13,7524
21,5101
20,0996
24,8601
26,3587
26,0061
29,4442
41,169
45,4005
48,0452
46,7228
45,4886
44,1663
37,7309
33,0586
33,1468
26,6232
25,9179
21,9509
24,8601
17,6313
17,3668
19,747
17,3668
14,9866
11,9011
7,84591
4,05519
-0,881563
-0,264469
5,02491
5,81832
4,14335
2,02759
-4,31966
-2,73284
-14,0168
-6,69988
-5,20122
-3,87888
-12,0774
-13,8405
-23,0088
-12,959
-10,138
5,73016
11,8129
16,0444
8,63932
10,0498
-0,264469
-3,52625
-14,0168
-5,73016
2,99731
6,34725
9,52088
7,14066
-1,23419
-1,93944
2,73284
9,25641
7,93407
11,0195
-1,23419
-6,08278
-15,5155
-15,0747
-9,96166
-3,70256
-5,28938
6,87619
-1,85128
8,90379
-1,49866
-4,05519
-6,78803
0,264469
-1,23419
4,05519
-5,37753
-5,73016
-14,8984
-16,0444
-24,4193
-19,1299
-24,5956
-16,2208
-26,8877
-24,5074
-35,4388
-35,527
-45,5768
-49,4557
-55,1858
-52,7175
-58,5358
-58,3595
-66,4698
-69,4672
-77,9302
-71,7592
-79,6051
-78,1946
-86,7458
-73,6105
-78,4591
-69,9079
-71,5829
-59,77
-58,8002
-46,1939
-53,4227
-46,6347
-55,1858
-49,5438
-62,3265
-64,6186
-76,4315
-61,9739
-70,7013
-64,7949
-67,3514
-59,1529
-68,5856
-59,4173
-58,6239
-51,0425
-53,8635
-45,0479
-45,665
-40,2874
-39,1414
-27,2403
-40,5519
-36,5849
-48,2215
-37,819
-39,8466
-32,0889
-32,706
-23,2733
-28,1219
-18,2484
-27,5929
-18,4247
-19,5707
-15,6037
-15,8681
0,881563
-5,73016
5,37753
-3,96703
8,90379
5,02491
13,7524
4,58413
13,6642
12,1656
23,6259
18,6891
20,3641
14,4576
22,4799
12,1656
18,072
7,14066
15,6037
8,99194
11,5485
4,14335
13,0471
1,05788
6,61172
-1,14603
7,49328
3,08547
15,78
6,96435
13,2234
7,31697
15,3392
4,58413
15,1629
10,138
19,4825
12,6945
21,7746
12,6063
26,3587
18,1602
16,0444
0,352625
-1,58681
-13,4879
-13,3998
-21,7746
-19,1299
-30,4139
-20,8049
-33,4994
-26,9758
-32,9705
-21,5983
-25,0364
-15,0747
-20,8049
-11,1958
-10,4906
-4,40781
-18,601
-16,2208
-27,8574
-26,3587
-35,7033
-24,4193
-32,5297
-18,2484
-25,9179
-11,9011
-8,63932
3,70256
-2,02759
6,08278
-2,90916
-4,58413
-11,284
-1,58681
-13,3998
-6,96435
-22,9206
-11,284
-23,6259
-18,6891
-29,1797
-26,3587
-31,4718
-27,7692
-41,6979
-35,9678
-48,9267
-43,1084
-49,2794
-38,4361
-44,2545
-37,1138
-45,4005
-37,9072
-39,494
-24,7719
-29,2679
-18,4247
-29,2679
-33,5875
-41,7861
-35,0862
-40,5519
-28,2982
-35,0862
-24,9482
-34,0283
-26,0943
-35,7915
-23,0969
-28,1219
-12,8708
-21,8628
-12,6945
-29,885
-24,6838
-32,4415
-26,3587
-30,8547
-17,3668
-27,8574
-14,6339
-20,0115
-8,28669
-16,3089
-1,85128
-5,28938
4,05519
0,176313
10,2261
3,52625
8,55116
2,02759
9,0801
-4,93675
-3,08547
-19,2181
-3,79072
-6,78803
1,32234
-9,43272
0,528938
-3,17363
4,76044
-5,20122
4,49597
1,76313
15,251
6,78803
12,0774
0,352625
8,11038
6,34725
17,6313
12,43
26,535
18,072
31,2073
20,2759
29,1797
17,1905
23,1851
12,7827
10,6669
0,881563
10,2261
8,90379
27,5929
17,1023
21,0694
18,5128
28,3863
23,5377
30,8547
23,1851
29,885
20,2759
35,7915
28,5626
35,0862
19,5707
21,6864
16,0444
20,8049
11,9893
13,3998
-2,20391
3,70256
2,20391
10,0498
6,2591
8,55116
11,1958
18,2484
6,52357
15,251
-1,4105
8,28669
-0,0881563
-0,70525
-3,34994
5,55385
5,37753
10,4024
3,17363
8,63932
-5,11306
5,37753
4,05519
7,75775
3,34994
9,43272
8,63932
21,1575
17,0142
24,5074
16,1326
27,1521
16,7497
18,8654
10,5788
14,4576
4,14335
8,11038
7,14066
13,3998
9,25641
18,601
14,7221
14,8984
12,43
22,2154
14,9866
21,9509
17,4549
28,0337
19,3062
33,9402
25,3009
24,7719
9,8735
15,1629
6,96435
6,87619
8,81563
10,7551
7,22882
13,2234
5,02491
12,959
8,19853
13,8405
10,4024
17,4549
12,0774
15,8681
6,61172
18,072
7,6696
20,4523
14,1932
18,8654
18,7773
26,7995
20,0115
21,1575
17,0142
25,6535
12,0774
10,9314
8,81563
16,3089
7,58144
12,2537
10,4024
9,60904
6,87619
18,8654
10,5788
20,2759
18,7773
15,6918
8,02222
13,8405
1,49866
13,9287
15,1629
19,6589
11,3722
8,02222
5,73016
11,1958
8,99194
10,7551
18,5128
17,0142
18,1602
16,4852
11,8129
14,5458
6,52357
12,6063
6,78803
8,19853
-2,11575
2,64469
-3,70256
-1,58681
-12,7827
-5,81832
-10,4906
2,29206
-5,28938
-10,2261
-9,96166
-3,96703
-12,6945
0,0881563
-1,85128
-3,70256
-3,70256
9,0801
5,28938
9,96166
-2,73284
-6,69988
-20,6286
-13,7524
-23,2733
-19,9233
-23,9785
-5,642
-14,105
-15,6037
-12,7827
0,352625
-3,96703
-1,49866
-13,2234
-6,34725
-16,6615
-19,2181
-17,5431
-14,8103
-18,601
-14,6339
-21,8628
-14,8984
-15,6918
-11,1958
-21,5101
-12,6945
-16,8379
-14,5458
-17,5431
-13,9287
-20,3641
-18,072
-19,2181
-9,43272
-13,3998
-12,0774
-11,9011
0,264469
-2,29206
0,264469
1,14603
3,87888
3,34994
13,2234
10,6669
10,4906
6,43541
15,8681
12,7827
19,6589
17,8957
17,8076
10,5788
8,11038
16,2208
14,105
11,1958
4,05519
5,642
9,60904
0,528938
4,58413
4,40781
6,87619
5,55385
10,8432
6,96435
10,0498
3,08547
5,11306
5,99463
5,99463
14,2813
20,3641
12,3419
6,87619
0,70525
3,61441
8,19853
6,69988
0,70525
6,96435
-1,32234
-2,90916
-8,55116
2,46838
2,46838
6,87619
3,79072
3,4381
-3,96703
-0,70525
-8,90379
-7,58144
-7,58144
-6,61172
-8,02222
-4,14335
-8,11038
-9,96166
-9,60904
-13,0471
-17,7194
-22,3035
-21,7746
-23,1851
-32,0007
-34,1165
-33,1468
-32,0889
-33,7639
-35,7033
-36,673
-35,9678
-33,5875
-30,2376
-27,1521
-25,8298
-25,4772
-33,4112
-37,3783
-42,5795
-38,2598
-29,7968
-23,2733
-13,7524
-18,2484
-18,1602
-17,2786
-16,6615
-26,8877
-31,4718
-25,9179
-18,4247
-16,926
-7,22882
-13,4879
-15,3392
-24,0667
-23,6259
-32,706
-27,4166
-34,2046
-33,0586
-26,1824
-27,1521
-28,21
-25,7416
-28,0337
-26,4469
-29,7087
-23,5377
-27,2403
-30,1495
-33,3231
-29,5324
-37,6427
-37,9072
-40,1111
-43,0203
-40,2874
-43,9018
-47,0755
-44,6071
-41,4335
-35,7915
-36,4085
-32,0007
-37,7309
-33,852
-38,4361
-40,7282
-40,9045
-40,3756
-38,9651
-37,4664
-38,9651
-34,381
-35,527
-39,5822
-34,9099
-31,2073
-26,2706
-25,6535
-29,9731
-22,3917
-29,356
-27,2403
-31,3836
-32,6178
-29,356
-38,7888
-40,9927
-34,5573
-31,4718
-34,4691
-27,8574
-25,2127
-22,3917
-22,1272
-15,6918
-16,7497
-22,1272
-20,2759
-17,0142
-17,0142
-16,1326
-21,0694
-14,6339
-12,6063
-7,93407
-11,7248
-6,08278
-7,58144
-0,617094
-8,99194
2,38022
-8,63932
-9,8735
-5,90647
-6,69988
-11,1077
-7,84591
-7,6696
-0,793407
-6,52357
-10,9314
-15,3392
-16,7497
-17,1905
-10,6669
-13,8405
-5,46569
0,528938
-4,76044
-5,37753
-8,463
-4,67228
-4,31966
-11,1958
-2,821
-17,8957
-18,6891
-20,7167
-19,4825
-21,3338
-14,1932
-17,1023
-17,1905
-34,2046
-26,9758
-26,0943
-13,0471
-13,5761
-15,6918
-13,8405
-18,2484
-20,893
-11,4603
-6,2591
1,76313
0,440781
6,69988
0,793407
1,4105
-1,32234
11,284
15,5155
10,3143
14,4576
15,5155
1,32234
-0,176313
4,31966
25,2127
36,673
32,706
38,7888
27,7692
12,8708
12,6945
16,0444
26,9758
31,6481
34,0283
29,4442
35,1744
23,4496
29,0916
27,5929
37,6427
34,1165
37,5546
41,4335
32,177
22,8325
20,1878
13,3116
20,9812
3,96703
7,0525
6,43541
1,76313
6,61172
20,7167
15,0747
27,5929
25,1245
37,819
32,177
25,9179
21,7746
22,9206
9,16825
9,78535
5,02491
-0,0881563
-13,8405
-12,6063
-16,1326
-12,0774
-15,0747
-8,02222
-12,6945
-4,67228
-11,0195
-4,40781
-8,37485
-7,22882
-7,93407
-5,90647
-14,8103
1,4105
5,55385
18,601
13,8405
22,1272
14,3695
18,7773
12,3419
32,177
32,177
39,9348
41,2571
52,2767
34,4691
38,7888
34,2928
40,1993
37,6427
41,0808
41,2571
45,8413
35,7033
32,177
12,43
26,1824
18,3365
20,5404
10,138
26,0943
16,0444
20,893
26,9758
37,3783
21,6864
21,8628
16,7497
23,0969
22,7443
29,0034
20,5404
28,2982
27,7692
33,3231
29,5324
40,7282
24,5956
40,2874
23,9785
20,0115
9,96166
13,6642
1,4105
9,0801
-0,352625
11,9893
7,58144
9,16825
-2,73284
3,52625
-17,5431
-6,96435
-14,1932
-8,55116
-13,0471
-9,0801
-14,6339
-7,6696
-16,3971
-16,4852
-27,5929
-19,8352
-29,1797
-18,6891
-28,4745
-27,2403
-37,6427
-23,8904
-32,7941
-24,243
-31,8244
-19,3062
-23,8904
-13,1353
-17,1023
-12,3419
-20,2759
-17,8957
-28,0337
-12,959
-25,389
-13,2234
-17,3668
-11,1958
-19,4825
-11,5485
-12,7827
-6,96435
-16,0444
-14,7221
-23,2733
-15,251
-20,8049
-8,63932
-20,3641
-20,0996
-34,1165
-25,4772
-41,7861
-37,4664
-45,3123
-33,0586
-45,0479
-42,7558
-37,9072
-26,4469
-32,5297
-24,243
-39,5822
-31,1192
-37,5546
-34,6454
-37,3783
-34,8217
-40,5519
-38,6125
-47,1636
-32,177
-44,8716
-42,6676
-51,3951
-42,6676
-51,7477
-44,9597
-53,7753
-45,665
-50,778
-40,3756
-47,1636
-43,6374
-51,0425
-47,4281
-61,0042
-55,1858
-64,9712
-57,8305
-63,2962
-56,6845
-67,7922
-66,558
-72,0237
-71,3184
-77,842
-68,7619
-76,2552
-67,9685
-77,3131
-69,0264
-77,842
-60,5634
-64,6186
-55,8911
-71,7592
-64,5304
-69,1145
-58,7121
-69,5553
-60,2107
-71,8474
-66,9988
-82,1617
-73,9631
-71,6711
-65,8527
-73,6987
-59,0647
-64,9712
-51,2188
-56,5082
-51,3951
-52,3648
-41,7861
-47,0755
-34,1165
-36,673
-20,8049
-33,7639
-20,3641
-23,8022
-10,2261
-27,9455
-27,3284
-32,0007
-20,7167
-30,2376
-25,389
-32,7941
-31,7363
-41,2571
-26,2706
-35,4388
-26,1824
-36,9375
-31,2955
-42,5795
-27,5929
-41,4335
-37,0256
-44,3426
-37,1138
-36,4085
-29,1797
-42,7558
-34,1165
-43,6374
-35,527
-48,1333
-44,5189
-56,5963
-52,1004
-61,0923
-48,5741
-50,2491
-42,6676
-49,632
-31,4718
-38,2598
-31,56
-33,4112
-23,2733
-33,1468
-23,6259
-35,7033
-30,7665
-43,2847
-31,8244
-36,4967
-29,2679
-30,6784
-22,8325
-24,3311
-12,7827
-19,747
-14,7221
-21,7746
-16,7497
-17,2786
-15,9563
-22,6562
-20,6286
-24,5074
-17,1905
-28,8271
-24,0667
-22,1272
-18,6891
-23,5377
-19,6589
-32,8823
-22,2154
-28,3863
-28,1219
-39,3177
-28,0337
-33,3231
-32,8823
-38,8769
-25,9179
-32,5297
-27,3284
-29,6205
-24,5956
-37,1138
-29,2679
-25,4772
-19,1299
-17,8076
-3,79072
-1,85128
10,8432
-9,69719
2,38022
-2,821
-1,49866
-13,3998
-0,264469
1,32234
10,0498
-1,58681
8,37485
-2,29206
2,73284
-12,8708
-1,67497
1,23419
3,96703
-2,99731
3,96703
-6,08278
-3,17363
-18,3365
-9,0801
-14,5458
-6,43541
-4,49597
4,58413
-1,67497
-2,20391
-7,14066
-2,55653
-8,99194
-2,64469
-12,6063
-14,3695
-17,5431
-22,1272
-19,1299
-11,9893
-13,1353
-12,1656
-12,8708
-5,99463
-5,46569
-11,284
-10,8432
-9,34457
-20,893
-15,8681
-16,4852
-5,73016
-10,3143
-5,81832
-22,8325
-10,8432
-22,9206
-15,8681
-16,2208
-8,11038
-17,8957
-1,49866
-7,49328
-3,87888
-0,264469
8,37485
13,2234
23,2733
28,4745
41,5216
27,9455
32,9705
29,9731
34,8217
37,4664
48,9267
49,7201
52,7175
44,6071
50,0728
47,0755
41,2571
29,5324
39,8466
41,4335
49,0149
43,6374
42,1387
27,8574
27,1521
14,8103
21,3338
16,4852
29,356
37,5546
46,6347
39,3177
42,6676
29,0916
30,8547
31,3836
37,2901
44,6952
59,5937
46,3702
41,8742
31,031
31,8244
14,8103
18,8654
24,5956
46,2821
53,7753
64,883
62,9436
67,7922
60,8278
64,5304
54,5687
72,5526
73,9631
74,6684
53,8635
52,5411
39,4059
36,1441
38,5243
46,1057
44,8716
57,3016
44,0781
34,1165
20,0996
5,90647
5,20122
7,14066
8,55116
18,072
18,601
29,885
21,9509
23,8022
16,2208
23,0969
20,0115
22,7443
23,9785
35,3507
34,998
43,6374
35,527
39,2295
32,9705
47,5162
51,5714
59,5055
51,2188
55,274
46,2821
39,5822
28,6508
28,1219
19,3944
22,9206
21,5983
21,0694
16,6615
18,7773
17,6313
5,642
-3,08547
-5,55385
-11,1077
-12,43
-10,0498
-1,85128
-8,81563
-10,5788
-15,6918
-14,1932
-23,6259
-14,9866
-17,8076
-17,8957
-19,1299
-23,4496
-27,4166
-19,8352
-19,3062
-13,6642
-20,1878
-10,4024
-12,5182
-6,96435
-11,3722
-5,81832
-16,3089
-14,3695
-24,6838
-25,6535
-24,6838
-13,9287
-20,9812
-18,4247
-25,389
-20,6286
-22,7443
-27,7692
-24,0667
-21,3338
-28,6508
-24,0667
-24,3311
-20,4523
-20,8049
-20,9812
-20,8049
-15,4274
-19,6589
-21,0694
-20,6286
-18,9536
-18,6891
-10,7551
-15,8681
-6,2591
-1,05788
5,81832
12,1656
13,1353
17,5431
23,5377
24,243
30,8547
27,3284
38,348
41,0808
41,2571
46,7228
51,7477
48,9267
49,8965
46,1939
45,3123
41,4335
43,0203
37,1138
36,673
36,673
44,5189
46,4584
47,2518
44,9597
47,1636
49,1031
42,844
39,4059
36,4085
38,7888
39,0532
35,7033
35,9678
34,9099
31,56
28,1219
26,1824
33,2349
28,21
23,714
22,8325
25,8298
17,9839
18,072
12,6063
11,6366
14,0168
13,4879
10,2261
10,4024
13,1353
13,0471
24,0667
23,1851
25,3009
22,6562
32,7941
39,0532
40,5519
34,9099
48,2215
41,3453
43,7255
45,7531
44,4308
34,7336
35,6151
32,2652
34,2928
28,1219
34,6454
29,0034
25,4772
28,6508
12,2537
17,0142
20,893
20,2759
5,20122
15,4274
19,2181
28,6508
33,3231
39,0532
44,6952
46,0176
48,5741
53,4227
58,095
62,591
54,4806
57,3897
56,8608
57,3016
59,9463
54,3043
48,2215
50,0728
43,3729
41,4335
36,1441
41,2571
34,5573
27,6811
30,6784
34,4691
35,0862
33,2349
34,8217
27,6811
32,0889
33,852
36,2322
39,4059
38,9651
47,8689
45,3123
43,8137
42,0505
46,0176
41,169
42,0505
39,6703
46,4584
46,1057
49,1912
41,2571
42,6676
42,5795
43,6374
41,9624
36,7612
41,6979
43,8137
41,169
46,1057
45,8413
43,8137
51,1306
50,9543
62,3265
61,7976
58,8884
65,7646
55,6266
65,6764
59,0647
58,4476
57,3016
56,949
52,0122
47,0755
49,9846
55,4503
47,1636
48,8386
48,8386
40,7282
39,3177
40,023
34,1165
33,5875
42,315
38,6125
39,2295
44,4308
33,4112
37,4664
29,6205
37,0256
30,8547
40,8164
41,6098
41,9624
41,9624
46,8991
36,4085
48,9267
47,4281
50,3372
49,8965
56,5082
61,2686
67,6159
52,6293
54,8332
48,5741
42,4913
39,494
34,9099
23,0088
27,7692
25,2127
29,0916
28,6508
33,852
27,4166
33,3231
32,2652
39,3177
32,177
31,4718
24,7719
24,0667
10,5788
19,6589
14,8984
13,1353
2,55653
5,28938
-0,881563
10,138
5,37753
13,8405
13,8405
19,3062
12,7827
13,3998
-2,38022
9,52088
10,4906
12,5182
3,08547
7,40513
-1,4105
-0,70525
-13,8405
-3,79072
-5,55385
9,69719
5,81832
10,5788
4,76044
5,20122
-11,1077
-14,4576
-19,1299
-5,99463
-8,55116
-13,1353
-10,9314
5,90647
-6,08278
6,2591
11,3722
21,7746
25,9179
40,1993
31,56
33,4994
20,4523
26,2706
15,1629
21,5101
16,2208
30,2376
31,031
31,4718
18,8654
7,31697
-5,46569
-4,2315
-9,34457
12,5182
5,90647
6,61172
-15,78
-13,6642
-26,0061
-17,0142
-25,9179
-12,5182
-16,5734
-3,08547
-3,79072
4,31966
-3,87888
8,11038
7,93407
19,6589
7,31697
9,0801
1,32234
15,6918
-0,0881563
13,2234
6,96435
12,6945
0,264469
1,93944
-7,0525
-4,67228
-14,6339
-8,72747
-23,4496
-15,1629
-27,6811
-24,243
-34,8217
-24,1548
-30,5902
-25,3009
-31,4718
-26,7114
-41,169
-30,5021
-45,0479
-37,202
-42,6676
-22,3917
-33,9402
-31,3836
-42,0505
-32,4415
-40,8164
-34,9099
-42,0505
-33,852
-30,0613
-23,714
-32,9705
-27,8574
-43,0203
-36,7612
-41,5216
-34,2046
-36,7612
-27,5929
-36,1441
-19,8352
-31,2955
-27,6811
-26,1824
-9,96166
-18,1602
-6,17094
-3,61441
-1,14603
-8,463
10,0498
3,4381
18,8654
12,6063
23,9785
16,5734
28,1219
19,747
32,0889
16,3971
24,4193
31,3836
35,7915
19,8352
26,1824
30,1495
28,6508
29,356
54,3043
56,0674
71,7592
73,6987
80,1341
64,0896
75,1092
66,2054
79,2525
75,3736
79,2525
75,3736
75,021
46,1057
65,1475
48,486
50,778
40,4637
54,3924
40,5519
58,5358
48,3978
48,5741
40,3756
61,3568
51,7477
47,6926
43,5492
45,9294
33,1468
27,5929
16,1326
24,7719
5,46569
12,6945
7,40513
6,43541
-5,46569
4,76044
-2,64469
3,52625
-10,2261
-11,8129
-13,5761
-14,4576
-26,535
-4,2315
-15,6037
-12,7827
-15,9563
-9,8735
-22,1272
-3,87888
-16,0444
-1,93944
-16,0444
-12,2537
-17,3668
-14,1932
-23,2733
-16,6615
-27,4166
-8,463
-23,2733
-12,5182
-17,3668
-5,642
-16,0444
-18,5128
-21,1575
-18,2484
-24,7719
-8,11038
-19,6589
-17,1023
-25,3009
-24,3311
-49,5438
-27,4166
-44,3426
-26,0061
-41,8742
-30,5902
-44,9597
-46,2821
-44,2545
-20,7167
-28,1219
-21,2457
-18,3365
-5,55385
-9,16825
13,3998
4,58413
17,5431
11,1958
21,7746
14,2813
23,0088
18,072
23,6259
3,79072
13,5761
12,5182
11,7248
-3,17363
8,37485
-4,14335
4,58413
3,26178
6,2591
1,14603
12,3419
7,49328
17,0142
14,7221
27,5929
37,0256
41,2571
29,7968
43,0203
28,9153
38,7006
28,9153
37,9072
26,7114
32,0889
28,4745
32,4415
17,1023
26,3587
19,1299
25,9179
20,8049
31,2073
26,7995
31,2073
21,5983
26,0061
25,6535
34,6454
27,3284
33,1468
14,2813
20,893
4,40781
13,7524
3,08547
-0,352625
-10,7551
-4,67228
-15,0747
-10,3143
-31,2073
-27,5048
-36,9375
-30,9429
-34,8217
-28,3863
-37,1138
-36,4967
-49,4557
-40,5519
-49,8965
-46,9873
-62,8554
-52,453
-53,9516
-46,8991
-56,8608
-51,4833
-48,7504
-34,0283
-43,99
-29,9731
-40,5519
-27,1521
-26,6232
-13,3116
-11,7248
-8,28669
-12,6063
-3,34994
-8,02222
2,73284
5,90647
4,67228
-1,32234
4,76044
-2,821
8,37485
1,14603
4,14335
-10,6669
-5,73016
-10,9314
-5,02491
-12,3419
-14,0168
-21,0694
-17,8957
-27,6811
-15,9563
-29,356
-32,0007
-37,2901
-44,2545
-50,0728
-46,8991
-45,665
