482
85
-10.7008
-10.7008
-10.7008
-10.7008
-10.6099
-10.519
-10.3372
-10.0645
-9.79175
-9.42811
-9.06448
-8.60993
-8.06448
-7.42811
-6.79175
-6.06448
-5.3372
-4.60993
-3.88266
-3.24629
-2.51902
-1.88266
-1.15538
-0.428112
0.571888
1.57189
2.48098
3.11734
3.84462
4.20825
4.57189
4.93552
5.11734
5.20825
5.20825
5.11734
4.93552
4.6628
4.39007
3.84462
3.39007
2.84462
2.29916
1.75371
1.20825
0.844616
0.480979
0.208252
0.117343
0.0264339
0.117343
0.208252
0.480979
0.753707
1.20825
2.11734
3.02643
3.57189
3.48098
3.29916
3.02643
2.75371
2.48098
2.11734
1.75371
1.39007
0.935525
0.571888
0.117343
-0.246293
-0.700839
-1.15538
-1.60993
-1.97357
-2.42811
-2.88266
-3.24629
-3.70084
-4.06448
-4.42811
-4.79175
-4.97357
-5.24629
-5.3372
-5.42811
