482
82
-9.20486
-9.20486
-9.11395
-8.93213
-8.5685
-8.02304
-6.47759
-5.11395
-3.93213
-2.84122
-1.75031
-0.659404
-0.477586
-0.750313
-1.02304
-1.29577
-1.47759
-1.6594
-1.84122
-2.11395
-2.29577
-2.38668
-2.5685
-2.6594
-2.75031
-2.75031
-2.6594
-2.5685
-2.47759
-2.29577
-2.11395
-1.75031
-1.38668
-0.932131
-0.386677
0.158778
0.88605
1.88605
6.24969
8.61332
9.97696
5.4315
1.70423
-1.47759
-4.02304
-5.29577
-5.38668
-5.47759
-4.84122
-4.20486
-3.38668
-2.47759
-1.5685
-0.568495
0.340596
1.3406
2.3406
3.3406
4.3406
5.3406
6.3406
7.3406
8.3406
9.3406
10.4315
11.4315
12.5224
13.5224
14.6133
7.24969
1.24969
-1.84122
-4.20486
-6.20486
-8.02304
-9.5685
-10.8412
-11.9321
-12.7503
-13.2958
-13.4776
-13.5685
