482
73
-19.023
-18.7503
-17.6594
-16.1139
-14.4776
-12.7503
-11.023
-9.29577
-7.6594
-6.02304
-4.5685
-3.11395
-1.84122
-0.568495
0.704232
2.06787
3.61332
5.15878
6.3406
7.24969
8.15878
7.79514
5.61332
4.52241
3.52241
2.61332
1.70423
0.88605
-0.11395
-1.11395
-2.20486
-3.29577
-4.47759
-5.6594
-6.5685
-6.93213
-6.5685
-5.84122
-3.29577
-0.568495
1.4315
2.70423
3.70423
4.3406
4.88605
5.3406
5.70423
5.97696
6.15878
6.3406
6.3406
6.3406
6.15878
5.97696
5.61332
5.3406
4.79514
4.3406
3.61332
2.79514
1.70423
-0.0230406
-2.6594
-5.47759
-7.20486
-8.38668
-9.38668
-10.1139
-10.9321
-11.8412
-12.8412
-13.7503
-14.2049
