482
67
-3.79175
-3.79175
-3.79175
-3.70084
-3.60993
-3.42811
-3.3372
-3.15538
-2.97357
-2.70084
-2.42811
-2.15538
-1.88266
-1.60993
-1.15538
-0.791748
-0.428112
0.117343
0.753707
1.6628
2.93552
4.11734
4.93552
5.57189
6.11734
6.57189
7.02643
7.39007
7.75371
8.11734
8.39007
8.6628
8.84462
9.02643
9.02643
8.75371
8.48098
8.11734
7.75371
7.29916
6.93552
6.48098
6.11734
5.75371
5.39007
5.11734
4.84462
4.57189
4.29916
4.11734
3.84462
3.57189
3.29916
3.11734
2.84462
2.57189
2.29916
1.93552
1.57189
1.20825
0.844616
0.480979
0.117343
-0.155384
-0.428112
-0.519021
-0.60993
