482
61
-8.29577
-8.20486
-8.11395
-7.47759
-6.75031
-6.02304
-5.20486
-4.47759
-3.6594
-2.93213
-2.20486
-1.38668
-0.659404
0.0678685
0.795141
1.52241
2.3406
2.88605
3.15878
3.15878
3.15878
3.06787
2.97696
2.88605
2.79514
2.70423
2.70423
2.70423
2.70423
2.79514
2.79514
2.88605
2.97696
2.97696
2.97696
2.88605
2.79514
2.61332
2.4315
2.3406
2.15878
1.97696
1.79514
1.61332
1.4315
1.24969
1.06787
0.88605
0.704232
0.431505
0.249687
-0.0230406
-0.204859
-0.477586
-0.841222
-1.11395
-1.47759
-2.11395
-2.84122
-3.47759
-3.6594
