482
105
-9.51902
-9.42811
-9.15538
-8.24629
-6.79175
-4.79175
-2.60993
-0.337202
1.84462
4.02643
5.6628
6.57189
7.02643
7.20825
7.39007
7.48098
7.6628
7.84462
8.11734
8.75371
9.84462
10.8446
11.6628
12.481
13.1173
13.5719
13.6628
13.5719
13.481
13.2992
13.2083
12.9355
12.7537
12.481
12.1173
11.8446
11.2992
10.8446
10.2083
9.48098
8.57189
7.48098
6.6628
6.29916
6.11734
6.02643
5.93552
5.84462
5.75371
5.57189
5.48098
5.39007
5.29916
5.20825
5.11734
5.02643
4.93552
4.93552
4.84462
4.75371
4.6628
4.57189
4.48098
4.39007
4.29916
4.11734
3.93552
3.6628
3.29916
2.93552
2.48098
2.02643
1.48098
1.02643
0.480979
0.0264339
-0.428112
-0.973566
-1.51902
-2.06448
-2.79175
-3.60993
-4.60993
-5.70084
-6.51902
-7.24629
-7.70084
-7.97357
-8.15538
-8.3372
-8.42811
-8.60993
-8.70084
-8.79175
-8.88266
-8.97357
-9.06448
-9.24629
-9.42811
-9.70084
-9.97357
-10.2463
-10.4281
-10.6099
-10.7008
