482
69
-5.42811
-5.42811
-5.42811
-5.3372
-5.15538
-5.06448
-4.88266
-4.70084
-4.51902
-4.24629
-4.06448
-3.79175
-3.42811
-3.15538
-2.79175
-2.42811
-2.06448
-1.60993
-1.24629
-0.791748
-0.428112
-0.0644752
0.299161
0.662798
0.935525
1.20825
1.39007
1.48098
1.39007
1.20825
1.02643
0.844616
0.480979
0.208252
-0.0644752
-0.428112
-0.791748
-1.15538
-1.51902
-1.88266
-2.24629
-2.60993
-2.97357
-3.3372
-3.79175
-4.15538
-4.51902
-4.88266
-5.24629
-5.60993
-5.88266
-6.24629
-6.51902
-6.88266
-7.15538
-7.42811
-7.70084
-7.97357
-8.24629
-8.51902
-8.70084
-8.97357
-9.15538
-9.42811
-9.60993
-9.70084
-9.79175
-9.88266
-9.97357
