482
109
-14.2049
-13.7503
-13.6594
-12.2049
-10.2958
-8.20486
-6.02304
-4.02304
-2.02304
-0.11395
1.61332
3.06787
4.3406
5.4315
6.4315
7.52241
9.24969
12.8861
12.977
11.8861
10.6133
9.3406
8.24969
7.61332
7.06787
6.79514
6.70423
6.61332
6.70423
6.79514
6.97696
7.15878
7.3406
7.61332
7.88605
8.15878
8.3406
8.24969
7.70423
6.88605
6.15878
5.52241
4.97696
4.52241
4.15878
3.79514
3.52241
3.24969
2.97696
2.79514
2.61332
2.4315
2.24969
2.15878
1.97696
1.88605
1.79514
1.70423
1.70423
1.61332
1.61332
1.52241
1.52241
1.52241
1.4315
1.4315
1.4315
1.3406
1.3406
1.3406
1.24969
1.15878
0.976959
0.431505
-0.568495
-1.84122
-3.02304
-4.29577
-5.75031
-7.6594
-8.02304
-7.6594
-7.5685
-7.38668
-7.02304
-6.6594
-6.38668
-6.02304
-5.6594
-5.38668
-5.11395
-4.93213
-4.75031
-4.75031
-4.84122
-4.93213
-5.02304
-5.20486
-5.47759
-5.75031
-6.11395
-6.84122
-7.6594
-8.11395
-8.47759
-8.75031
-8.93213
-9.11395
-9.20486
