482
76
0.88605
1.24969
1.97696
2.4315
2.88605
3.3406
3.70423
4.15878
4.52241
4.97696
5.4315
5.88605
6.52241
7.15878
7.97696
8.52241
8.97696
9.15878
9.4315
9.61332
9.79514
9.97696
10.0679
10.2497
10.3406
10.4315
10.6133
10.7042
10.7951
10.977
11.0679
11.2497
11.3406
11.5224
11.6133
11.7951
11.977
12.1588
12.3406
12.5224
11.7951
11.0679
10.5224
9.88605
4.06787
3.61332
3.4315
3.24969
3.15878
3.06787
3.15878
4.61332
4.70423
4.88605
4.97696
5.06787
5.15878
5.24969
5.3406
5.52241
5.61332
5.61332
5.52241
5.24969
5.06787
4.79514
4.52241
4.3406
4.15878
4.06787
3.97696
3.88605
3.79514
3.79514
3.79514
3.70423
