482
135
-18.7503
-18.7503
-18.7503
-18.6594
-18.5685
-18.3867
-17.9321
-17.5685
-16.9321
-16.2049
-15.2049
-14.1139
-12.6594
-11.2049
-9.75031
-8.29577
-7.11395
-6.20486
-5.6594
-5.38668
-5.38668
-5.5685
-5.75031
-6.02304
-6.20486
-6.38668
-6.5685
-6.75031
-6.93213
-7.11395
-7.20486
-7.29577
-7.20486
-7.11395
-6.93213
-6.75031
-6.47759
-6.11395
-5.84122
-5.47759
-5.02304
-4.6594
-4.29577
-3.93213
-3.47759
-3.11395
-2.6594
-2.29577
-1.84122
-1.47759
-1.11395
-0.659404
-0.295768
0.0678685
0.431505
0.795141
1.15878
1.4315
1.61332
1.88605
1.97696
1.97696
1.97696
1.88605
1.79514
1.61332
1.52241
1.3406
1.24969
1.15878
1.06787
0.976959
0.976959
0.976959
1.06787
1.24969
1.4315
1.70423
2.06787
2.52241
2.97696
3.4315
3.88605
4.3406
4.79514
5.15878
5.52241
5.88605
6.24969
6.4315
6.70423
6.88605
7.06787
7.06787
7.06787
6.88605
6.70423
6.3406
5.97696
5.79514
5.52241
5.4315
5.4315
5.4315
5.52241
5.61332
5.70423
5.79514
5.88605
6.06787
6.15878
6.24969
6.3406
6.4315
6.52241
6.61332
6.70423
6.79514
6.79514
6.88605
6.88605
6.79514
6.70423
6.4315
6.06787
5.61332
4.88605
4.06787
3.06787
1.88605
0.613323
-0.568495
-1.75031
-2.29577
-2.38668
