482
103
-2.38668
-2.11395
-1.6594
-1.29577
-0.932131
-0.659404
-0.386677
-0.11395
0.158778
0.431505
0.613323
0.795141
0.976959
1.06787
1.06787
1.15878
1.15878
1.06787
1.06787
0.976959
0.88605
0.88605
0.795141
0.704232
0.704232
0.613323
0.522414
0.431505
0.431505
0.431505
0.431505
0.431505
0.431505
0.522414
0.613323
0.704232
0.795141
0.976959
1.06787
1.24969
1.52241
1.70423
1.97696
2.24969
2.52241
2.88605
3.15878
3.52241
3.79514
4.15878
4.52241
4.88605
5.15878
5.52241
5.88605
6.15878
6.52241
6.79514
7.06787
7.3406
6.79514
6.24969
5.70423
5.4315
5.15878
4.88605
4.61332
4.4315
4.3406
4.15878
4.06787
3.88605
3.79514
3.61332
3.52241
3.3406
3.15878
3.06787
2.88605
2.70423
2.52241
2.3406
2.06787
1.88605
1.61332
1.3406
1.06787
0.795141
0.522414
0.158778
-0.11395
-0.386677
-0.659404
-0.932131
-1.11395
-1.38668
-1.5685
-1.84122
-2.02304
-2.11395
-2.29577
-2.38668
-2.47759
