482
121
-8.24629
-8.15538
-8.06448
-7.88266
-7.60993
-7.24629
-6.79175
-6.15538
-5.24629
-3.51902
2.11734
2.48098
2.57189
2.57189
2.57189
2.57189
2.48098
2.48098
2.39007
2.29916
2.29916
2.20825
2.20825
2.20825
2.29916
2.39007
2.6628
3.11734
3.75371
4.29916
4.75371
5.20825
5.6628
6.02643
6.39007
6.6628
6.93552
7.20825
7.29916
7.29916
7.20825
7.11734
6.93552
6.84462
6.75371
6.57189
6.39007
6.29916
6.11734
5.93552
5.84462
5.6628
5.57189
5.48098
5.39007
5.29916
5.20825
5.11734
5.11734
5.11734
5.02643
5.02643
5.02643
4.93552
4.93552
4.93552
4.84462
4.84462
4.84462
4.75371
4.6628
4.57189
4.39007
4.11734
3.75371
3.29916
2.6628
2.02643
1.29916
0.662798
0.117343
-0.246293
-0.700839
-0.973566
-1.24629
-1.42811
-1.60993
-1.70084
-1.79175
-1.88266
-1.88266
-1.97357
-1.97357
-1.97357
-1.97357
-1.97357
-2.06448
-2.06448
-2.06448
-2.15538
-2.15538
-2.24629
-2.24629
-2.42811
-2.51902
-2.60993
-2.88266
-3.15538
-3.51902
-3.88266
-4.51902
-5.06448
-5.60993
-6.06448
-6.51902
-6.88266
-7.24629
-7.60993
-7.88266
-7.97357
-8.06448
