482
86
0.0264339
0.0264339
0.117343
0.208252
0.39007
0.662798
0.844616
1.20825
1.57189
2.02643
2.93552
4.02643
4.6628
5.11734
5.48098
5.84462
6.20825
6.6628
7.11734
7.84462
8.6628
8.75371
8.84462
8.75371
8.75371
8.6628
8.48098
8.39007
8.20825
7.93552
7.75371
7.48098
7.29916
7.11734
6.93552
6.75371
6.57189
6.48098
6.48098
6.57189
6.6628
6.84462
7.02643
7.20825
7.48098
7.84462
8.11734
8.48098
8.6628
8.93552
9.11734
9.11734
9.11734
8.93552
8.6628
8.29916
7.75371
6.93552
6.29916
5.75371
5.57189
5.29916
5.02643
4.75371
4.48098
4.20825
4.02643
3.6628
3.39007
2.93552
2.57189
2.02643
1.48098
0.844616
0.0264339
-0.60993
-1.3372
-1.88266
-2.3372
-2.70084
-2.97357
-3.24629
-3.42811
-3.60993
-3.70084
-3.79175
