482
63
-8.06448
-7.97357
-7.79175
-7.60993
-7.3372
-7.06448
-6.79175
-6.60993
-6.42811
-6.15538
-5.97357
-5.79175
-5.51902
-5.3372
-5.15538
-4.97357
-4.70084
-4.51902
-4.24629
-4.06448
-3.88266
-3.70084
-3.51902
-3.42811
-3.42811
-3.51902
-3.60993
-3.79175
-4.06448
-4.24629
-4.51902
-4.70084
-4.97357
-5.24629
-5.42811
-5.70084
-5.97357
-6.24629
-6.42811
-6.70084
-6.97357
-7.24629
-7.42811
-7.70084
-7.88266
-8.15538
-8.42811
-8.60993
-8.88266
-9.06448
-9.3372
-9.51902
-9.79175
-9.97357
-10.1554
-10.4281
-10.6099
-10.7008
-10.8827
-10.9736
-11.0645
-11.1554
-11.2463
