482
64
-12.1554
-12.1554
-12.0645
-11.9736
-11.7008
-11.3372
-10.8827
-10.2463
-9.51902
-8.42811
-6.97357
-4.79175
-1.60993
-0.337202
0.117343
0.299161
0.39007
0.480979
0.480979
0.480979
0.480979
0.299161
0.208252
0.117343
-0.0644752
-0.155384
-0.0644752
0.0264339
0.299161
0.844616
2.29916
3.20825
3.6628
4.11734
4.48098
4.75371
5.02643
5.20825
5.39007
5.39007
5.11734
4.6628
4.02643
3.20825
2.39007
1.48098
0.571888
-0.337202
-1.24629
-2.15538
-2.97357
-3.88266
-4.60993
-5.42811
-6.06448
-6.70084
-7.24629
-7.79175
-8.24629
-8.60993
-8.88266
-9.15538
-9.42811
-9.51902
