482
69
-13.5685
-13.1139
-12.4776
-11.2049
-9.38668
-7.20486
-4.5685
-2.02304
0.431505
2.52241
3.88605
4.88605
5.52241
5.61332
5.15878
4.52241
3.61332
2.70423
1.88605
0.976959
0.158778
-0.659404
-1.47759
-2.20486
-3.02304
-3.75031
-4.38668
-5.02304
-5.75031
-6.29577
-6.84122
-7.38668
-7.84122
-8.29577
-8.6594
-9.11395
-9.38668
-9.6594
-9.93213
-10.2049
-10.3867
-10.6594
-10.8412
-11.1139
-11.3867
-11.5685
-11.8412
-12.1139
-12.4776
-12.7503
-13.1139
-13.4776
-13.7503
-14.1139
-14.5685
-14.9321
-15.2958
-15.6594
-16.1139
-16.4776
-16.8412
-17.2049
-17.4776
-17.8412
-18.1139
-18.2958
-18.4776
-18.6594
-18.7503
