482
64
-0.0644752
0.0264339
0.208252
0.39007
0.571888
0.753707
0.935525
1.11734
1.39007
1.57189
1.75371
1.93552
2.20825
2.39007
2.57189
2.75371
2.93552
3.11734
3.29916
3.48098
3.6628
3.75371
3.93552
4.11734
4.20825
4.29916
4.39007
4.48098
4.57189
4.57189
4.6628
4.6628
4.75371
4.75371
4.75371
4.75371
4.75371
4.75371
4.75371
4.75371
4.75371
4.75371
4.75371
4.6628
4.6628
4.6628
4.57189
4.48098
4.48098
4.39007
4.29916
4.11734
3.84462
3.48098
3.02643
2.57189
2.20825
1.84462
1.48098
1.02643
0.662798
0.299161
0.117343
0.0264339
