500
2058
-10.3747
-10.5072
-10.6886
-10.9154
-11.4906
-12.1365
-12.4794
-12.3923
-12.249
-11.7718
-10.9172
-9.96828
-8.93589
-7.87991
-7.08883
-6.46105
-5.85868
-5.37242
-5.0422
-4.66118
-4.12412
-3.62516
-2.90666
-2.35508
-1.78173
-1.45696
-1.3862
-1.45696
-1.85431
-2.38048
-2.86493
-3.3784
-3.98622
-4.15315
-4.00799
-3.57073
-2.69075
-1.54042
-0.464485
0.948928
2.46757
3.71588
4.66662
5.61555
6.05282
5.8623
5.53934
4.65573
3.44553
2.07204
0.390095
-1.22472
-2.74699
-4.00618
-4.99684
-5.75163
-6.29594
-6.78765
-7.2739
-7.7275
-8.58027
-9.69067
-11.1331
-12.8713
-15.005
-17.1388
-19.3251
-21.3264
-23.0591
-24.2548
-24.507
-24.4635
-23.5545
-21.9959
-19.8077
-17.2458
-14.3972
-11.3835
-8.46414
-5.62099
-3.11894
-1.14851
0.435454
1.70916
2.61454
3.46368
4.43982
5.43048
6.53182
8.00147
9.64169
11.3273
13.1471
14.6984
15.8759
16.6217
16.6471
15.8197
14.3736
12.3832
9.73966
6.72051
3.72132
0.729386
-2.08837
-4.71561
-6.88925
-8.749
-10.4201
-11.9732
-13.6479
-15.5239
-17.9643
-20.851
-24.0462
-27.8201
-31.8716
-35.9631
-39.7661
-43.1191
-45.6211
-47.2559
-47.7331
-46.9492
-45.182
-42.3643
-38.398
-33.9346
-29.0085
-23.5871
-18.1222
-12.5048
-6.85115
-1.59848
3.53988
8.18291
12.454
16.1245
19.0983
21.535
23.5345
24.9969
26.14
27.147
28.0777
29.1047
30.1588
30.8792
31.4253
31.4688
30.9481
29.5002
27.225
24.2911
20.8111
16.8847
12.9294
9.17539
5.66091
2.60184
0.0272159
-2.59821
-5.04764
-7.50796
-10.7158
-14.4335
-18.2927
-22.5783
-27.1941
-31.6321
-35.7345
-39.3288
-42.3915
-44.7665
-46.5882
-48.0905
-49.1465
-49.6636
-50.0101
-50.1408
-49.7071
-48.7564
-47.2867
-45.3217
-42.758
-39.2961
-35.3244
-31.1314
-26.9728
-22.6581
-18.2347
-14.301
-10.5834
-7.19225
-4.25112
-1.79081
0.312076
1.75633
2.56011
2.91573
2.80687
2.01035
1.11585
0.170553
-0.921712
-1.84705
-2.19542
-2.04845
-1.56582
-0.322962
1.20657
2.9756
4.70472
6.43747
7.83999
8.44781
8.43693
7.7021
6.18527
3.95538
1.05598
-2.1936
-5.63551
-9.01572
-12.229
-14.8454
-16.6307
-17.7575
-18.2982
-17.8972
-16.9083
-15.5457
-13.7077
-11.6992
-9.69975
-7.9289
-6.0002
-4.27108
-2.698
-0.979772
0.881795
2.80324
4.94241
7.2739
9.57274
12.0548
14.5097
16.5128
18.2074
19.6063
20.6006
21.0143
21.252
21.3391
21.1994
21.1976
21.2538
21.535
22.2191
22.8722
23.4982
24.077
24.5397
24.4961
23.9228
22.8868
21.3155
19.189
16.4511
13.5354
10.0953
6.48283
2.71796
-0.843693
-4.51421
-7.89261
-10.7231
-13.0527
-14.6839
-15.3117
-15.0195
-13.8275
-11.8081
-9.09192
-5.78247
-2.10832
1.79988
5.48128
8.83065
12.122
14.9706
17.449
19.7043
21.8689
23.7994
25.3561
26.726
27.782
28.2628
28.1848
27.3375
25.6755
23.3639
20.6805
17.5706
14.4462
11.4742
8.81432
6.66427
5.18191
4.53054
4.36362
4.79181
5.51213
6.30502
7.2358
7.83455
7.98152
7.45716
6.44472
4.87527
2.54015
-0.578791
-4.17492
-7.97607
-11.7881
-15.2064
-18.1494
-20.45
-21.7782
-22.1828
-21.7763
-20.3466
-18.1185
-15.6219
-12.6862
-9.47658
-6.52093
-3.91546
-1.22834
1.52953
3.79571
5.92944
8.20831
10.4364
12.737
15.2137
17.7266
19.893
22.3388
24.5433
26.3668
28.0505
29.1936
29.5692
29.3496
28.4769
26.9945
24.8953
22.3878
19.7606
17.2095
14.9433
13.0419
11.1585
9.60721
8.36072
7.2231
5.93669
4.35091
2.32242
-0.272159
-2.9248
-5.71171
-8.56938
-10.9644
-12.8568
-14.4317
-15.8542
-16.8339
-17.6268
-18.5631
-19.7533
-21.2955
-23.1172
-25.0241
-26.5954
-27.8909
-28.4406
-27.7384
-25.8224
-22.8995
-18.8007
-13.9436
-8.53853
-3.09717
2.21356
7.19951
11.4942
14.9343
17.6032
19.4938
21.1214
22.308
22.894
23.0718
23.119
23.1462
22.9593
22.9666
22.865
22.6291
22.493
22.21
21.5332
20.5299
18.8806
16.3513
12.8677
8.21013
2.69437
-3.58706
-10.5852
-17.7974
-24.7919
-31.1967
-36.6036
-40.8601
-43.9355
-45.6737
-46.1981
-45.71
-44.6159
-43.0918
-41.3482
-39.5302
-37.5416
-35.2337
-32.8841
-29.9847
-26.3577
-22.0449
-16.7505
-10.4182
-3.43646
3.98985
11.6139
19.0348
25.7317
31.5523
36.1881
39.2018
40.8547
41.0144
40.0945
38.369
36.2498
33.9273
31.8045
30.2332
29.4621
28.9468
28.8906
29.0375
28.8198
27.9961
26.4339
23.6978
19.9765
15.0359
9.37134
3.19152
-2.77239
-8.20287
-13.04
-16.5273
-18.554
-19.4449
-19.492
-18.5141
-16.9918
-15.6056
-14.3428
-13.5118
-13.2814
-13.6751
-14.468
-15.533
-16.7686
-17.7557
-18.3363
-18.5304
-18.1639
-17.097
-15.651
-13.4646
-10.9607
-8.3952
-5.66635
-2.74699
-0.0308447
2.17546
4.23842
6.10725
7.34829
8.44237
9.34775
10.3185
11.1168
12.1111
13.1398
14.2847
15.5893
16.7868
17.6704
18.2038
18.3907
17.7665
16.1717
14.0452
11.1458
7.69847
3.95719
-0.0290303
-4.18943
-8.01599
-11.3781
-14.3754
-16.9101
-18.6157
-19.9674
-21.0324
-21.7528
-22.4567
-23.1662
-24.0226
-25.1021
-26.6752
-28.2719
-29.7071
-31.2547
-32.494
-32.7825
-32.1982
-30.5961
-27.7892
-23.676
-18.3453
-12.1129
-5.31799
1.72549
8.64195
15.0976
20.6496
24.9697
28.1431
30.1879
31.1205
31.0588
30.5163
29.4875
28.3572
27.5897
26.7169
25.7771
25.0368
24.4072
23.5454
22.2227
20.6641
18.8878
16.7759
14.7002
12.708
10.7521
9.32054
8.23916
7.31745
6.74229
6.36671
5.64458
4.65029
3.58887
1.9922
0.0925341
-1.9414
-4.04428
-5.98931
-7.40817
-8.50406
-8.99576
-8.81251
-8.04139
-6.87655
-5.57926
-4.27108
-2.88851
-2.01761
-1.40434
-1.08864
-1.33358
-1.7527
-2.28614
-2.98286
-3.77575
-4.45252
-4.77367
-4.95692
-5.04401
-4.96599
-4.98958
-4.78818
-4.64485
-4.54868
-4.55413
-4.30193
-4.00074
-3.64693
-2.85041
-1.59848
-0.391909
1.10315
2.77058
4.27834
5.43774
6.11269
5.99476
5.0676
3.10443
0.16511
-3.55984
-8.12485
-12.7878
-17.654
-22.4332
-26.5555
-29.932
-32.4504
-34.0743
-34.6204
-34.439
-33.5064
-31.9878
-30.1353
-28.0396
-25.8206
-23.5508
-21.2992
-18.8243
-16.5545
-14.2575
-11.7682
-9.30784
-7.02533
-4.70109
-2.26255
0.0671325
2.04664
4.09509
6.05826
7.96519
9.50198
10.8501
11.877
12.679
13.2451
13.5717
13.6007
13.3721
13.2795
13.109
13.0419
13.1181
13.412
13.6424
13.9527
14.3754
14.7147
14.8871
14.7891
14.5768
14.0869
13.4846
12.6608
11.6049
10.4309
8.95766
7.34103
5.42504
3.3403
1.05416
-1.32632
-3.91365
-6.52274
-9.10281
-11.4779
-13.6751
-15.6292
-17.3329
-18.6411
-19.5102
-19.9529
-20.0672
-19.7406
-18.9386
-17.5543
-15.5493
-13.2941
-10.7358
-7.7275
-4.65755
-1.53316
1.62933
4.5378
7.21221
9.6181
11.7464
13.744
15.3861
16.9337
18.2038
19.3088
20.1924
20.7857
20.8165
20.2813
19.4031
17.9589
15.9086
13.4955
11.0279
8.54942
6.19434
4.57409
3.40017
2.95746
3.03729
3.60883
4.27108
4.88979
5.19098
4.85169
3.50359
1.35717
-1.93959
-5.94032
-10.4618
-15.3734
-20.118
-24.5669
-28.3354
-31.2801
-33.1998
-34.1959
-34.1269
-33.2234
-31.5196
-29.1718
-26.4448
-23.3821
-19.8277
-16.2787
-12.4467
-8.4968
-4.54506
-0.713057
3.30764
7.09246
10.518
13.8112
16.8285
19.0711
20.9925
22.4985
23.4746
24.0607
24.4471
24.4998
24.2911
23.9318
23.4401
22.7597
22.1447
21.3953
20.323
19.1509
17.6631
16.1027
14.321
12.5756
10.6723
8.8361
6.81305
5.00773
3.42376
1.71279
0.351992
-0.811034
-2.1555
-3.33485
-4.47611
-5.61192
-6.71325
-7.76923
-8.96673
-9.95376
-10.5471
-11.0424
-11.3091
-10.9517
-10.3348
-9.29877
-7.85632
-6.25058
-4.57227
-3.02459
-1.61481
-0.29756
0.720314
1.58397
2.24622
2.84497
3.62879
4.50877
5.72078
6.9963
8.41334
9.79954
11.0116
11.7464
12.1746
12.1274
11.3871
10.5471
9.42759
8.2319
7.32471
6.66064
6.25966
6.28506
6.35401
6.2524
5.85505
4.92245
3.08084
0.52436
-3.0881
-7.21766
-11.8317
-16.4874
-20.822
-24.4979
-27.2068
-28.5168
-28.5313
-27.2105
-24.7102
-21.2066
-16.9083
-12.1673
-7.31926
-2.76151
1.35535
4.75008
7.32652
9.15543
10.3003
10.8083
10.8138
10.5852
10.4473
10.2876
10.3566
10.8537
11.5287
12.4232
13.2469
14.0144
14.5079
14.7002
14.546
13.9218
13.1598
12.3215
11.7282
11.0587
10.9081
10.9607
11.2039
11.7682
12.3361
12.708
12.8441
12.5338
11.8933
10.7884
9.48383
7.9924
6.30865
4.74101
3.19333
1.69646
0.246757
-1.35535
-3.3911
-5.2309
-7.40272
-9.75236
-12.1492
-14.0906
-15.6328
-16.5055
-16.3586
-15.2391
-13.0999
-10.2295
-6.5554
-2.47665
1.49325
5.37605
8.71453
11.2347
13.1507
14.3972
15.054
15.4187
15.4223
15.4731
15.6546
15.9866
16.3894
16.7142
17.0281
17.2077
16.7704
16.061
15.1629
13.8674
12.3379
10.7793
9.27881
7.97607
6.93824
5.85323
4.96962
4.08601
3.01734
1.46603
-0.464485
-2.82138
-5.72441
-9.04475
-12.5175
-15.8977
-19.2598
-22.2771
-24.7501
-26.6534
-27.8219
-28.2301
-28.2229
-27.7874
-27.0399
-26.2035
-25.0912
-24.0208
-22.8849
-21.6711
-20.3557
-18.5957
-16.716
-14.5369
-11.779
-8.81069
-5.75888
-2.41677
0.909011
3.67959
6.04919
7.79282
9.01935
9.52194
9.52556
9.22075
8.61111
8.08131
7.9416
8.1557
8.72723
9.82857
11.3273
12.8005
14.3283
15.4332
16.0156
15.9122
14.8145
12.8477
10.3293
7.47349
4.43801
1.25193
-1.6765
-4.08238
-6.04556
-7.37007
-8.17566
-8.97036
-9.45662
-9.88481
-10.6904
-11.8716
-13.2705
-15.0576
-17.2748
-19.3033
-21.5514
-23.6325
-25.592
-26.9546
-28.0124
-28.5785
-28.6438
-28.2519
-27.6205
-26.5591
-25.1838
-23.6833
-21.9741
-20.0944
-18.3871
-16.6144
-14.927
-13.4356
-12.2181
-11.3291
-10.4346
-9.72333
-9.09555
-8.31355
-7.25394
-5.96572
-4.32188
-2.35871
-0.143337
2.39137
4.78455
6.89107
8.69639
10.2695
11.34
11.5123
11.222
10.4473
9.18264
7.62589
5.63188
3.25865
0.932598
-1.56401
-4.02977
-6.4665
-8.67643
-10.87
-12.6645
-14.1142
-15.1611
-15.9612
-16.3023
-16.3314
-16.061
-15.7399
-15.1212
-14.2575
-13.5354
-12.8114
-11.799
-10.6196
-9.39493
-7.72206
-5.76251
-3.52899
-0.961628
1.9668
5.2563
8.4333
11.6266
14.6385
17.1315
19.3215
20.9581
21.9396
22.5148
22.5765
22.4186
22.3297
22.1048
22.0449
22.2027
22.6128
23.1154
23.5835
23.6579
23.4982
22.6382
21.1976
19.1074
16.3477
12.8114
9.03931
5.06216
1.06868
-2.61454
-5.87863
-8.6855
-10.6995
-12.0077
-12.9874
-13.3104
-13.0328
-12.4232
-11.5813
-10.6033
-9.1518
-7.44627
-5.56837
-3.34574
-0.513473
2.31879
5.39056
8.622
11.8915
14.8635
17.4182
19.4811
20.9581
21.8943
22.3479
22.1011
21.584
20.9562
20.1815
19.3995
18.7245
18.0949
17.547
17.273
16.9736
16.5836
16.3713
16.0646
15.5221
14.9288
14.2611
13.4174
12.6264
11.7101
10.5362
9.43666
8.46052
7.58779
6.79672
6.19252
5.70082
5.22908
4.45615
3.73221
2.59277
0.956185
-1.11767
-3.46912
-5.88408
-8.29359
-10.1896
-11.643
-12.2744
-11.9532
-10.7594
-9.01391
-6.73503
-4.43801
-2.20812
-0.384651
0.889053
1.41341
1.3862
1.17391
0.682212
0.286674
0.321148
0.805591
1.68376
2.93387
4.57409
6.15986
7.84907
9.34957
10.4963
11.1658
11.7645
12.1002
12.4068
12.7207
13.0908
13.3775
14.0144
14.6077
14.996
15.2754
15.1828
14.8327
14.0543
12.9784
11.2057
9.27155
6.9836
4.53054
1.68557
-1.10497
-4.00618
-6.7568
-9.36408
-11.5486
-13.3376
-14.7855
-15.6637
-16.0247
-15.836
-15.3099
-14.4535
-13.3394
-12.3633
-11.2982
-10.2822
-9.40581
-8.54942
-7.33741
-6.25058
-4.83536
-3.04637
-0.885424
1.69827
4.55957
7.57872
10.4037
13.1671
15.7507
18.0314
19.8676
21.1921
22.1537
23.0265
23.5672
23.9736
24.1296
24.3165
24.3492
24.3437
23.8937
23.344
22.4622
21.1595
19.6426
17.7048
15.5512
13.1308
10.5834
7.71661
4.71016
1.77629
-1.33176
-4.65392
-7.81096
-10.8174
-13.8184
-16.4076
-18.6157
-20.3575
-21.5858
-22.132
-22.0267
-21.5332
-20.3393
-18.9187
-17.3039
-15.6383
-13.8783
-12.0984
-10.3711
-8.69094
-7.08702
-5.41052
-3.41832
-1.31544
0.956185
3.41287
6.24877
9.18264
11.9532
14.644
17.2204
19.4285
21.2429
22.3715
23.0265
23.275
22.8196
21.8834
20.7095
19.5356
18.182
16.7124
15.5584
14.6984
13.8511
13.1906
12.3179
11.1676
9.71426
8.05046
5.59559
2.6853
-0.801962
-4.45615
-8.42604
-12.2072
-15.6655
-18.7209
-21.0633
-22.8741
-24.2584
-25.0386
-25.3852
-25.6283
-26.0148
-26.5954
-27
-27.5352
-28.2247
-28.4098
-28.192
-27.0889
-25.0967
-22.1628
-18.3617
-13.8148
-8.73267
-3.61971
1.36442
6.25058
10.1443
13.3612
16.0138
17.8845
19.2616
20.4664
21.5495
22.239
22.9158
23.7214
24.2711
24.4453
24.273
23.5018
22.0902
20.3266
18.0006
15.3788
12.4467
9.36227
6.0764
2.74518
-0.473557
-3.76487
-7.32289
-11.0061
-14.3446
-17.6994
-20.8365
-23.549
-25.6682
-27.2486
-27.929
-27.8201
-27.2486
-26.1055
-24.5379
-23.1952
-21.5985
-20.3466
-19.7116
-19.6934
-19.864
-20.5226
-21.4752
-22.2045
-22.6092
-22.6092
-21.9215
-20.5099
-18.3598
-15.5493
-12.0911
-8.44963
-5.04946
-1.88334
0.830992
2.84315
3.98441
4.50514
4.57409
4.2602
3.97896
3.94086
4.08964
4.88798
6.40481
8.44963
10.7376
13.216
15.5058
17.322
18.4887
18.9477
18.3907
17.1333
14.9651
12.1419
8.99576
5.77158
2.40044
-0.840064
-3.89732
-6.55903
-9.10825
-11.2801
-13.1761
-15.0232
-16.5037
-17.87
-19.0548
-20.1543
-20.6587
-20.8256
-20.773
-20.392
-19.3614
-17.9389
-16.3205
-13.9581
-11.2202
-8.26093
-4.83717
-1.34991
2.07567
5.46314
8.7109
11.5069
13.8402
15.6528
16.9809
17.8954
18.5866
18.984
19.2598
19.7678
20.3049
20.8637
21.506
22.1791
22.9031
23.2442
23.5835
23.5635
23.1752
22.6999
21.858
21.0252
19.9166
18.7826
17.5688
16.0429
14.5478
12.7497
10.7358
8.4968
6.09818
3.4419
0.762045
-1.66924
-4.13319
-6.40481
-8.42604
-10.3275
-12.1837
-13.9436
-15.6981
-17.6123
-19.6317
-21.5985
-23.7413
-25.4287
-26.5319
-26.9782
-26.7496
-25.2854
-22.8087
-19.4013
-15.2554
-10.2912
-5.23815
-0.261273
4.64666
8.93044
12.5356
15.3298
17.6522
19.3904
20.4845
21.4498
22.034
22.5329
22.6944
22.6781
22.2336
21.3173
19.942
18.1276
15.8868
13.2124
10.4817
7.76379
5.33613
3.1389
1.35354
0.0344735
-0.919897
-1.7273
-2.41133
-3.12257
-4.25838
-5.81876
-7.46078
-9.52194
-11.9151
-14.272
-16.4402
-18.3399
-19.6499
-20.0835
-19.9112
-18.9278
-17.0807
-14.4662
-11.6956
-8.60385
-5.29077
-2.29339
0.315704
2.48572
4.21484
5.35609
6.32497
7.12331
7.74746
8.4714
9.53282
11.0751
13.0509
15.2554
17.5688
19.873
22.1211
24.0153
25.2437
25.9567
25.9077
24.8917
23.3131
21.3663
18.8896
16.0066
13.2324
10.6178
7.98333
5.61373
3.60701
1.92144
0.46267
-0.782003
-2.13191
-3.57617
-4.77367
-6.35038
-8.13392
-10.0917
-11.9677
-14.0543
-16.032
-17.7684
-19.2453
-20.3049
-20.8927
-20.9816
-20.6333
-19.688
-18.3889
-16.5963
-14.477
-11.7137
-8.70183
-5.37242
-1.54768
2.41314
6.68967
11.1621
15.7199
19.893
23.7486
27.3937
30.2006
32.1075
33.3975
33.882
33.6062
32.5466
30.9136
28.8452
26.6752
24.3619
21.78
19.4993
17.3674
15.2391
13.1453
11.476
9.87937
8.37887
6.85659
5.65909
4.51784
3.44735
2.54559
1.33902
0.141523
-1.08864
-2.35327
-3.98804
-5.53934
-6.93643
-8.17747
-9.20805
-9.94106
-10.1352
-10.1261
-9.65257
-9.06289
-8.68187
-8.24279
-8.01055
-8.09401
-8.38975
-9.1645
-9.8576
-10.6305
-10.997
-11.0714
-10.7975
-9.98098
-8.67461
-7.04529
-5.0041
-2.65446
-0.397352
1.75996
3.85196
5.69719
7.2231
8.59115
9.82131
10.6523
11.6411
12.5248
13.3031
13.9237
14.7673
15.5693
15.9648
16.1935
16.1862
15.8796
15.0359
13.6878
11.9659
9.88663
7.60049
5.02224
2.24985
-0.491701
-3.10443
-5.39056
-7.53699
-9.24252
-10.4908
-11.4887
-12.0077
-12.0911
-11.8516
-11.4053
-10.6523
-9.82494
-9.12095
-8.39701
-7.58779
-6.9328
-6.16531
-5.30891
-4.36906
-2.9756
-1.24286
0.869094
3.37296
6.30683
9.25341
12.0911
14.9742
17.3075
19.0058
20.0672
20.4518
20.1706
19.2344
17.9552
16.5037
14.8309
13.5299
12.5574
11.4615
10.665
9.96828
9.17902
7.9543
6.46105
4.6521
2.33512
-0.188697
-2.76332
-5.40326
-7.70936
-9.37678
-10.4836
-11.3236
-11.6049
-11.7337
-12.0494
-12.4885
-13.3013
-14.6621
-16.6434
-18.8534
-21.3681
-23.627
-25.4414
-26.8349
-27.3048
-26.7732
-25.3652
-23.2279
-20.3248
-16.6325
-12.9838
-9.19534
-5.43229
-2.00128
0.921712
3.81748
6.37941
8.58027
10.6069
12.7588
14.9125
17.1369
19.6281
22.0558
24.2294
26.3885
27.8564
28.3971
28.0705
26.8131
24.3981
21.1449
17.2277
12.7951
8.18836
3.7939
-0.0272159
-3.26772
-5.59377
-7.03622
-7.91801
-8.13574
-7.85995
-7.41724
-7.11424
-6.89469
-7.04166
-7.73113
-8.6093
-10.0155
-11.9968
-14.2593
-16.6979
-19.18
-21.7927
-23.8738
-25.5321
-26.8639
-27.6423
-27.6387
-26.9782
-25.534
-23.5635
-21.1286
-18.3526
-15.0994
-11.6157
-8.05409
-4.34184
-0.587863
3.12439
6.79853
10.313
13.5825
16.3785
18.7264
20.6206
21.7219
22.3207
22.542
22.0884
21.2266
20.2214
18.9386
17.4744
16.2279
14.9361
13.5245
12.3252
11.1948
9.97372
8.53491
7.17774
5.48128
3.44735
1.29185
-1.09408
-3.8066
-6.6806
-9.35683
-11.848
-14.165
-15.7344
-16.7178
-17.1732
-16.8993
-16.0882
-15.0903
-13.7894
-12.3578
-11.144
-10.1425
-9.11733
-8.06861
-7.05073
-5.59196
-3.83744
-1.62933
1.10134
4.37632
7.85995
11.3019
14.8254
17.8282
20.1125
21.8888
22.9357
23.1716
22.5856
21.6149
20.04
18.5304
17.0607
15.2391
13.8257
12.777
11.9006
11.0533
10.4836
10.2368
9.62717
8.74175
7.664
6.08547
3.97715
1.58215
-1.32814
-4.74827
-8.25005
-11.7663
-15.1756
-18.3526
-21.1849
-23.4438
-25.0713
-26.2162
-26.6879
-26.7133
-26.3051
-25.191
-23.794
-22.0412
-19.7624
-17.2349
-14.4281
-11.4035
-8.19017
-4.99502
-1.8652
0.932598
3.28042
5.55749
7.23399
8.23735
8.85787
9.1899
9.228
8.99576
8.89597
8.90867
8.97217
9.03749
9.34775
9.53645
9.36408
8.97943
8.05409
6.27599
3.90639
0.958
-2.56374
-6.48827
-10.4817
-14.321
-17.8065
-20.695
-22.8305
-24.282
-25.006
-25.2146
-24.9697
-24.585
-23.9409
-23.5853
-23.3095
-23.3712
-23.3567
-23.4438
-23.4002
-22.9394
-21.9886
-20.3285
-17.9516
-15.1212
-11.6339
-7.5134
-3.37477
0.684026
4.49244
8.08675
10.9843
13.2505
15.103
16.3041
17.0789
17.6359
17.7938
17.6667
17.4091
16.9664
16.2424
15.3371
14.1994
12.8622
11.3726
9.84127
8.38975
7.09972
5.77158
4.74464
3.62697
2.63631
1.35535
-0.255829
-2.22263
-4.50695
-7.03985
-9.9592
-13.06
-15.9576
-18.6157
-20.8819
-22.5674
-24.0135
-24.8191
-24.9316
-24.859
-24.8173
-24.5887
-24.1532
-23.627
-22.8414
-21.6784
-20.0182
-17.7702
-14.644
-10.8845
-6.39392
-1.50232
3.74491
8.83065
13.6152
17.7883
21.056
23.217
24.5379
25.0223
24.7084
23.9137
22.8958
21.8017
20.5897
19.6045
18.7717
17.8554
16.8485
15.8505
14.448
12.5774
10.5634
8.13211
5.54116
2.89759
0.107049
-2.53652
-4.72468
-6.74954
-8.53309
