500
2058
-1.09597
-1.546
-2.05075
-2.67726
-3.5138
-4.40857
-5.29629
-6.09929
-6.87935
-7.55705
-8.11827
-8.48889
-8.80832
-9.07305
-9.33248
-9.50014
-9.77193
-10.1108
-10.3931
-10.7779
-11.1785
-11.5579
-11.8862
-12.2992
-12.6416
-12.9257
-13.1145
-13.2681
-13.2116
-13.0051
-12.601
-12.0345
-11.3179
-10.4249
-9.45778
-8.41829
-7.3788
-6.40284
-5.55395
-4.65742
-3.82088
-3.04082
-2.16722
-1.17362
-0.11648
0.931836
2.20429
3.40085
4.61153
5.63867
6.40814
6.92347
7.13349
6.99936
6.54403
5.80986
4.71213
3.34437
1.81955
0.142952
-1.86544
-3.91971
-6.01458
-8.16415
-10.4408
-12.4368
-14.2882
-15.8783
-16.976
-17.5372
-17.5478
-17.0501
-15.7989
-14.1523
-12.0662
-9.68192
-7.22702
-4.76331
-2.43725
-0.27355
1.46305
2.8714
3.95324
4.72977
5.12863
5.53101
5.88045
6.08694
6.30578
6.68875
7.00995
7.25879
7.52352
7.54999
7.38762
6.96583
6.11341
4.86567
3.37614
1.62718
-0.400619
-2.50431
-4.44916
-6.32343
-7.97002
-9.25483
-10.2396
-10.9438
-11.175
-11.3003
-11.3426
-11.152
-11.092
-11.1644
-11.1873
-11.3568
-11.6462
-11.9974
-12.2321
-12.4315
-12.4915
-12.3821
-11.9568
-11.3532
-10.6473
-9.59368
-8.24887
-6.90229
-5.39335
-3.70617
-2.05251
-0.338849
1.41364
2.91375
4.37151
5.60866
6.55109
7.17055
7.53764
7.62058
7.45998
7.18643
6.91112
6.56521
6.40814
6.48932
6.65522
6.98877
7.53058
8.01414
8.44476
8.78891
8.88068
8.75008
8.42006
7.92943
7.17408
6.27577
5.35629
4.37328
3.34084
2.17252
1.00596
-0.208251
-1.77896
-3.43968
-5.0898
-6.95877
-8.91774
-10.8802
-12.9398
-14.8388
-16.6742
-18.4885
-20.1174
-21.6317
-23.0806
-24.2277
-25.1878
-25.9573
-26.4073
-26.4867
-26.2361
-25.749
-24.9372
-23.7018
-22.297
-20.8428
-19.2474
-17.6308
-16.0548
-14.7064
-13.3969
-12.3733
-11.4997
-10.7532
-10.252
-9.9537
-9.72427
-9.54779
-9.36954
-9.27071
-8.90715
-8.44653
-7.9259
-7.17761
-6.19989
-5.06686
-3.69028
-2.1231
-0.49592
1.30069
3.15024
4.9945
6.83523
8.443
9.78781
10.6826
11.2191
11.2685
10.6438
9.55838
8.03885
6.08517
4.00266
1.99604
0.146482
-1.43482
-2.55549
-3.05847
-3.13612
-2.72315
-1.86014
-0.797708
0.437681
1.61659
2.75492
3.58616
4.26739
4.70683
4.8939
4.96803
4.98568
4.8992
4.74036
4.80919
4.85684
4.92214
5.04921
5.25393
5.36335
5.44983
5.59631
5.72514
5.86457
6.20342
6.42226
6.77522
7.42469
8.09533
8.75008
9.48602
10.2149
10.7232
10.9491
11.0444
10.7955
10.2061
9.37484
8.36535
7.01701
5.69161
4.3521
3.13083
1.91662
0.991841
0.250607
-0.241783
-0.384735
-0.317671
-0.044121
0.524158
1.42246
2.34018
3.51556
4.77919
6.17871
7.51116
8.83303
10.1567
11.2632
12.1703
12.8869
13.3969
13.7216
13.6952
13.3651
12.7757
11.9903
11.0055
9.72427
8.383
7.04701
5.68808
4.43505
3.51909
2.79021
2.32253
2.35253
2.65079
3.22789
3.99913
4.9945
5.96163
6.85464
7.57823
8.00708
8.07944
7.79883
7.09643
5.9634
4.54623
2.78492
0.804768
-1.20715
-3.13083
-4.74566
-6.05164
-6.93583
-7.23232
-7.08054
-6.47344
-5.40218
-4.09267
-2.72315
-1.31657
-0.0476507
0.917717
1.56718
2.04192
2.36842
2.49549
2.58196
2.76374
3.09024
3.69205
4.48093
5.49572
6.58286
7.83766
8.93539
9.90782
10.6791
11.1467
11.1238
10.882
10.132
9.08717
7.80236
6.25107
4.64153
3.13612
1.7419
0.423562
-0.758882
-1.66425
-2.39665
-2.95611
-3.3232
-3.65322
-3.97795
-4.33268
-4.66447
-4.99097
-5.38277
-5.61749
-5.83633
-6.13106
-6.41343
-6.60933
-6.85817
-7.1529
-7.53587
-8.04768
-8.61772
-9.19306
-9.75604
-10.2731
-10.5573
-10.5838
-10.2943
-9.69251
-8.67419
-7.46704
-5.91398
-4.19503
-2.32959
-0.363557
1.55659
3.37791
5.01568
6.58639
8.0512
9.09952
10.0384
10.7567
11.1467
11.4079
11.4662
11.5068
11.4221
11.2262
11.0497
10.7091
10.2696
9.68545
8.74832
7.40351
5.69691
3.4485
0.794178
-2.19723
-5.44983
-8.84538
-12.1703
-15.2447
-17.9008
-20.0786
-21.6546
-22.5829
-22.9888
-22.6994
-21.8664
-20.7475
-19.2844
-17.516
-15.5147
-13.524
-11.4309
-9.26365
-7.18467
-5.03156
-2.90316
-0.797708
1.32893
3.43615
5.43571
7.26938
8.93539
10.3084
11.3585
11.9903
12.1509
11.8015
11.1326
10.192
9.07658
7.8906
6.88112
6.10106
5.71985
5.51866
5.65279
5.93163
6.06223
6.03046
5.58749
4.47034
2.9367
0.649462
-2.15311
-5.24864
-8.33534
-11.3285
-14.0675
-15.9612
-17.156
-17.6908
-17.5778
-16.713
-15.4371
-13.9317
-12.3239
-10.8202
-9.52308
-8.45006
-7.65941
-7.02054
-6.50697
-5.9581
-5.31041
-4.49329
-3.34614
-1.95544
-0.337085
1.63954
3.66557
5.71985
7.64353
9.3766
10.6932
11.4926
11.8668
11.6974
10.8573
9.72427
8.21181
6.54227
4.7086
2.96317
1.2601
-0.194133
-1.35187
-2.41783
-3.32849
-4.10502
-4.68918
-5.45865
-6.28283
-7.11584
-8.06532
-9.11717
-10.102
-11.1026
-12.0768
-12.7792
-13.2645
-13.5593
-13.4428
-12.848
-11.9815
-10.7902
-9.26718
-7.62588
-5.80986
-3.97442
-2.19899
-0.815357
0.515334
1.65189
2.32253
2.7761
3.29672
3.66734
4.02913
4.47211
5.08804
5.88927
6.92877
8.01061
9.156
10.3226
11.4221
12.2798
12.7916
13.0598
13.0051
12.5339
11.7591
10.7655
9.47896
8.04944
6.66933
5.06509
3.44673
1.85661
0.308847
-1.26363
-2.83963
-4.38387
-5.79574
-7.16525
-8.2471
-9.19835
-10.0119
-10.3561
-10.5026
-10.5573
-10.2802
-9.83722
-9.45778
-8.98834
-8.36711
-7.90825
-7.33115
-6.60227
-5.86986
-5.03333
-3.92324
-2.69491
-1.35716
0.130598
1.71013
3.15907
4.5127
5.68279
6.63227
7.16349
7.48116
7.46528
6.9923
6.3446
5.48513
4.39269
3.12553
1.87073
0.564749
-0.720055
-1.94838
-3.00905
-4.22326
-5.26276
-6.17871
-7.14055
-8.08474
-8.83126
-9.49132
-10.1425
-10.4885
-10.6138
-10.6226
-10.2114
-9.59015
-8.87715
-8.04062
-7.14937
-6.41167
-5.91222
-5.7375
-5.94046
-6.60404
-7.68235
-8.97598
-10.6667
-12.4615
-14.1293
-15.7159
-17.0113
-17.9308
-18.402
-18.4161
-17.869
-16.8154
-15.4212
-13.5681
-11.3497
-8.96539
-6.52285
-3.78735
-1.20362
1.14362
3.43968
5.40571
6.92347
8.08827
9.04481
9.56897
9.66427
9.62897
9.33601
8.93716
8.49594
8.07238
7.59764
7.20761
6.94112
6.78934
6.65169
6.65522
6.7364
6.79111
6.90759
7.05936
7.09996
7.06642
6.93053
6.75581
6.4805
6.09223
5.53101
4.93803
4.23738
3.50497
2.62255
1.75602
0.915953
-0.0847124
-1.01655
-1.83191
-2.58373
-3.15907
-3.40791
-3.65675
-3.70617
-3.4838
-3.05494
-2.60138
-2.08604
-1.46658
-0.83477
-0.183543
0.644167
1.53541
2.52902
3.70264
5.0951
6.61462
8.1518
9.68721
11.1997
12.2692
13.1216
13.644
13.6652
13.3281
12.698
11.768
10.7602
9.69251
8.77655
7.86943
7.20408
6.65169
6.16106
5.73926
5.27158
4.76331
4.15797
3.43791
2.56078
1.84249
1.21774
0.573573
0.241783
0.0723585
0.215311
0.432386
0.778295
1.18774
1.47541
1.61836
1.56718
1.26186
0.71829
-0.102361
-1.04832
-2.15664
-3.42556
-4.56741
-5.82751
-7.09819
-8.36711
-9.49308
-10.619
-11.5368
-12.3045
-12.8075
-13.051
-12.8569
-12.2815
-11.2332
-9.83722
-8.06356
-6.16283
-4.05031
-2.02251
0.0264726
1.8372
3.40438
4.79507
6.03223
7.01524
8.00179
8.96363
9.95547
11.0055
12.1315
13.2292
14.3358
15.3329
16.0512
16.5154
16.7748
16.6001
16.0495
15.1882
14.0058
12.6274
11.085
9.56544
7.9559
6.50344
5.09863
3.91442
3.03906
2.319
1.8672
1.63424
1.6466
1.91309
2.26253
2.8714
3.56674
4.39269
5.23099
6.19636
7.19879
8.10415
8.94421
9.7331
10.2908
10.6173
10.7744
10.5502
10.0914
9.17364
7.95061
6.57227
5.0598
3.42379
1.74366
0.178249
-1.14009
-2.28194
-3.062
-3.66205
-4.01678
-4.20562
-4.24444
-4.30621
-4.32739
-4.32916
-4.51093
-4.59741
-4.69801
-4.68565
-4.56564
-4.41563
-4.06796
-3.58969
-3.09553
-2.62432
-2.24841
-2.06663
-2.06133
-2.1884
-2.5749
-3.02141
-3.42203
-3.65322
-3.68146
-3.28084
-2.59079
-1.28657
0.464153
2.52372
4.83566
7.27467
9.80369
12.2215
14.3217
16.0495
17.2849
17.989
18.1532
17.8725
17.1084
15.9295
14.4788
12.8657
11.2526
9.63427
8.04238
6.61109
5.29452
4.13855
2.98435
1.84779
0.746528
-0.414738
-1.56541
-2.71433
-3.75735
-4.75272
-5.50454
-6.14694
-6.52462
-6.82464
-6.96406
-6.93406
-6.91465
-6.91465
-6.94994
-7.10172
-7.23938
-7.3188
-7.35233
-7.30997
-7.10525
-6.72581
-6.30048
-5.69161
-4.95391
-4.34857
-3.80323
-3.10083
-2.68785
-2.32959
-2.0631
-1.7419
-1.43305
-1.04302
-0.439445
0.259432
1.18421
2.22193
3.3532
4.48093
5.48513
6.34107
6.85994
6.98524
6.75405
6.03399
4.91861
3.61439
2.02074
0.374146
-1.09773
-2.43372
-3.51909
-4.22326
-4.54976
-4.52858
-4.21797
-3.56674
-2.69668
-1.71366
-0.458859
0.817121
2.08604
3.50321
4.93979
6.07105
7.20055
8.12533
8.61242
8.6036
8.26828
7.54117
6.35343
4.88155
3.38673
1.93074
0.66711
-0.188838
-0.661815
-0.734174
-0.240018
0.645932
1.62189
2.8061
3.90912
4.69095
5.27687
5.48336
5.35982
5.01391
4.48446
3.83147
3.13083
2.52372
2.1284
1.81602
1.70837
1.76661
1.87779
1.95721
2.07722
2.08251
2.00486
1.82485
1.63424
1.35716
1.1242
0.988311
1.01831
1.16832
1.47894
1.96427
2.54843
3.11318
3.70264
3.99384
4.15444
4.12443
3.7044
2.92787
2.11428
1.06067
0.0264726
-1.03949
-1.97486
-2.74962
-3.40261
-3.76088
-3.9603
-4.11384
-4.03796
-3.95854
-4.00089
-4.04678
-4.15797
-4.32563
-4.62741
-4.92391
-5.2804
-5.65985
-6.12223
-6.47167
-6.85641
-7.17408
-7.43704
-7.74236
-8.0212
-8.19063
-8.40594
-8.58419
-8.6636
-8.69008
-8.72184
-8.59654
-8.32829
-7.95237
-7.46704
-6.81582
-5.97222
-4.96626
-3.79088
-2.49019
-1.11009
0.344144
1.81426
3.14318
4.39445
5.53101
6.38167
6.97112
7.4441
7.78295
8.04591
8.21534
8.48889
8.83303
9.30424
9.94311
10.5979
11.1873
11.7927
12.1086
12.1315
11.8491
11.295
10.0755
8.68655
7.06995
5.19746
3.21554
1.3554
-0.432386
-2.07192
-3.52615
-4.78095
-5.79221
-6.68875
-7.44763
-7.99649
-8.42712
-8.7042
-8.6636
-8.37594
-7.79707
-6.91818
-5.75515
-4.14385
-2.38254
-0.469448
1.50541
3.47144
5.31394
6.97465
8.48889
9.74192
10.7691
11.6656
12.4933
13.1251
13.6669
14.184
14.6005
14.74
14.8105
14.4611
13.7834
12.8375
11.6409
10.1443
8.55066
6.927
5.40924
4.12973
3.122
2.56431
2.30665
2.37195
2.87316
3.44497
3.895
4.37857
4.64859
4.6433
4.42093
3.88265
3.21907
2.5749
1.97839
1.55306
1.53365
1.79484
2.39136
3.31437
4.49152
5.8628
7.14408
8.3477
9.47543
10.409
11.1538
11.7097
12.1403
12.638
13.1534
13.6669
14.2087
14.8723
15.5818
16.2489
16.7483
17.1437
17.4384
17.4207
17.216
16.826
16.203
15.5606
14.9288
14.154
13.3087
12.5851
11.8774
11.1679
10.4673
9.83193
9.17894
8.44123
7.61882
6.82288
5.91222
4.95214
3.91795
2.8661
1.98192
1.18774
0.55769
0.0652991
-0.142952
-0.231194
-0.192368
-0.183543
-0.27708
-0.61593
-1.1295
-1.93074
-3.11318
-4.50211
-5.95281
-7.35762
-8.68478
-9.68368
-10.2943
-10.4885
-10.2696
-9.74545
-8.92127
-7.9559
-6.85111
-5.73573
-4.83213
-3.98678
-3.24907
-2.69138
-2.27135
-1.92015
-1.75955
-1.82838
-1.92015
-2.21841
-2.65432
-3.1573
-3.90912
-4.60624
-5.26452
-5.79221
-6.37637
-6.57933
-6.68522
-6.58109
-6.35343
-5.87339
-5.43748
-4.99097
-4.5074
-4.00972
-3.58086
-3.20495
-2.8061
-2.39665
-1.91838
-1.36069
-0.742998
-0.067064
0.480037
0.981252
1.34657
1.40658
1.36599
1.05537
0.296493
-0.651226
-1.78425
-3.09024
-4.42269
-5.7728
-7.00465
-8.20122
-9.19482
-9.96429
-10.3879
-10.4973
-10.4108
-10.0314
-9.19129
-8.27887
-7.08407
-5.76397
-4.39269
-3.092
-1.77719
-0.741233
0.0600046
0.621224
0.873596
0.937131
0.635343
0.224135
-0.300023
-0.924777
-1.69248
-2.49196
-3.20319
-3.96383
-4.82508
-5.53278
-6.19989
-6.82288
-7.14408
-7.24114
-7.09996
-6.61815
-5.73044
-4.4174
-2.92787
-0.984781
0.991841
2.97023
4.78625
6.31107
7.44939
8.23475
8.34946
7.96473
7.11407
5.93516
4.42269
2.79904
1.14009
-0.289434
-1.49129
-2.46725
-3.13965
-3.52439
-3.61969
-3.42732
-3.30202
-2.97199
-2.58373
-2.22017
-1.86014
-1.37834
-0.71829
0.0494156
0.921247
1.98368
3.2526
4.49329
5.77632
6.8617
7.56411
7.93649
7.89413
7.29938
6.26519
4.74919
2.95081
0.864772
-1.2248
-3.36732
-5.32629
-6.91994
-8.33005
-9.5072
-10.2502
-10.6261
-10.7796
-10.6155
-10.2608
-9.50543
-8.49065
-7.2535
-5.55748
-3.65499
-1.26539
1.22833
3.96913
6.83523
9.64133
12.3398
14.6711
16.6072
18.2926
19.3868
19.9815
20.2357
19.9974
19.5033
18.8379
17.929
16.7589
15.3788
13.9493
12.3045
10.4885
8.58066
6.52815
4.41916
2.44783
0.437681
-1.37658
-3.01788
-4.54447
-6.02517
-7.47234
-8.87362
-10.3314
-11.9427
-13.7305
-15.4071
-17.1013
-18.6367
-19.978
-20.8075
-21.2646
-21.171
-20.5833
-19.595
-18.2185
-16.5383
-14.9782
-13.2716
-11.7097
-10.5114
-9.52838
-8.73243
-8.19945
-7.74942
-7.19702
-6.5758
-5.77632
-4.64153
-3.25437
-1.63248
0.21884
2.21488
4.0609
5.70044
7.05054
8.04062
8.52418
8.51889
8.07591
7.3135
6.27048
5.1251
3.9956
2.92258
2.05428
1.40481
1.06949
0.942425
1.0289
1.22833
1.57424
1.87956
2.19193
2.36489
2.48843
2.29606
1.93603
1.43835
0.727115
-0.245313
-1.33598
-2.61902
-3.97795
-5.48689
-6.99759
-8.54713
-10.1249
-11.5262
-12.8886
-14.1311
-15.1335
-15.8024
-16.1818
-16.2807
-15.9842
-15.2623
-14.1311
-12.7898
-11.0373
-9.06422
-6.99759
-4.72448
-2.50431
-0.374146
1.60248
3.30731
4.69448
5.79574
6.5052
6.91818
7.11937
7.11937
6.99407
6.957
7.00465
7.22349
7.50587
7.99297
8.503
8.98481
9.25836
9.45425
9.17894
8.61948
7.76707
6.5758
5.32982
4.04502
2.73021
1.57071
0.561219
-0.262961
-1.06243
-1.79131
-2.7108
-3.82088
-5.23805
-6.93053
-8.88597
-11.1291
-13.4322
-15.6894
-17.8637
-19.685
-21.0828
-22.0464
-22.5706
-22.5653
-22.1099
-21.3493
-20.1704
-18.6808
-16.9672
-15.1723
-13.0369
-10.8308
-8.51359
-6.04635
-3.55968
-1.17362
1.24421
3.60028
5.65455
7.52705
9.05716
10.2784
11.1944
11.6797
11.8386
11.5774
10.9632
9.93076
8.56301
6.95171
4.99979
2.85551
0.691818
-1.42599
-3.4838
-5.31041
-6.76817
-7.78648
-8.62478
-9.06246
-9.12952
-9.05893
-8.95304
-8.81185
-8.81009
-9.04305
-9.48426
-9.94488
-10.589
-11.272
-11.8421
-12.2815
-12.4439
-12.3115
-11.8791
-11.2509
-10.4496
-9.5372
-8.59301
-7.80236
-7.16525
-6.64639
-6.36225
-6.23165
-6.28989
-6.30225
-6.29166
-6.15047
-5.80456
-5.31217
-4.55858
-3.60557
-2.40371
-0.997135
0.375911
1.70307
2.94728
4.11031
5.03156
5.74279
6.28636
6.58109
6.69581
6.77346
6.79464
6.78758
6.79993
6.97289
7.2482
7.57117
7.9259
8.35476
8.77832
9.07481
9.246
9.18776
8.82421
8.33534
7.43704
6.42932
5.23981
4.06972
2.99846
2.06486
1.36069
1.04832
1.12244
1.54953
2.27664
3.26319
4.36445
5.46218
6.5758
7.52705
8.43241
9.1207
9.63956
10.169
10.5414
11.0091
11.4468
11.9109
12.2162
12.5198
12.7633
12.7669
12.5251
12.1686
11.6056
10.9402
10.1002
9.22306
8.34417
7.50057
6.75405
5.89457
5.2204
4.58329
3.86147
3.0973
2.48313
1.86191
1.36952
0.928306
0.753587
0.817121
1.10303
1.6713
2.36136
3.30555
4.33445
5.37747
6.29166
7.15996
7.92414
8.49771
8.85244
9.10129
9.28306
9.35366
9.56014
9.59721
9.59191
9.73133
9.84958
9.96253
10.1478
10.1902
10.3614
10.4584
10.7161
11.0338
11.3832
11.8297
12.2586
12.6239
12.9063
13.0581
12.8304
12.2056
11.2385
9.90076
8.14474
6.23695
4.24268
2.27135
0.626519
-0.693583
-1.57071
-1.9325
-1.6766
-0.935366
0.0370617
1.2901
2.61373
3.89853
5.04215
5.94222
6.55109
7.03466
7.38762
7.58352
7.63117
7.71941
7.81119
7.9559
7.97532
8.02473
7.93649
7.71236
7.23232
6.60756
5.82751
4.85684
3.76088
2.65962
1.42776
0.307082
-0.704172
-1.59012
-2.23252
-2.67726
-2.99494
-2.98258
-2.78668
-2.39489
-1.89897
-1.18774
-0.471213
0.21884
1.03243
1.66248
2.20782
2.64903
2.86963
2.88375
2.69491
2.33136
1.76837
0.99537
0.243548
-0.506509
-1.5107
-2.38607
-3.14318
-3.92148
-4.72977
-5.51513
-6.21224
-6.96406
-7.73
-8.46241
-9.19659
-9.83546
-10.2573
-10.4885
-10.5679
-10.3773
-10.0437
-9.54426
-8.88597
-8.19945
-7.52528
-7.02936
-6.55991
-6.32872
-6.20518
-6.14871
-6.34284
-6.42402
-6.45932
-6.49814
-6.40108
-6.00928
-5.34217
-4.63624
-3.65852
-2.4443
-1.20715
0.00529452
1.42952
2.79021
3.97972
5.16392
6.30578
7.4441
8.46771
9.52661
10.5079
11.3444
12.1262
12.5498
12.5127
12.0486
11.0444
9.51426
7.52528
5.10216
2.43019
-0.337085
-2.97199
-5.2804
-7.16878
-8.40064
-9.07481
-9.15423
-8.69008
-7.87472
-6.80523
-5.57866
-4.41034
-3.49968
-2.8714
-2.32253
-2.15311
-2.43725
-2.82728
-3.37791
-3.93913
-4.638
-5.12333
-5.52748
-5.80103
-5.97399
-5.93516
-5.83456
-5.55219
-5.23452
-4.90273
-4.50211
-3.94795
-3.30555
-2.60667
-1.8019
-0.854183
0.0900069
1.14362
2.17075
3.10436
3.85088
4.3221
4.58506
4.48976
4.14208
3.65322
3.07259
2.42666
1.84602
1.38364
1.1295
1.12067
1.24598
1.42952
1.68366
1.82308
1.79131
1.32187
0.757117
-0.248843
-1.52482
-2.87493
-4.25327
-5.55748
-6.55815
-7.13349
-7.1882
-6.70463
-5.60514
-4.05737
-2.18311
0.0476507
2.25547
4.17208
5.99693
7.29938
8.04062
8.21534
7.94355
7.29232
6.26872
5.22746
4.04855
3.01258
2.20782
1.75425
1.56365
1.61836
1.96074
2.41254
2.8714
3.37614
3.85618
4.21091
4.43505
4.61506
4.5427
4.6433
4.72095
4.65036
4.7333
4.87802
5.00509
5.01921
5.02803
4.90626
4.57623
3.9956
3.23142
2.10722
0.783589
-0.55416
-2.16722
-3.82618
-5.36159
-6.88994
-8.23298
-9.36778
-10.3455
-11.1291
-11.5721
-11.9144
-12.0962
-12.1545
-11.9797
-11.5985
-11.1909
-10.6014
-9.80722
-8.91598
-7.83942
-6.61462
-5.35982
-3.99384
-2.59255
-1.3854
-0.224135
0.910658
1.75602
2.33665
2.81139
3.122
3.22966
3.25966
3.28084
3.26143
3.22789
3.21025
3.21907
3.06376
2.8008
2.4143
1.71013
0.720055
-0.480037
-1.90603
-3.47497
-5.0245
-6.57403
-7.85178
-8.77126
-9.35013
-9.61838
-9.50896
-8.94774
-8.28416
-7.46175
-6.60404
-5.68455
-5.03686
-4.36798
-3.90912
-3.49968
-3.22083
-2.99317
-2.8361
-2.66315
-2.43901
-2.32606
-2.30135
-2.16722
-2.09134
-2.14252
-2.23782
-2.36842
-2.46901
-2.59961
-2.7408
-2.88199
-3.08494
-3.16612
-3.24201
-3.41497
-3.59322
-3.71499
-3.96736
-4.15973
-4.30974
-4.50564
-4.67506
-4.78978
-4.83037
-4.92744
-4.92391
-4.90979
-4.91332
-4.95391
-4.8939
-4.88155
-4.89037
-4.86037
-4.70154
-4.47387
-4.16326
-3.82618
-3.40261
-2.91905
-2.43195
-2.00309
-1.66425
-1.36246
-0.9989
-0.67064
-0.476507
-0.250607
0.00529452
0.310612
0.656521
0.875361
1.06773
1.13479
1.13479
0.813592
0.425327
-0.10942
-0.771236
-1.40834
-1.9625
-2.36842
-2.59608
-2.53961
-2.21664
-1.60248
-0.787119
0.232959
1.39599
2.65256
3.64969
4.68565
5.5416
6.28283
6.73993
7.05936
7.24644
7.1582
6.90759
6.42049
5.74809
4.91155
3.78911
2.49549
1.14538
-0.370617
-1.79837
