500
2058
1.81554
1.95935
2.01627
1.87147
1.65276
1.15044
0.247665
-0.835869
-1.87646
-3.16272
-4.57381
-5.71227
-6.70692
-7.69059
-8.31575
-8.53944
-8.74516
-8.71421
-8.38965
-8.14797
-7.91329
-7.48387
-7.15432
-7.07642
-6.98255
-6.88968
-7.11937
-7.57475
-7.97321
-8.61634
-9.39429
-10.0454
-10.6406
-11.11
-11.1239
-10.5907
-9.69688
-8.25782
-6.25354
-3.97462
-1.59684
0.914762
3.21465
5.04517
6.48023
7.35904
7.50884
7.27416
6.86371
6.10274
5.29284
4.82147
4.54685
4.43899
4.66868
5.23492
5.80914
6.49321
7.29513
7.7565
7.91029
7.94425
7.63067
6.79181
5.62439
4.33314
2.59948
0.657111
-1.25131
-3.20366
-5.01222
-6.43329
-7.50185
-8.22687
-8.29677
-7.87934
-7.24619
-6.31845
-5.05915
-3.89173
-2.99195
-2.04423
-1.42607
-1.14845
-0.93873
-0.756976
-0.785936
-0.778946
-0.527286
-0.287611
-0.000998649
0.536274
1.13746
1.61282
2.17306
2.83516
3.33648
3.92868
4.64172
5.15502
5.62139
6.11972
6.48223
6.35041
5.99189
5.41867
4.33214
3.01692
1.75862
0.394466
-0.84985
-1.71568
-2.28391
-2.56653
-2.26793
-1.64078
-0.963696
-0.172766
0.857839
1.64977
2.31587
2.97098
3.49227
3.7669
4.09446
4.39405
4.48593
4.51988
4.53786
4.24825
3.67603
3.09781
2.42072
1.41209
0.513305
-0.282618
-1.02162
-1.58585
-1.83751
-1.94437
-1.94237
-1.68172
-1.36016
-1.21536
-1.1055
-1.13746
-1.44904
-1.88145
-2.27093
-2.72631
-3.09381
-3.09281
-2.85214
-2.39376
-1.42507
-0.0848851
1.30124
2.89209
4.63273
6.2066
7.48088
8.56641
9.29043
9.605
9.76279
9.77677
9.45221
9.05175
8.87
8.59037
8.40562
8.52646
8.74317
8.92492
9.25148
9.62797
9.78676
9.74781
9.52411
8.92492
7.95224
6.84374
5.48757
3.90671
2.27093
0.791928
-0.575222
-1.75662
-2.45568
-3.05886
-3.3994
-3.34747
-3.1807
-3.14175
-2.8791
-2.71333
-2.79921
-2.96099
-3.05586
-3.30353
-3.57516
-3.78288
-3.92569
-4.19432
-4.20631
-4.08747
-4.0625
-3.93667
-3.78488
-3.68701
-3.5502
-3.21665
-2.81619
-2.37079
-1.66375
-0.778946
0.113846
1.16243
2.35381
3.31851
3.97362
4.43899
4.69764
4.48693
4.09446
3.56118
2.75228
2.217
2.13311
2.31587
2.84914
4.04652
5.53351
7.0964
8.87699
10.4209
11.4625
12.0177
12.0607
11.4096
10.1563
8.69324
7.06943
5.30482
3.74493
2.59449
1.61781
1.05258
0.878811
0.670093
0.705046
0.888797
1.06855
1.1055
1.3312
1.67473
1.96734
2.31587
2.952
3.59913
4.07049
4.46795
4.6517
4.48393
4.16037
3.59913
2.64043
1.61481
0.823885
0.0808905
-0.473359
-0.482347
-0.303589
0.111849
0.842859
1.68572
2.3628
2.99195
3.49727
3.64607
3.60013
3.33549
3.0319
2.50761
2.24197
2.19803
2.13811
2.4367
3.09182
3.96463
4.90736
6.25953
7.64965
8.87799
10.1133
11.1519
11.7661
12.0287
11.9668
11.4345
10.4019
9.10568
7.58274
5.85008
4.31716
3.00693
1.86548
1.1834
1.12747
1.33919
2.0672
3.2496
4.7316
6.02385
7.48787
8.76514
9.6809
10.2841
10.3899
10.1732
9.68989
9.06473
8.29877
7.40698
6.91564
6.78282
6.78781
7.08341
7.86835
8.61234
9.35734
10.1243
10.4958
10.35
9.89161
8.92292
7.22822
5.22792
3.09281
0.829877
-1.4051
-3.23063
-4.73459
-5.74522
-6.08976
-5.85907
-5.25589
-4.2153
-2.81819
-1.41109
-0.0529284
1.48898
2.75927
3.63109
4.41902
4.81049
4.76056
4.51888
4.06849
3.38841
2.65241
2.0682
1.55689
1.17841
1.22035
1.58985
2.04423
2.83217
3.80086
4.46895
4.86542
5.06814
4.72461
3.78987
2.75128
1.49997
0.019973
-1.26728
-1.97233
-2.25395
-1.94736
-0.90178
0.60618
2.38677
4.38207
6.25653
7.58374
8.49351
8.87998
8.46654
7.49985
6.40134
4.97826
3.52024
2.41273
1.5509
0.858838
0.593197
0.676085
0.79093
0.968689
1.24631
1.33519
1.27328
1.26828
1.30923
1.13147
1.17741
1.40011
1.50197
1.65376
2.01228
2.19803
2.19703
2.30888
2.48364
2.33983
2.19703
2.16207
1.98731
1.8455
1.7766
1.53193
1.13846
0.776949
0.39147
-0.179757
-0.720026
-0.97568
-1.17841
-1.20836
-0.83487
-0.235681
0.520296
1.45603
2.35282
3.00393
3.50226
3.8388
3.73095
3.23163
2.64242
1.88445
0.884803
0.150796
-0.358515
-0.737003
-0.794924
-0.497327
-0.106855
0.512307
1.40909
2.27492
2.88609
3.5482
4.07249
4.26323
4.2882
4.0615
3.4024
2.54556
1.60683
0.471362
-0.877812
-2.19004
-3.36545
-4.65969
-5.86606
-6.62404
-7.29013
-7.69958
-7.82142
-7.73653
-7.5338
-7.02349
-6.26952
-5.55348
-4.78652
-3.63208
-2.67438
-1.61581
-0.35452
0.862832
2.03025
3.31551
4.68566
5.93697
7.29513
8.71321
9.97949
11.2368
12.542
13.6495
14.4135
14.9957
15.1815
14.7361
13.8213
12.4462
10.345
7.66063
4.76955
1.69171
-1.49598
-4.431
-6.92263
-9.16959
-10.8703
-11.9418
-12.6349
-12.9245
-12.7507
-12.6049
-12.554
-12.3723
-12.1915
-12.4222
-12.6029
-12.7907
-12.9754
-13.0264
-12.9175
-12.5989
-12.0916
-11.2228
-10.1183
-9.02678
-7.70058
-6.22557
-4.79152
-3.53022
-2.32985
-1.22235
-0.460377
0.254655
0.824884
1.07055
1.2573
1.61981
1.86148
2.20701
2.85014
3.71298
4.58979
5.68431
6.68995
7.42295
7.95623
8.24584
7.81442
7.00452
5.97591
4.61975
3.11379
1.89943
0.931739
0.250661
-0.108853
-0.00898784
0.278623
0.611173
0.927744
0.999647
0.678082
0.231686
-0.508312
-1.42707
-2.2879
-2.65441
-2.70334
-2.40175
-1.49897
-0.277624
1.05457
2.54356
3.86976
4.53686
4.67467
4.28121
3.16072
1.58286
-0.212712
-2.18005
-4.07848
-5.56147
-6.59607
-7.28214
-7.26717
-6.70892
-5.93097
-4.92434
-3.68801
-2.41174
-1.20038
0.0139811
1.1095
1.97533
2.77125
3.59114
4.20531
4.65071
4.94631
5.04417
4.82147
4.45297
3.79486
2.74628
1.59684
0.290607
-1.24332
-2.75627
-4.10744
-5.45362
-6.68695
-7.5348
-8.04312
-8.32573
-8.28679
-7.79645
-7.0924
-6.10574
-4.76056
-3.35446
-1.96933
-0.490336
0.850849
1.91341
2.75527
3.33748
3.45832
3.23462
2.84914
2.23797
1.45004
0.778946
0.11085
-0.634142
-1.18739
-1.57087
-1.9943
-2.25095
-2.31986
-2.4407
-2.46466
-2.1431
-1.66774
-0.976678
0.0858838
1.48
2.90008
4.42102
5.913
7.08541
7.74552
8.04911
7.72954
6.67796
5.21594
3.62609
1.69371
-0.136815
-1.6248
-2.72132
-3.35047
-3.35746
-2.8112
-2.00229
-0.843858
0.53228
1.86348
3.18669
4.38007
5.23791
5.86506
6.41032
6.67097
6.68695
6.66298
6.55113
6.2815
6.03084
5.91899
5.74423
5.52852
5.46361
5.25189
4.78453
4.24126
3.6171
2.60248
1.46701
0.446396
-0.681078
-1.63179
-1.93139
-1.74164
-1.12947
0.204723
2.21101
4.52588
7.02849
9.55806
11.7771
13.5047
14.9168
15.6698
15.7517
15.4062
14.8229
14.038
13.31
12.7497
12.2974
11.9608
12.0737
12.2524
12.2304
12.1725
12.1605
11.7501
11.2138
10.6266
9.78076
8.96886
8.24984
7.54679
6.78082
6.25553
5.84609
5.29084
4.77853
4.33913
3.73894
3.15972
2.71033
2.3628
1.98332
1.75363
1.80656
1.91141
2.09716
2.43271
2.62944
2.71433
2.73929
2.52558
1.93538
1.26029
0.505316
-0.48035
-1.51894
-2.4367
-3.42536
-4.30418
-4.84145
-5.25089
-5.72226
-5.85408
-5.86406
-6.01186
-5.94296
-5.85108
-5.72226
-5.6863
-5.53052
-5.45362
-5.40269
-5.23092
-4.97427
-4.71162
-4.37708
-3.97362
-3.50725
-3.00393
-2.46866
-1.93338
-1.56288
-1.24931
-0.970686
-0.962697
-1.06356
-1.1834
-1.35217
-1.61581
-1.74664
-1.83052
-1.98332
-2.01527
-1.90243
-1.90542
-1.95036
-2.00329
-2.21201
-2.43271
-2.46666
-2.52059
-2.38377
-1.92739
-1.00564
0.0529284
1.25131
2.71033
4.13241
5.36774
6.4283
6.99354
6.99354
6.58409
5.85907
4.74658
3.47729
2.21001
1.08953
0.134818
-0.544263
-1.08553
-1.475
-1.71168
-1.94736
-2.53657
-3.40339
-4.44798
-5.82911
-7.62967
-9.44122
-11.3317
-13.305
-15.0007
-16.2131
-17.1158
-17.4244
-17.1738
-16.4747
-15.4321
-14.032
-12.4212
-11.0351
-9.81472
-8.84603
-8.41561
-8.4226
-8.77512
-9.58103
-10.5567
-11.3596
-11.9758
-12.3573
-12.2055
-11.3716
-10.2262
-8.57539
-6.54414
-4.42102
-2.34183
-0.362509
1.31123
2.61246
3.7709
4.81548
5.6174
6.42031
7.34007
8.16994
8.92991
9.70187
10.2861
10.2531
9.82171
8.90195
7.386
5.51753
3.45632
1.23033
-0.919755
-2.69835
-4.09646
-5.17899
-5.85108
-6.18763
-6.51319
-6.8687
-7.24719
-7.88633
-8.89396
-9.83369
-10.8373
-12.0137
-12.8017
-13.29
-13.4867
-13.275
-12.574
-11.6283
-10.5387
-9.24149
-7.92328
-6.82876
-5.89502
-5.17999
-4.77454
-4.62175
-4.67268
-4.91834
-5.53251
-6.08077
-6.5761
-7.16031
-7.56077
-7.77747
-7.94924
-7.82541
-7.37102
-6.7219
-5.97392
-5.04517
-4.01856
-3.2476
-2.54855
-1.91241
-1.65876
-1.66774
-1.76162
-2.14709
-2.68936
-3.02491
-3.26358
-3.45233
-3.3215
-2.87211
-2.31487
-1.57487
-0.704047
0.178758
0.829877
1.49997
2.00329
2.16307
2.23997
2.27492
2.20202
2.19303
2.3648
2.53956
2.71932
3.18968
3.65705
4.03055
4.44898
4.78153
4.80949
4.66269
4.42501
4.02555
3.40639
2.81519
2.13811
1.27727
0.557246
0.0259649
-0.595195
-1.07954
-1.31322
-1.43506
-1.47401
-1.14645
-0.699054
-0.213711
0.418434
1.10351
1.58386
1.90742
2.12213
1.90442
1.30923
0.589203
-0.382482
-1.58186
-2.6594
-3.7699
-4.75856
-5.41168
-5.65335
-5.66433
-5.43864
-4.8744
-4.11443
-3.2506
-2.34682
-1.39311
-0.737003
-0.177759
0.377489
0.513305
0.375492
0.281619
0.0449392
-0.431416
-0.773953
-0.926746
-1.07954
-1.02661
-0.708042
-0.301592
0.156788
0.801915
1.27228
1.51795
1.57986
1.38113
0.758973
0
-0.673089
-1.50496
-2.27792
-2.75427
-2.97497
-2.89708
-2.43171
-1.65576
-0.820889
0.161781
1.19638
2.09217
2.81419
3.38142
3.73694
3.74293
3.64906
3.25759
2.46167
1.68372
0.94572
-0.0998649
-1.21436
-2.09217
-2.79022
-3.33049
-3.49627
-3.39441
-3.1068
-2.53257
-1.72566
-0.935734
-0.159784
0.655113
1.29325
1.59085
1.82054
1.78259
1.47301
1.18739
0.919755
0.577219
0.278623
0.242672
0.463373
0.68008
1.17541
1.75562
2.34283
3.00693
3.73195
4.18633
4.55583
4.9513
5.22093
5.49456
5.92997
6.33243
6.48123
6.7948
7.04746
6.91165
6.38136
5.59742
4.40903
2.83716
1.01163
-0.941726
-2.98097
-4.75257
-6.19062
-7.32009
-8.01116
-8.06309
-7.77148
-7.19526
-6.30047
-5.22093
-4.1364
-2.94901
-1.73266
-0.764965
0.0729013
0.963696
1.56189
1.92639
2.16607
2.25794
2.04124
1.96234
1.9983
1.89743
1.97033
2.40375
2.86812
3.49727
4.35411
5.22193
5.91599
6.58509
7.0944
7.27715
7.22223
7.15032
6.97256
6.70093
6.54814
6.44528
6.34042
6.44727
6.68795
6.80379
6.82976
6.87769
6.64401
6.15167
5.42066
4.44698
3.13975
1.82153
0.358515
-1.1075
-2.35082
-3.40439
-4.23127
-4.75956
-4.75357
-4.54785
-4.25025
-3.52523
-2.64143
-1.91341
-1.13247
-0.18475
0.77595
1.74963
2.90507
4.20731
5.5445
7.08042
8.66927
9.98049
10.9512
11.6852
11.835
11.2687
10.2451
8.73618
6.77583
4.76255
2.954
1.39911
0.41344
0.0868824
0.34753
0.990659
2.03125
3.08483
3.8438
4.2093
4.01457
3.15573
1.75363
-0.0209716
-2.16008
-4.25824
-5.96692
-7.34606
-8.41262
-8.96087
-9.00282
-8.92292
-8.82805
-8.63132
-8.62732
-8.81307
-8.95888
-9.19855
-9.61399
-9.77277
-9.54808
-9.1626
-8.62932
-7.72754
-6.67397
-5.59543
-4.42701
-3.28955
-2.33584
-1.31822
-0.409446
0.327557
1.01563
1.7746
2.28391
2.68137
3.05187
3.27756
3.28256
3.41837
3.53422
3.5452
3.6221
3.93967
4.30617
4.5778
4.98326
5.34277
5.30282
5.13205
4.82147
4.00758
2.99694
1.8455
0.446396
-1.02062
-2.17006
-3.16172
-4.03953
-4.53686
-4.5798
-4.29319
-3.75492
-2.8102
-1.86847
-0.887799
0.109851
0.859836
1.20137
1.35117
1.21336
0.673089
0.00898784
-0.689067
-1.53892
-2.3668
-2.86812
-3.23862
-3.57117
-3.60912
-3.43835
-3.44334
-3.39241
-3.1777
-2.93103
-2.65641
-2.216
-1.7027
-1.22235
-0.481349
0.337543
0.966692
1.48299
1.95236
2.15408
2.19303
2.24696
2.32086
2.30788
2.54755
3.04788
3.53322
4.17635
4.82347
5.23991
5.21994
4.90137
4.11144
2.78623
1.24931
-0.320566
-1.95436
-3.24161
-3.82383
-3.92169
-3.44933
-2.2899
-0.657111
1.09751
3.05187
4.8734
6.30247
7.2402
7.76249
7.83639
7.39799
6.70193
5.69829
4.38307
3.05487
1.73266
0.306585
-1.10451
-2.32985
-3.44833
-4.40005
-4.93332
-5.25788
-5.37373
-5.07313
-4.42401
-3.63009
-2.71632
-1.58785
-0.570228
0.205722
0.86483
1.28926
1.25231
1.05757
0.644128
-0.166774
-1.23133
-2.32485
-3.48428
-4.7276
-5.70728
-6.52817
-7.15731
-7.3141
-7.07343
-6.48922
-5.47859
-3.97163
-2.31986
-0.45838
1.53792
3.49128
5.20995
6.81777
8.30476
9.37232
10.1632
10.8603
11.3077
11.4665
11.5164
11.4026
11.0421
10.4998
9.91758
9.18956
8.27979
7.51783
6.63802
5.77019
5.06315
4.44199
3.75592
3.28455
2.86812
2.35981
1.8455
1.46502
0.935734
0.438407
-0.0139811
-0.427422
-0.897785
-1.21635
-1.59784
-2.10016
-2.53257
-2.97597
-3.59613
-4.29519
-4.86442
-5.40568
-6.01786
-6.31945
-6.3584
-6.21359
-5.80315
-4.88838
-3.81284
-2.71233
-1.51994
-0.250661
0.669095
1.29724
1.71668
1.68971
1.38013
1.02262
0.45039
-0.160782
-0.468366
-0.618163
-0.673089
-0.420431
0.0519297
0.385478
0.589203
0.787934
0.666099
0.253657
-0.337543
-1.18939
-2.20102
-3.11778
-4.00458
-4.97527
-5.79116
-6.34441
-6.85372
-7.38301
-7.78746
-8.125
-8.45855
-8.59836
-8.56241
-8.45356
-8.09005
-7.34007
-6.58209
-5.75621
-4.73559
-3.81084
-3.16472
-2.63443
-2.217
-2.36879
-2.77924
-3.18669
-3.84879
-4.62274
-5.23092
-5.6923
-6.14269
-6.19162
-5.87006
-5.37273
-4.57681
-3.44833
-2.25994
-1.01363
0.342536
1.4021
2.13511
2.74329
3.07084
2.92504
2.44369
1.9194
1.28426
0.566234
0.0928743
-0.281619
-0.714034
-0.902778
-0.916759
-1.02561
-1.17241
-1.29425
-1.6258
-2.02126
-2.3678
-2.78523
-3.42337
-3.81584
-4.05252
-4.43999
-4.88239
-5.25988
-5.76819
-6.48123
-7.17329
-7.93926
-8.93191
-9.83669
-10.6386
-11.4665
-12.1476
-12.4502
-12.7737
-13.0483
-13.0583
-13.1093
-13.3579
-13.5517
-13.7104
-13.9541
-14.1009
-13.8902
-13.5297
-12.7597
-11.3347
-9.63696
-7.77148
-5.51254
-3.1777
-1.14146
0.512307
1.72467
2.28091
2.24296
1.78758
0.882805
-0.411443
-1.57387
-2.52059
-3.41738
-4.08048
-4.436
-4.77554
-5.14803
-5.48458
-6.02485
-6.86271
-7.68859
-8.44757
-9.32937
-9.87264
-9.83968
-9.54408
-8.89996
-7.77648
-6.49521
-5.35276
-4.29818
-3.55818
-3.41038
-3.81883
-4.64971
-5.97292
-7.45491
-8.89596
-10.3909
-11.7251
-12.561
-12.9085
-13.0044
-12.6828
-11.9418
-11.106
-10.2481
-9.28344
-8.48352
-8.0551
-7.76349
-7.78347
-8.10004
-8.70122
-9.4612
-10.331
-11.2368
-11.8679
-12.3233
-12.7008
-12.6109
-12.2524
-11.818
-11.1589
-10.2142
-9.35234
-8.54843
-7.64765
-6.75985
-6.09475
-5.2479
-4.25524
-3.37743
-2.52958
-1.49797
-0.549257
0.3695
1.31921
2.16807
2.78523
3.37743
3.97961
4.44598
5.00223
5.57745
6.01786
6.40533
6.82177
7.0904
7.02549
6.79381
6.48023
5.915
5.23192
4.76755
4.22728
3.73195
3.60612
3.58814
3.51125
3.6211
3.70898
3.42836
2.952
2.48963
1.74464
0.741996
-0.134818
-1.13646
-2.23398
-3.04788
-3.52024
-4.1354
-4.68766
-4.87141
-5.00123
-5.0272
-4.78652
-4.30817
-3.73994
-2.92304
-1.97932
-0.93873
0.149797
1.20337
1.88944
2.18904
2.35381
2.13112
1.37913
0.497327
-0.397462
-1.57087
-2.56553
-3.12078
-3.43535
-3.45932
-2.91605
-2.09516
-1.15344
0.140809
1.55889
2.68037
3.58215
4.37108
4.72261
4.71961
4.53686
4.04453
3.18968
2.48264
1.9194
1.21036
0.656112
0.435411
0.38448
0.520296
0.974681
1.61681
2.2919
3.18469
4.26723
5.19197
6.14868
7.10339
7.6846
7.97121
8.06908
7.79046
7.08541
6.15068
5.01322
3.74693
2.54655
1.72766
1.1804
1.06456
1.59185
2.53357
3.75192
5.47958
7.35604
8.92392
10.34
11.4934
11.9608
11.837
11.1689
9.95653
8.20689
6.30347
4.44299
2.48663
0.785936
-0.484345
-1.31123
-1.73765
-1.57886
-1.07554
-0.476355
0.49533
1.51994
2.38078
3.16771
3.92369
4.30318
4.53087
4.55583
4.39705
4.04553
3.51924
2.91905
2.09017
1.11948
0.256653
-0.679081
-1.54791
-2.0722
-2.47465
-2.66839
-2.36081
-1.74564
-0.902778
0.135816
1.38113
2.47365
3.18968
3.65106
3.63508
2.8821
1.72766
0.170769
-1.72267
-3.82682
-5.72226
-7.5388
-8.99383
-9.89061
-10.4499
-10.8024
-10.7514
-10.4948
-10.4678
-10.4608
-10.4479
-10.6606
-10.8433
-10.8303
-10.7235
-10.4479
-9.67591
-8.29078
-6.68995
-4.81049
-2.56852
-0.263643
1.97832
4.15837
6.09475
7.58973
8.7951
9.64994
10.0065
10.1433
10.2302
9.99747
9.59002
9.28344
8.94489
8.4236
8.04811
7.63067
7.00053
6.38736
5.75821
4.9523
4.0625
3.36245
2.70234
2.00628
1.69371
1.57187
1.45803
1.54591
1.87247
1.9953
1.9963
2.05422
1.91641
1.16742
0.418434
-0.366504
-1.40011
-2.42472
-3.19368
-3.80984
-4.01756
-3.63109
-2.86612
-1.63978
0.124831
2.24396
4.43899
6.73988
9.03178
10.9092
12.3663
13.5407
14.1079
14.1678
13.9471
13.5117
12.7807
12.0247
11.3946
10.8094
10.2911
9.93256
9.50713
8.96587
8.45356
7.79645
6.71491
5.56047
4.5059
3.11179
1.43606
0.0289608
-1.37114
-2.95101
-4.49192
-5.9859
-7.5398
-8.99083
-10.2192
-11.3297
-12.1705
-12.541
-12.5011
-12.0497
-11.072
-9.70986
-8.17094
-6.45327
-4.6537
-3.03589
-1.65176
-0.296599
0.85684
1.67274
2.52458
3.3265
4.07648
4.85842
5.65135
6.49721
7.26317
7.98419
8.51647
8.86101
9.27445
9.56905
9.63896
9.79674
10.1163
10.2991
10.4958
10.7764
11.0191
11.0131
10.8683
10.6176
9.8986
8.90695
7.85337
6.5062
5.04717
3.65905
2.34782
1.08054
0.187746
-0.400458
-0.922751
-1.25231
-1.22334
-1.19438
-1.19738
-1.07155
-0.968689
-1.02361
-1.02561
-0.933736
-0.851847
-0.714034
-0.409446
-0.0409446
0.397462
1.0346
1.54191
1.89144
2.24896
2.40974
2.42971
2.32286
2.16307
1.95835
1.71967
1.71568
1.69171
1.5499
1.60383
1.6268
1.31622
0.810903
0.215708
-0.852846
-2.18305
-3.53821
-5.10709
-6.81677
-8.36168
-9.60201
-10.7405
-11.5064
-11.6912
-11.5763
-11.1659
-10.0714
-8.78311
-7.51783
-5.96692
-4.32415
-3.01692
-1.90942
-0.902778
-0.469365
-0.343535
-0.263643
-0.385478
-0.6651
-0.853844
-0.798919
-0.677084
-0.352523
0.291605
0.866827
1.45004
2.06421
2.37379
2.2939
2.08318
1.56788
0.70904
-0.178758
-0.917758
-1.73865
-2.34782
-2.51859
-2.34483
-2.06521
-1.44604
-0.588204
0.155789
0.907771
1.79657
2.20901
2.19503
2.20102
1.82753
0.929742
0.134818
-0.75398
-1.8495
-2.75228
-3.30952
-3.80185
-4.02955
-3.83481
-3.43136
-2.98895
-2.35381
-1.77859
-1.49697
-1.37514
-1.27328
-1.59484
-2.06421
-2.54056
-3.0269
-3.48728
-3.67802
-3.66504
-3.67203
-3.45632
-3.01592
-2.64442
-2.38377
-1.91141
-1.51994
-1.36415
-1.05457
-0.660107
-0.411443
-0.200728
0.264642
0.503319
0.599189
0.750984
0.679081
0.368501
0.119838
-0.24367
-0.762967
-1.30124
-1.59085
-1.91641
-2.2899
-2.45268
-2.57751
-2.75727
-2.70833
-2.48364
-2.3638
-2.1451
-1.61481
-0.980673
-0.31058
0.547259
1.32521
1.91041
2.49862
2.8841
2.85014
2.47964
1.94537
1.06356
-0.0868824
-1.07355
-2.11314
-3.24361
-4.11243
-4.68566
-5.05116
-5.12307
-4.77054
-4.25724
-3.48728
-2.39076
-1.26928
-0.266639
0.848851
1.8495
2.35381
2.55954
2.56553
2.11913
1.26229
0.414439
