500
2058
4.66908
3.51536
2.22615
0.855665
-0.636044
-2.13061
-3.51108
-4.7247
-5.81282
-6.71412
-7.45284
-7.9748
-8.45967
-8.83474
-9.18556
-9.42087
-9.70894
-9.91002
-9.96422
-10.0227
-9.92429
-9.64477
-9.23833
-8.73776
-8.14165
-7.53698
-6.81965
-6.22781
-5.63313
-5.12686
-4.69903
-4.45374
-4.36389
-4.39812
-4.68904
-5.23096
-5.96684
-6.88382
-8.04753
-9.16417
-10.2252
-11.1949
-11.8253
-12.0235
-11.7868
-11.1736
-9.97563
-8.43686
-6.60716
-4.71186
-2.80373
-1.06958
0.393606
1.60865
2.46289
2.93208
3.06471
2.94634
2.63545
2.14629
1.40899
0.571869
-0.288074
-1.11949
-2.10921
-2.86362
-3.4797
-3.85192
-3.82625
-3.33424
-2.44292
-1.14944
0.745855
2.86933
5.21528
7.5983
9.86867
11.9308
13.5865
14.8358
15.4761
15.5802
15.1196
14.1969
12.6667
10.9668
9.0786
6.94229
4.78317
2.77948
0.869926
-0.944084
-2.42438
-3.72499
-4.75322
-5.60603
-6.34333
-6.93802
-7.41719
-7.78655
-8.13452
-8.46823
-8.67216
-8.79053
-8.80194
-8.66788
-8.41689
-8.02614
-7.24178
-6.40323
-5.42634
-4.07154
-2.6711
-1.17083
0.587557
2.32598
4.10434
5.77431
7.37868
8.78197
9.99987
10.8755
11.5629
11.8381
11.6542
11.2834
10.673
9.6847
8.44399
7.09489
5.52902
3.89898
2.2504
0.462059
-1.24357
-2.9335
-4.58494
-6.11943
-7.52272
-8.78483
-9.84728
-10.693
-11.2734
-11.7497
-11.9194
-11.8752
-11.7811
-11.5401
-11.1265
-10.7685
-10.3008
-9.69326
-9.08288
-8.23577
-7.25176
-5.98965
-4.58209
-3.00481
-1.30061
0.529086
2.36163
4.03018
5.56895
6.99363
7.97765
8.79196
9.59485
10.1111
10.5446
11.011
11.359
11.7782
12.1618
12.4342
12.6653
12.6852
12.4357
12.1148
11.5058
10.6516
9.6904
8.63794
7.4999
6.32479
5.15538
4.10862
3.07469
1.96518
0.8685
-0.265256
-1.50169
-3.08752
-4.75037
-6.67561
-8.70354
-10.8085
-12.9833
-15.0954
-16.9493
-18.4638
-19.4692
-20.1523
-20.1894
-19.763
-19.087
-18.0531
-16.7782
-15.5004
-14.1199
-12.7551
-11.4716
-10.1781
-8.87752
-7.55267
-6.11087
-4.73753
-3.3428
-2.14059
-1.01824
-0.0484877
0.588983
0.95264
1.15087
1.15515
1.14374
1.28492
1.58155
2.05645
2.72957
3.79773
4.93006
6.10945
7.25319
8.21296
9.0458
9.51642
9.77027
9.68613
9.41802
9.03297
8.56235
8.09316
7.69385
7.29026
6.77259
6.4617
5.97539
5.41636
4.73896
4.04016
3.14314
2.15628
1.1637
0.188246
-0.727315
-1.36193
-2.08497
-2.63117
-2.93208
-3.16453
-3.39128
-3.55101
-3.68364
-3.92608
-4.34535
-4.71329
-5.13542
-5.63027
-6.10802
-6.45456
-6.84247
-6.98936
-7.03499
-6.87384
-6.68274
-6.33905
-5.91407
-5.45486
-4.92863
-4.50222
-4.13143
-3.78489
-3.34422
-3.14599
-2.90783
-2.77093
-2.5727
-2.49997
-2.51138
-2.50425
-2.57983
-2.82797
-3.19306
-3.59664
-4.01022
-4.61346
-5.28373
-5.97824
-6.64852
-7.25176
-7.91633
-8.48677
-8.87752
-9.21123
-9.47934
-9.56633
-9.56063
-9.53924
-9.24261
-8.92744
-8.51957
-8.04895
-7.43145
-6.72553
-5.93261
-5.10261
-4.20559
-3.27862
-2.3759
-1.56872
-0.859943
-0.209638
0.292352
0.693089
1.05532
1.39616
1.89958
2.40727
2.92637
3.65654
4.40525
5.06981
5.68732
6.08092
6.17362
5.99821
5.48624
4.63913
3.53104
2.4144
1.322
0.221047
-0.777229
-1.49599
-2.07071
-2.42581
-2.69962
-2.84081
-3.02478
-3.15455
-3.34993
-3.55386
-3.80913
-3.99881
-4.26834
-4.35819
-4.55071
-4.62629
-4.74894
-4.93148
-5.05555
-5.09263
-5.11688
-5.16536
-5.11973
-4.88157
-4.49224
-3.99453
-3.33709
-2.56272
-1.64002
-0.653157
0.362231
1.45891
2.5456
3.76635
4.96571
6.06239
7.12341
8.14736
9.03725
9.67044
9.98418
9.93427
9.53924
8.77769
7.67817
6.31338
4.76177
3.10321
1.5074
0.0427832
-1.17083
-2.22473
-2.90926
-3.3485
-3.46972
-3.32854
-3.12603
-2.83082
-2.55559
-2.24612
-1.98799
-2.08069
-2.16341
-2.36306
-2.74098
-3.10749
-3.58238
-3.87616
-4.01877
-4.08723
-3.97599
-3.77776
-3.4084
-2.97486
-2.61691
-2.37304
-2.26609
-2.43294
-2.74383
-3.23156
-3.85477
-4.57068
-5.27375
-5.85703
-6.23067
-6.35902
-6.2378
-5.81424
-5.23239
-4.34107
-3.24012
-2.21475
-1.21077
-0.272387
0.610374
1.11664
1.41185
1.5459
1.34197
1.01254
0.459207
-0.209638
-0.955492
-1.73272
-2.51708
-3.38273
-4.31683
-5.30512
-6.28058
-7.34873
-8.57661
-9.85726
-11.0623
-12.2018
-13.1487
-13.8575
-14.224
-14.2254
-13.7063
-12.9462
-11.7868
-10.3821
-9.00587
-7.60971
-6.33049
-5.46057
-4.72042
-4.37387
-4.26692
-4.29401
-4.29686
-4.23269
-4.13714
-3.52819
-2.58553
-1.45463
-0.108384
1.57157
3.32711
5.00564
6.5929
8.05466
9.2369
10.1838
10.9268
11.5886
12.0421
12.5269
12.9804
13.4824
14.0971
14.7944
15.4833
16.2961
17.0206
17.7009
18.0959
18.267
18.046
17.3372
16.232
14.6561
12.4285
9.92571
7.08918
4.12858
0.976884
-2.00226
-4.82738
-7.29597
-9.27398
-10.9468
-12.2018
-13.0246
-13.3683
-13.6364
-13.702
-13.5252
-13.2585
-13.0275
-12.6482
-12.1576
-11.6
-10.7571
-9.76599
-8.56378
-6.99791
-5.07124
-2.9221
-0.606096
1.91812
4.4466
7.0136
9.45224
11.7483
13.5523
15.1481
16.433
17.139
17.3843
17.39
16.9778
16.1749
15.0426
13.7648
12.3059
10.8684
9.3681
7.97765
6.74121
5.71584
4.80741
3.99595
3.3485
2.83225
2.22473
1.52023
0.772951
-0.145463
-1.22503
-2.36163
-3.78061
-5.17107
-6.62855
-8.01758
-9.34243
-10.6031
-11.6328
-12.3544
-12.8407
-12.8863
-12.5911
-12.0064
-10.8755
-9.428
-7.82791
-5.93546
-3.89898
-1.97088
-0.0941231
1.7099
3.18022
4.50508
5.72012
6.6642
7.43858
8.13595
8.77199
9.29395
9.75601
10.1781
10.3906
10.4448
10.2822
9.95994
9.31106
8.49533
7.39722
6.01818
4.58066
3.03048
1.46319
-0.0912709
-1.45035
-2.66112
-3.66652
-4.44518
-4.94289
-5.47768
-5.85988
-6.1836
-6.63853
-7.27172
-7.93487
-8.6522
-9.54637
-10.2894
-10.8398
-11.2135
-11.0495
-10.5233
-9.62052
-8.31421
-6.70841
-4.92007
-3.10606
-1.43609
0.0827143
1.27351
2.08782
2.65969
2.79089
2.65684
2.3873
1.91954
1.43752
0.888465
0.376493
-0.0427832
-0.360805
-0.484877
-0.530512
-0.316596
0.119793
0.691662
1.35765
2.31743
3.28005
4.13429
5.03987
5.69302
6.04242
6.01675
5.76718
5.06981
3.88187
2.48428
0.741576
-1.14231
-3.0205
-4.79315
-6.4075
-7.82505
-8.94027
-9.679
-10.1995
-10.442
-10.509
-10.5546
-10.5646
-10.5418
-10.6131
-10.7186
-10.8712
-10.8898
-10.7343
-10.4833
-10.0184
-9.27683
-8.38979
-7.28028
-6.11943
-4.84306
-3.52391
-2.36449
-1.17369
0.0142611
1.15515
2.35736
3.73355
4.92292
6.21926
7.59117
8.93029
10.0598
11.0937
11.9437
12.5654
12.9847
13.3256
13.5594
13.7363
13.8931
14.0985
14.2611
14.3581
14.3852
14.3638
13.8689
13.1944
12.2175
10.9311
9.40518
7.68102
5.90694
4.20559
2.55131
1.24927
0.0784359
-0.721611
-1.32771
-1.7427
-1.98229
-2.2176
-2.42153
-2.69392
-3.03618
-3.56099
-3.92465
-4.27119
-4.77889
-5.01705
-5.19531
-5.16822
-5.0798
-4.86018
-4.56925
-4.33965
-4.1129
-3.91894
-3.77919
-3.68364
-3.58096
-3.38701
-3.08039
-2.68536
-1.97231
-1.15943
-0.192525
0.792916
1.91241
2.97486
3.97884
4.80456
5.49622
5.94402
6.27773
6.44743
6.533
6.44173
6.32907
5.95685
5.52332
4.87586
4.17707
3.27577
2.24184
1.17083
0.213916
-0.713054
-1.36193
-1.7042
-1.71418
-1.42326
-0.822864
-0.0328005
0.857091
1.73557
2.35165
2.76237
2.95775
2.80373
2.36021
1.73557
1.05247
0.432111
-0.119793
-0.367936
-0.447798
-0.201081
0.203933
0.837125
1.72131
2.62261
3.53532
4.41951
5.2823
6.14795
6.80539
7.51702
8.12596
8.70211
9.16702
9.63621
10.0227
10.3264
10.4762
10.5503
10.4191
10.0113
9.47364
8.60799
7.57834
6.09519
4.42236
2.61691
0.745855
-1.2236
-3.14172
-4.95002
-6.43032
-7.6525
-8.46966
-9.06862
-9.23833
-9.13707
-8.83759
-8.43543
-7.93914
-7.40721
-7.05923
-6.70271
-6.46027
-6.27345
-6.12799
-6.10374
-5.95828
-5.73866
-5.45914
-5.06268
-4.57781
-4.02448
-3.35991
-2.67253
-1.9609
-1.22788
-0.419276
0.513399
1.46604
2.63545
3.76065
5.28801
6.96369
8.67359
10.479
12.2931
14.0629
15.6943
17.0049
17.9419
18.3626
18.3497
17.7722
16.7753
15.3706
13.6108
11.6228
9.59913
7.65963
5.89553
4.25978
2.97629
1.96232
1.24642
0.68168
0.288074
-0.0356527
-0.36651
-0.711628
-1.09525
-1.48315
-1.96518
-2.3816
-2.86362
-3.25153
-3.63087
-3.99881
-4.20131
-4.41095
-4.68904
-4.91437
-5.20102
-5.45201
-5.61887
-5.71156
-5.70586
-5.54756
-5.15823
-4.5992
-3.74781
-2.64971
-1.47602
-0.168281
1.40044
2.75096
4.09436
5.2495
6.2706
7.08776
7.64537
8.03041
8.19727
8.30137
8.19156
8.07177
7.855
7.53698
7.19044
6.72267
6.2164
5.68732
5.10689
4.52932
4.09436
3.73926
3.59522
3.78917
4.13714
4.65624
5.32509
6.07665
6.82678
7.46995
8.02186
8.43971
8.68928
8.9474
9.09714
9.24118
9.57346
10.0099
10.3393
10.9297
11.5215
11.9765
12.2389
12.4399
12.5312
12.4185
12.169
11.9308
11.7739
11.7083
11.8766
12.2203
12.7095
13.4739
14.3794
15.2922
16.3575
17.3486
18.17
18.9287
19.4336
19.7544
20.0197
20.0183
19.8229
19.4478
18.876
18.1658
17.3001
16.3375
15.2394
14.0529
12.8107
11.5329
10.191
8.87467
7.60971
6.48879
5.49907
4.68049
4.09436
3.76635
3.67508
3.75779
4.0801
4.56497
5.09121
5.70015
6.12513
6.60288
7.03499
7.34873
7.56122
7.88495
8.16304
8.64792
9.19554
9.92856
10.8498
11.7711
12.7965
13.8133
14.7089
15.536
16.1193
16.4031
16.4245
16.105
15.6173
14.8643
13.9573
12.9491
11.9237
10.75
9.68755
8.60799
7.52129
6.54156
5.51048
4.47513
3.5125
2.47145
1.52451
0.660288
-0.0755837
-0.695941
-1.06958
-1.25925
-1.22788
-1.03535
-0.677401
-0.155446
0.477746
1.158
1.87248
2.55986
3.23584
3.88044
4.468
5.0527
5.57038
5.96398
6.31338
6.65279
6.97224
7.36157
7.71952
8.18016
8.67644
9.28396
9.94283
10.6288
11.1764
11.6242
11.7868
11.6499
11.175
10.5019
9.26828
7.96767
6.5273
4.97854
3.48969
2.24897
1.21219
0.462059
-0.0541921
-0.409293
-0.551904
-0.644601
-0.774377
-0.925544
-1.18652
-1.60009
-1.97659
-2.38588
-2.79517
-3.18593
-3.4797
-3.45403
-3.36704
-3.11034
-2.69107
-2.13061
-1.47317
-0.671697
0.268108
1.08384
1.97659
2.85364
3.71644
4.45659
5.06126
5.5005
5.83849
5.86273
5.86986
5.56182
5.18818
4.84734
4.54073
4.24838
4.22984
4.42236
4.89012
5.68447
6.70841
8.02471
9.40946
10.8498
12.3558
13.6336
14.4393
14.9485
14.9413
14.4493
13.5509
12.1561
10.5061
8.76771
7.04355
5.49907
4.32824
3.46687
3.04759
3.19306
3.72357
4.67906
5.77574
7.07207
8.50816
10.007
11.4388
12.7266
13.9074
15.1082
16.145
16.9664
17.6367
18.2528
18.7006
18.9844
19.03
18.9487
18.8261
18.4068
17.949
17.4085
16.6954
16.0138
15.3164
14.4707
13.5437
12.6838
11.7896
10.8669
9.91145
9.02584
8.17873
7.22181
6.31338
5.40495
4.44518
3.39271
2.28035
1.09097
0.0142611
-1.06245
-1.99798
-2.83938
-3.38701
-3.67508
-3.74639
-3.63087
-3.40412
-3.14029
-2.91924
-2.86077
-3.06185
-3.51963
-4.20417
-5.06554
-6.19501
-7.29739
-8.35842
-9.32104
-10.094
-10.7771
-11.1878
-11.4331
-11.5201
-11.5016
-11.5329
-11.4959
-11.4588
-11.4231
-11.4516
-11.4089
-11.4089
-11.4388
-11.4046
-11.3647
-11.2734
-11.1108
-11.108
-10.9525
-10.78
-10.5603
-10.4006
-10.064
-9.79023
-9.44369
-9.05008
-8.50103
-7.98763
-7.40578
-6.70841
-5.87129
-4.86873
-3.74353
-2.41155
-0.976884
0.63747
2.28605
3.92037
5.49765
6.71412
7.61684
8.14165
8.09602
7.67817
6.74834
5.25521
3.40127
1.29063
-1.02395
-3.43692
-5.91835
-8.25431
-10.5831
-12.7651
-14.783
-16.4402
-17.872
-19.0671
-19.9056
-20.3006
-20.5431
-20.3463
-19.9284
-19.3623
-18.672
-17.7636
-16.9678
-16.1992
-15.4034
-14.706
-13.9174
-13.2799
-12.4856
-11.6185
-10.6687
-9.69896
-8.73063
-7.61684
-6.5601
-5.65167
-4.7033
-3.84194
-3.06756
-2.16483
-1.21647
-0.195377
0.958345
2.34595
4.00166
5.63741
7.55267
9.41802
11.155
12.6225
13.7348
14.3695
14.5477
14.0714
13.0902
11.5657
9.67044
7.48992
5.14682
2.73385
0.510547
-1.55446
-3.49396
-5.22669
-6.86101
-8.28997
-9.57346
-11.0081
-12.2745
-13.5038
-14.5905
-15.5203
-16.105
-16.2505
-15.9539
-15.2622
-14.2254
-12.7023
-11.0395
-9.24831
-7.51987
-6.08235
-4.88299
-3.95032
-3.35991
-3.00053
-2.86648
-2.71674
-2.61976
-2.31172
-1.91098
-1.24784
-0.333709
0.68881
1.77265
2.95062
4.18277
5.2766
6.38611
7.30167
8.27428
9.18556
10.0469
11.0666
12.0349
13.2699
14.2925
15.4262
16.463
17.3343
17.9561
18.1586
17.9019
17.4299
16.5129
15.1453
13.5323
11.6214
9.66331
7.72523
5.76433
3.85334
1.91669
0.181116
-1.52308
-3.20732
-4.7304
-6.24207
-7.68244
-8.89464
-9.9742
-10.7757
-11.3219
-11.5458
-11.5372
-11.3033
-10.8627
-10.1924
-9.45367
-8.73776
-7.82933
-6.8824
-5.83136
-4.80313
-3.46116
-2.1577
-0.70735
0.737298
2.15057
3.46259
4.66195
5.45201
6.02958
6.35759
6.22211
5.89125
5.38356
4.77176
4.1514
3.64656
3.24725
3.00481
2.97914
3.13031
3.29431
3.58381
3.8947
4.01592
3.90896
3.61233
3.15027
2.38873
1.3548
0.114089
-1.25498
-2.75667
-4.31826
-5.84847
-7.38296
-8.80907
-10.1553
-11.2335
-12.1661
-12.8521
-13.3384
-13.4853
-13.4625
-13.1216
-12.5968
-11.8609
-11.1008
-10.2266
-9.32104
-8.50103
-7.82078
-7.25746
-6.8881
-6.60573
-6.51589
-6.48594
-6.50733
-6.62285
-6.5658
-6.53728
-6.42604
-6.14082
-5.69017
-5.10261
-4.48511
-3.73355
-2.86077
-1.85394
-0.961197
0.039931
1.00683
1.81544
2.66825
3.32854
3.7906
4.03161
3.94461
3.59237
3.01337
2.08925
0.985441
-0.185394
-1.46176
-2.6383
-3.59807
-4.39669
-4.86588
-5.12543
-5.15966
-5.13827
-5.12971
-5.3151
-5.58321
-6.26917
-7.26745
-8.521
-10.0783
-11.6185
-13.1501
-14.6319
-15.864
-16.8423
-17.4812
-17.8706
-17.959
-17.9832
-17.882
-17.7237
-17.601
-17.4827
-17.4456
-17.3914
-17.3201
-17.2716
-17.1361
-16.9136
-16.6769
-16.3774
-15.9852
-15.5603
-15.1724
-14.803
-14.4493
-14.0957
-13.9217
-13.6878
-13.5837
-13.5152
-13.3769
-13.2928
-13.25
-13.0418
-12.7337
-12.4414
-12.082
-11.7226
-11.4146
-11.1365
-11.0395
-11.0752
-11.3019
-11.7369
-12.4057
-13.0717
-13.7006
-14.3381
-14.8173
-14.9371
-14.7274
-14.1855
-13.2514
-11.9622
-10.3065
-8.70639
-7.05496
-5.43062
-4.0915
-3.1517
-2.52279
-2.36734
-2.60978
-3.20019
-3.87759
-4.71614
-5.55184
-6.2378
-6.81394
-7.19757
-7.47566
-7.68244
-7.94057
-8.3684
-9.01015
-9.92856
-11.145
-12.5997
-14.1099
-15.6473
-17.0235
-18.2143
-18.8631
-19.0856
-18.8275
-18.0588
-16.9493
-15.5389
-14.0158
-12.3829
-10.8056
-9.45224
-8.33275
-7.47851
-6.80681
-6.4075
-6.15366
-5.97682
-5.94402
-5.85988
-5.7244
-5.5062
-5.14255
-4.59492
-3.80913
-2.79517
-1.58155
-0.188246
1.42468
3.15883
4.83878
6.48737
8.02328
9.27968
10.3307
10.904
11.2249
11.2491
11.0224
10.7928
10.4049
9.96564
9.73034
9.66759
9.72463
9.91002
10.1653
10.3065
10.2994
10.1239
9.56348
8.77199
7.60258
6.08235
4.38671
2.43151
0.489155
-1.45748
-3.25723
-5.01277
-6.53015
-7.77371
-8.75345
-9.51499
-9.92429
-10.0983
-9.94283
-9.62338
-9.0786
-8.34273
-7.60971
-6.7897
-6.15366
-5.47483
-4.91865
-4.64341
-4.5065
-4.41666
-4.40525
-4.26549
-4.15853
-3.80628
-3.20161
-2.37019
-1.23929
0.0955492
1.71846
3.45403
5.2766
7.05638
8.80194
10.4334
11.8609
12.9833
13.9231
14.5905
14.9328
15.2365
15.1966
14.9456
14.6533
14.2083
13.6949
13.2029
12.4485
11.8781
11.1621
10.5304
10.0027
9.49218
9.05436
8.64079
8.26002
7.91918
7.54982
7.0193
6.23209
5.22669
4.06298
2.53419
0.89417
-0.775803
-2.39871
-3.74781
-4.78744
-5.32509
-5.3422
-4.67906
-3.43407
-1.77693
0.215342
2.38445
4.57638
6.63996
8.43971
9.87009
11.0067
11.8709
12.4485
12.7708
12.999
13.163
13.4425
13.588
13.829
13.9858
14.0871
13.9673
13.7391
13.3427
12.6781
11.8681
10.9924
9.90004
8.84615
7.86499
6.87527
6.08806
5.4021
4.69332
4.16138
3.6708
3.20304
2.6326
2.16055
1.64715
0.991145
0.492007
-0.0556182
-0.547625
-1.00255
-1.44893
-1.88531
-2.34167
-2.78804
-3.30144
-3.94034
-4.52504
-5.07124
-5.79998
-6.42747
-6.85673
-7.2703
-7.59973
-7.82363
-7.83932
-7.84645
-7.76658
-7.55124
-7.33305
-7.03927
-6.55582
-5.91835
-5.16108
-4.18991
-3.11034
-1.82542
-0.305187
1.30917
3.00624
4.64911
6.4075
7.96054
9.34243
10.606
11.436
12.0877
12.4784
12.4328
12.1119
11.6156
10.9653
10.0056
9.08288
8.25431
7.38724
6.49877
5.87699
5.32081
4.7361
4.27975
3.88614
3.56384
3.18022
2.83368
2.5456
2.14629
1.84966
1.43894
0.91984
0.359379
-0.34084
-1.10238
-1.88531
-2.77806
-3.57953
-4.30827
-4.83451
-5.08408
-5.09406
-4.7247
-4.09578
-3.08325
-1.80973
-0.521956
0.832847
2.25753
3.5453
4.59349
5.42634
6.19216
6.73551
6.92518
7.19186
7.39009
7.6853
7.84074
8.15306
8.42687
8.65933
8.66503
8.55237
8.10742
7.34446
6.24921
4.85875
3.17309
1.40757
-0.39931
-2.13774
-3.7692
-5.08122
-6.27345
-7.23179
-8.05751
-8.70782
-9.40803
-10.1567
-10.8299
-11.5115
-12.2332
-12.7679
-12.9647
-12.9134
-12.5341
-11.8096
-10.7343
-9.32817
-7.69671
-6.06096
-4.4352
-2.92067
-1.49599
-0.444946
0.643175
1.41755
2.06073
2.68821
3.34708
3.96743
4.66765
5.45201
6.31481
7.19186
8.1716
9.15847
10.0712
11.0523
11.9151
12.4228
12.9548
13.1487
13.0332
12.4813
11.6684
10.5646
9.05579
7.45855
5.6317
3.83908
2.15342
0.767246
-0.429259
-1.32628
-1.86107
-2.11349
-2.22615
-2.12347
-1.86678
-1.63432
-1.45748
-1.25783
-1.28207
-1.11949
-1.01254
-0.975458
-0.800047
-0.506268
-0.122645
0.242438
0.752985
1.23644
1.7099
2.11492
2.51708
2.70533
2.83225
3.06471
3.04902
2.9877
2.94634
2.74811
2.45861
2.06073
1.45606
0.600391
-0.345118
-1.56444
-2.9606
-4.50365
-5.95115
-7.33162
-8.66931
-9.81875
-10.6815
-11.2677
-11.6085
-11.5886
-11.3775
-10.8627
-10.171
-9.41802
-8.4668
-7.3416
-6.32336
-5.3422
-4.38956
-3.47828
-2.82655
-2.2561
-1.82399
-1.52451
-1.40899
-1.27066
-1.13661
-1.09097
-1.01539
-0.905579
-0.914135
-0.965475
-1.07243
-1.26068
-1.53449
-1.81401
-2.19478
-2.38303
-2.42724
-2.3103
-2.06928
-1.54305
-0.737298
0.108384
1.03963
1.92525
2.81514
3.36847
3.79345
3.89042
3.83338
3.43122
2.79517
1.92667
0.954066
-0.079862
-1.30061
-2.55986
-3.6979
-4.87872
-6.00391
-7.06637
-8.03184
-8.83474
-9.53638
-10.1296
-10.6102
-10.9539
-11.1151
-11.0752
-10.9397
-10.5946
-10.0184
-9.37809
-8.45682
-7.45427
-6.42604
-5.34077
-4.32824
-3.37132
-2.65113
-2.06215
-1.64145
-1.47174
-1.38332
-1.33341
-1.32343
-1.27637
-1.17226
-0.835699
-0.319448
0.386475
1.12805
2.04219
3.00196
3.94461
4.82167
5.64881
6.30768
6.97509
7.6254
8.04182
8.3627
8.61797
8.7563
8.68072
8.27
7.60543
6.52587
5.09691
3.20019
1.07956
-1.28492
-3.73783
-6.0795
-8.22579
-10.0569
-11.4702
-12.4143
-12.9377
-13.0346
-12.8378
-12.4442
-11.8567
-11.1736
-10.75
-10.2067
-9.72178
-9.22407
-8.79338
-8.17588
-7.34873
-6.5273
-5.50906
-4.35676
-3.13601
-1.81829
-0.547625
0.596113
1.70563
2.62261
3.46544
