500
2058
-1.44427
-2.54048
-3.83186
-5.1818
-6.71389
-8.24274
-9.63171
-10.7897
-11.7493
-12.4422
-12.8878
-13.0374
-13.0342
-12.865
-12.6406
-12.2958
-11.8859
-11.4728
-10.8808
-10.2758
-9.50484
-8.63308
-7.64421
-6.61306
-5.61443
-4.74917
-3.87415
-3.32117
-2.92757
-2.77143
-2.78444
-3.06744
-3.55212
-4.11812
-4.90856
-5.8649
-6.90581
-8.05732
-9.42678
-10.6954
-11.8502
-13.0049
-13.8149
-14.215
-14.2182
-13.906
-13.0017
-11.6973
-10.0969
-8.33382
-6.4374
-4.64183
-2.9601
-1.36945
-0.0357814
1.06043
1.93545
2.66734
3.1943
3.60742
3.73753
3.68874
3.54887
3.29189
2.75517
2.33555
1.96798
1.75329
1.90292
2.52096
3.59115
5.08421
7.24736
9.71953
12.4324
15.1843
17.7866
20.1092
21.8722
23.1441
23.6125
23.3945
22.5098
21.1175
19.0422
16.7327
14.3614
11.7623
9.12426
6.71715
4.45967
2.26073
0.331791
-1.4215
-2.98287
-4.46617
-5.81936
-7.05219
-8.17117
-9.11775
-9.98627
-10.7735
-11.3395
-11.7916
-12.1624
-12.3316
-12.4194
-12.4031
-11.9868
-11.4566
-10.7051
-9.46581
-7.99227
-6.14464
-3.78958
-1.18079
1.67522
4.61255
7.61819
10.4189
12.9594
14.9957
16.5993
17.5394
17.6175
17.1621
16.1927
14.5468
12.3413
9.87567
7.10424
4.20269
1.32066
-1.58089
-4.30353
-6.84726
-9.19908
-11.3167
-13.2033
-14.8233
-16.2415
-17.4223
-18.2843
-19.0422
-19.4683
-19.6115
-19.5724
-19.2146
-18.551
-17.676
-16.4497
-14.9176
-13.1968
-11.141
-8.825
-6.23572
-3.59441
-0.881524
1.84112
4.53448
7.07821
9.31293
11.3232
13.1871
14.5956
15.8642
17.1588
18.3429
19.5106
20.815
22.0739
23.4271
24.7737
25.9415
26.9954
27.7273
28.0884
28.1827
27.8054
27.028
26.0131
24.7022
23.1961
21.5014
19.6993
17.8484
15.9455
13.9287
11.8794
9.80411
7.693
5.33143
3.00239
0.530215
-1.92569
-4.3816
-6.85702
-9.27714
-11.5184
-13.5189
-15.1551
-16.6384
-17.6012
-18.2127
-18.5706
-18.6193
-18.3136
-17.8744
-17.2174
-16.3651
-15.4185
-14.3614
-13.1936
-11.8892
-10.4644
-9.08523
-7.64746
-6.34957
-5.08421
-3.85789
-2.83974
-1.94195
-1.0767
-0.221194
0.770927
1.96147
3.32767
4.83374
6.46342
8.34683
10.1424
11.7656
13.1773
14.2865
15.116
15.4673
15.6462
15.4901
15.2006
14.859
14.4687
14.1662
13.9385
13.675
13.2033
12.7544
12.0421
11.0174
9.64797
8.12889
6.3756
4.39786
2.43964
0.588767
-1.08971
-2.39735
-3.67573
-4.66785
-5.34769
-5.85839
-6.38861
-6.8863
-7.35471
-7.8589
-8.51272
-9.08523
-9.54388
-9.94073
-10.1782
-10.1034
-9.86591
-9.24462
-8.36309
-7.10098
-5.72177
-4.10836
-2.2835
-0.325286
1.70775
3.57164
5.33143
6.87979
8.34357
9.34545
10.0416
10.3506
10.4905
10.214
9.68375
9.16329
8.53875
7.76782
7.00665
6.34632
5.76406
5.08747
4.39461
3.62043
2.79746
1.94846
0.959592
-0.0585514
-0.946581
-1.69799
-2.3323
-2.6153
-2.58277
-2.26724
-1.49957
-0.520457
0.709123
1.98424
3.3602
4.77194
6.05031
7.13026
8.13214
9.04294
9.81061
10.5132
11.1638
11.8469
12.582
13.3985
14.3028
15.321
16.5635
17.8029
19.0162
20.3108
21.4558
22.3309
22.9522
23.1278
22.7635
21.8917
20.5093
18.6324
16.2708
13.7758
11.2256
8.66561
6.25199
4.20594
2.42663
1.04091
0.0292757
-0.627801
-1.16127
-1.36295
-1.4768
-1.52234
-1.5386
-1.43451
-1.42475
-1.30114
-1.35969
-1.41174
-1.61992
-1.96147
-2.35832
-2.77794
-3.25611
-3.79934
-4.25799
-4.52472
-4.63532
-4.52798
-4.18968
-3.66272
-2.89829
-1.98424
-1.03766
0.100839
1.24584
2.50145
3.80584
5.02566
6.28126
7.58891
8.85102
9.94398
10.871
11.5802
11.9347
11.951
11.5639
10.7962
9.62195
8.10937
6.40162
4.53773
2.65758
0.764421
-0.858754
-2.24447
-3.21707
-3.79608
-4.09209
-4.00101
-3.65296
-3.0219
-2.25098
-1.67522
-1.01814
-0.458653
-0.126861
0.104091
0.107344
0.11385
0.162643
0.11385
0.156137
0.230953
0.43263
0.673341
0.88803
1.01489
1.05718
0.917305
0.712375
0.374078
-0.0260228
-0.429377
-0.712375
-0.868512
-0.699364
-0.185413
0.611537
1.80208
3.17479
4.84676
6.67486
8.32406
9.7911
11.0077
11.9282
12.2112
12.0421
11.5541
10.575
9.36497
7.92721
6.39186
4.89555
3.48056
2.14363
0.858754
-0.445641
-1.7663
-3.17479
-4.71989
-6.51222
-8.53875
-10.6238
-12.7317
-14.7192
-16.4692
-17.8387
-18.7007
-18.8438
-18.538
-17.6272
-16.2903
-14.7484
-13.0862
-11.4663
-10.253
-9.25112
-8.73392
-8.57127
-8.62983
-8.7697
-8.83801
-8.79897
-8.15166
-7.03593
-5.48757
-3.55212
-1.03116
1.79883
4.76543
7.73854
10.6921
13.4018
15.8642
18.0761
20.0311
21.6282
22.9782
23.9931
24.7803
25.2942
25.5674
25.5382
25.3853
24.9852
24.4517
23.58
22.5065
21.0362
19.2049
16.9669
14.2833
10.9133
7.2311
3.1878
-1.04417
-5.46154
-9.70002
-13.6067
-16.9962
-19.7383
-21.921
-23.4141
-24.2988
-24.52
-24.5005
-24.25
-23.7133
-23.027
-22.4024
-21.6087
-20.6068
-19.4879
-18.0013
-16.2318
-14.1272
-11.5834
-8.56802
-5.25987
-1.8281
1.78582
5.37046
8.90632
12.1982
15.2884
17.7964
20.0408
21.9015
23.1115
23.7946
24.2045
24.1525
23.6385
22.6724
21.4656
19.9693
18.3006
16.4237
14.5338
12.6308
10.7735
8.96487
7.17905
5.53636
4.10185
2.65758
1.23283
-0.0650571
-1.35969
-2.71613
-4.04981
-5.59816
-7.15954
-8.85753
-10.6238
-12.5007
-14.4297
-16.2155
-17.7606
-19.1008
-19.8912
-20.2002
-20.0181
-19.1105
-17.676
-15.8739
-13.6718
-11.2354
-8.85427
-6.57727
-4.41738
-2.6153
-1.02465
0.380584
1.50282
2.49494
3.38297
4.23522
4.98663
5.61118
6.15766
6.47644
6.53499
6.21295
5.65346
4.63532
3.30815
1.61342
-0.445641
-2.63481
-4.98012
-7.37097
-9.81061
-12.0388
-14.1206
-15.9715
-17.5394
-18.7267
-19.8359
-20.6589
-21.2997
-21.7909
-22.3146
-22.7017
-22.8969
-23.1441
-23.1441
-22.8969
-22.4089
-21.3778
-20.0473
-18.3689
-16.3261
-14.0653
-11.6257
-9.14052
-6.7822
-4.50521
-2.5112
-0.822972
0.650571
1.79883
2.65758
3.33418
3.77006
4.1051
4.21245
4.18317
4.13763
4.04005
4.01728
3.95222
4.08559
4.43364
4.90205
5.47456
6.33982
7.19532
7.96299
8.68512
9.10149
9.12426
8.61356
7.78408
6.37885
4.41087
2.11436
-0.588767
-3.42851
-6.30729
-9.09824
-11.6973
-14.1467
-16.2773
-17.985
-19.4846
-20.7077
-21.7356
-22.6496
-23.4661
-24.1394
-24.7152
-25.1608
-25.4568
-25.3788
-24.8778
-24.1004
-22.9196
-21.2997
-19.4781
-17.4353
-15.4218
-13.392
-11.5054
-9.94073
-8.52899
-7.27989
-6.18693
-5.00289
-3.57489
-2.19242
-0.47817
1.57438
3.82861
6.15115
8.51272
10.7865
12.8748
14.6964
16.2448
17.5589
18.6031
19.3968
20.1026
20.6979
21.2086
21.5925
21.934
21.8559
21.5729
20.9712
19.9725
18.564
16.7815
14.7257
12.4747
10.0578
7.84589
5.63069
3.71801
1.94521
0.445641
-0.81972
-2.01352
-3.04467
-4.02378
-4.98988
-6.02104
-6.76594
-7.40675
-8.0866
-8.32406
-8.47044
-8.29478
-8.00528
-7.55964
-7.06195
-6.63583
-6.27801
-6.07959
-5.98851
-5.96248
-6.02429
-6.04055
-5.94947
-5.71201
-5.17855
-4.54749
-3.7538
-2.9601
-2.00701
-1.10272
-0.234206
0.52371
1.25886
1.89641
2.5665
3.23984
4.01402
4.69712
5.35745
5.7478
5.97875
5.77707
5.2924
4.36208
3.02841
1.47354
-0.107344
-1.75979
-3.15202
-4.18317
-4.76543
-4.94434
-4.70688
-4.18643
-3.50983
-2.78119
-2.30302
-2.10785
-2.12737
-2.51771
-3.23009
-4.17992
-5.16553
-6.06658
-6.91232
-7.36447
-7.56289
-7.39374
-6.95135
-6.12187
-4.92157
-3.57489
-2.02328
-0.370826
1.39222
3.23984
4.96386
6.74968
8.37285
9.93747
11.2679
12.4877
13.5579
14.3874
14.8851
15.1876
15.2038
14.768
14.0751
12.9301
11.4988
9.52761
7.28965
4.84025
2.34856
-0.18216
-2.58277
-4.80772
-6.59029
-7.98251
-8.89981
-9.54063
-9.7423
-9.70977
-9.52436
-9.30642
-9.01041
-8.77946
-8.78271
-8.69814
-8.70789
-8.7144
-8.68512
-8.63308
-8.4314
-8.03781
-7.52386
-6.87328
-6.11537
-5.27288
-4.37509
-3.41875
-2.36483
-1.29789
-0.139873
1.21332
2.62831
4.29377
5.94297
7.93372
10.0448
12.1397
14.202
16.1212
17.8875
19.4163
20.5093
21.1858
21.303
21.0395
20.262
19.1463
17.663
15.952
14.0198
12.0844
10.2432
8.48019
6.74642
5.32492
4.08233
3.0219
2.13062
1.33692
0.621295
-0.04554
-0.611537
-1.17753
-1.64594
-2.10785
-2.43639
-2.75842
-2.92432
-3.05443
-3.15527
-3.12274
-3.10648
-3.19756
-3.35695
-3.61067
-3.92945
-4.2157
-4.52147
-4.73941
-4.80447
-4.64833
-4.26124
-3.58465
-2.54373
-1.38572
-0.04554
1.5939
3.06094
4.48244
5.67623
6.70414
7.50434
7.95649
8.19394
8.22647
8.16467
7.94347
7.75156
7.53687
7.2864
7.15954
7.01641
6.8863
6.78871
6.66835
6.52523
6.50246
6.49595
6.64884
7.04569
7.59217
8.3208
9.20883
10.2237
11.3427
12.478
13.5839
14.6118
15.4836
16.3781
17.1783
17.8224
18.5738
19.361
19.9595
20.7272
21.4819
22.1292
22.5781
22.9782
23.3588
23.5539
23.5832
23.6255
23.7589
23.9443
24.3118
24.7965
25.382
26.2213
27.2459
28.2836
29.5132
30.7427
31.8292
32.8473
33.5565
34.0476
34.3339
34.2233
33.7126
32.779
31.4714
29.8352
27.89
25.7724
23.5474
21.2704
19.0097
16.9018
14.9631
13.2619
11.7688
10.6238
9.77483
9.21859
8.95186
9.01041
9.27714
9.63821
10.2042
10.8515
11.4078
11.912
12.1657
12.3869
12.5202
12.5365
12.504
12.6796
12.9691
13.6099
14.5338
15.7764
17.367
18.9837
20.7304
22.4154
23.8825
25.1413
25.9578
26.2766
26.205
25.6618
24.8648
23.7393
22.4707
21.1338
19.7611
18.229
16.8628
15.4283
13.9645
12.5267
10.9979
9.43003
7.87516
6.27801
4.79796
3.4155
2.25748
1.31415
0.679847
0.315527
0.260228
0.419618
0.75141
1.22958
1.80859
2.39735
2.94058
3.43176
3.8709
4.30353
4.70363
5.15252
5.66322
6.25524
6.93509
7.77433
8.72416
9.82688
10.9361
12.1266
13.2521
14.3549
15.334
16.1634
16.6839
16.9929
16.9474
16.6091
16.0008
15.2852
14.1597
13.0797
11.9965
10.9198
9.89844
9.11775
8.48345
8.00203
7.59867
7.16929
6.83425
6.37885
5.75755
5.08747
4.25148
3.29189
2.39085
1.52884
0.731893
0
-0.582261
-0.862007
-1.05718
-1.06368
-0.914052
-0.601778
-0.123609
0.513951
1.39222
2.27049
3.33743
4.47268
5.60467
6.64884
7.52711
8.15816
8.58754
8.57127
8.39562
7.82962
7.14978
6.49595
5.92345
5.46805
5.43877
5.75105
6.48619
7.65722
9.1145
10.8938
12.7089
14.4394
16.1439
17.4874
18.2583
18.6193
18.4242
17.7638
16.7522
15.3502
13.8572
12.3966
11.1118
10.1652
9.65122
9.52761
9.85941
10.6498
11.6973
13.0374
14.3614
15.6462
16.8693
18.0046
18.9316
19.6375
20.2328
20.8768
21.4623
21.9438
22.4317
22.9684
23.4401
23.8109
23.9085
23.8174
23.5604
22.9034
22.0511
21.0102
19.7383
18.4925
17.3052
16.0854
14.9339
13.997
13.2359
12.5951
11.9608
11.4631
11.0109
10.3701
9.71953
9.02667
8.18093
7.21809
6.16416
5.00614
3.97174
2.92757
1.99725
1.12549
0.526963
0.143126
-0.0487928
-0.126861
-0.0943328
-0.0422871
0.0390343
0.0195171
-0.230953
-0.722134
-1.43126
-2.34531
-3.53585
-4.87278
-6.29753
-7.7418
-9.15028
-10.5783
-11.7883
-12.8423
-13.6913
-14.2898
-14.7907
-15.0445
-15.051
-14.8786
-14.6021
-14.0946
-13.5449
-12.9691
-12.299
-11.6062
-10.8743
-10.1164
-9.5699
-8.90632
-8.28828
-7.74505
-7.35796
-6.90256
-6.6586
-6.48294
-6.39511
-6.25199
-6.21621
-6.13489
-5.93646
-5.51684
-4.81748
-3.87415
-2.64132
-1.21332
0.474917
2.19242
3.89042
5.41926
6.45041
7.03918
7.16279
6.55125
5.47781
3.83837
1.63619
-0.920558
-3.67247
-6.548
-9.44629
-12.3804
-15.0705
-17.7378
-20.2263
-22.5293
-24.4615
-26.166
-27.6233
-28.6772
-29.2367
-29.6563
-29.601
-29.2724
-28.7975
-28.199
-27.4086
-26.7547
-26.1074
-25.4373
-24.8095
-24.0581
-23.3425
-22.3048
-21.0655
-19.5724
-17.959
-16.2448
-14.2833
-12.3316
-10.6271
-8.91933
-7.30266
-5.84538
-4.31329
-2.69336
-0.962845
0.923811
3.14876
5.7478
8.33382
11.2126
13.9775
16.518
18.6031
20.0701
20.7825
20.802
19.8392
18.177
15.7959
12.9203
9.687
6.23572
2.72264
-0.507445
-3.51634
-6.34632
-8.93234
-11.3752
-13.6262
-15.708
-17.8875
-19.927
-21.9047
-23.6418
-25.1771
-26.3221
-26.8198
-26.758
-26.2115
-25.1999
-23.6027
-21.7941
-19.8034
-17.8354
-16.183
-14.8395
-13.7466
-13.0374
-12.53
-12.234
-11.8697
-11.4696
-10.6954
-9.73254
-8.35984
-6.6098
-4.61906
-2.52747
-0.302516
1.96147
4.05956
6.01453
7.63445
9.21209
10.6043
11.8079
13.1123
14.254
15.5649
16.6416
17.7964
18.7657
19.4326
19.7546
19.4618
18.5153
17.1621
15.1485
12.4812
9.3975
5.98525
2.46566
-1.00188
-4.31979
-7.42627
-10.305
-12.7024
-14.7745
-16.5213
-17.8322
-18.8503
-19.618
-19.9823
-20.0864
-19.8327
-19.2862
-18.4144
-17.3345
-16.1146
-14.7517
-13.1871
-11.7038
-10.3376
-8.79897
-7.33844
-5.8714
-4.42063
-2.69987
-1.05393
0.718881
2.57301
4.40762
6.18693
7.94022
9.35521
10.6433
11.7363
12.4194
12.852
13.0537
13.0505
12.8553
12.5788
12.1462
11.5867
10.9491
10.2595
9.40726
8.45092
7.44904
6.22922
4.75568
3.1943
1.57113
-0.198424
-2.09159
-4.01077
-5.85189
-7.73529
-9.54713
-11.1996
-12.8
-14.2508
-15.5877
-16.6611
-17.624
-18.2876
-18.743
-18.8731
-18.7885
-18.3819
-17.7769
-16.9083
-16.0593
-15.1128
-14.1955
-13.392
-12.7772
-12.3121
-12.0648
-11.9022
-11.8599
-11.8274
-11.7721
-11.7265
-11.4598
-11.1345
-10.7051
-10.1034
-9.30317
-8.39237
-7.46205
-6.3203
-4.99639
-3.47405
-2.01677
-0.367573
1.33042
2.81047
4.23197
5.34769
6.06658
6.24548
5.85514
4.93458
3.55537
1.65245
-0.517204
-2.75842
-5.04518
-7.1758
-8.95836
-10.4905
-11.5867
-12.4422
-13.0309
-13.5612
-14.1076
-14.8103
-15.5649
-16.5831
-17.7248
-18.9121
-20.1092
-21.0883
-21.8332
-22.3504
-22.5716
-22.4902
-22.1747
-21.7811
-21.2737
-20.8931
-20.5223
-20.2165
-20.0278
-19.7741
-19.5529
-19.2276
-18.782
-18.242
-17.5524
-16.8303
-16.1504
-15.4966
-14.9501
-14.576
-14.3971
-14.4004
-14.524
-14.6964
-15.0575
-15.2982
-15.5877
-15.8382
-15.9195
-15.9715
-16.0626
-16.0593
-16.0171
-16.0919
-16.2122
-16.4497
-16.8205
-17.2499
-17.8126
-18.4177
-19.0129
-19.6147
-20.1319
-20.3694
-20.3303
-20.0799
-19.4846
-18.4209
-17.0189
-15.2949
-13.2619
-10.9816
-8.46068
-6.08609
-3.74729
-1.49631
0.50094
2.11436
3.39923
4.26775
4.70038
4.74592
4.63857
4.23522
3.63019
2.91456
2.08833
1.16778
0.104091
-1.0832
-2.50145
-4.31003
-6.46342
-8.89331
-11.6615
-14.6574
-17.6565
-20.5678
-23.1668
-25.3788
-26.8783
-27.6981
-27.7859
-27.0995
-25.87
-24.1297
-22.0836
-19.8229
-17.5427
-15.4576
-13.6457
-12.1657
-10.9654
-10.1392
-9.61869
-9.27389
-9.14703
-9.11775
-9.05595
-8.92584
-8.63308
-8.17443
-7.43278
-6.3203
-5.00289
-3.48056
-1.66221
0.279746
2.20218
4.14739
5.96899
7.44904
8.74042
9.56665
10.1326
10.4124
10.4319
10.4514
10.3018
10.1001
10.0708
10.1522
10.3213
10.5425
10.7572
10.8255
10.7149
10.4287
9.77483
8.94861
7.82962
6.48945
5.10373
3.59441
2.19242
0.86526
-0.263481
-1.36945
-2.34206
-3.12925
-3.77982
-4.44015
-4.8923
-5.21433
-5.40625
-5.49082
-5.44853
-5.22409
-4.98663
-4.60604
-4.3816
-4.06282
-3.81235
-3.76355
-3.80259
-3.82211
-3.86439
-3.75054
-3.63344
-3.23009
-2.57301
-1.6557
-0.422871
0.959592
2.67059
4.54424
6.48945
8.44116
10.4547
12.4096
14.2475
15.8154
17.2499
18.4632
19.3447
20.1352
20.5353
20.6524
20.6394
20.4572
20.1254
19.7351
19.13
18.6812
18.1054
17.5882
17.1491
16.6676
16.183
15.6365
15.0087
14.2247
13.2651
12.0095
10.3311
8.35333
6.09585
3.4708
0.718881
-1.97123
-4.52472
-6.60004
-8.18744
-9.07872
-9.21209
-8.50296
-7.04894
-5.14927
-2.88203
-0.461906
1.8281
3.88716
5.58515
6.80172
7.65722
8.30454
8.75994
9.08197
9.48858
10.0871
10.9686
11.8794
12.9496
13.9775
14.8981
15.4999
15.8284
15.7698
15.2429
14.4004
13.2944
11.8567
10.3603
8.86078
7.31893
5.94947
4.77845
3.63995
2.77794
2.07532
1.50282
0.904294
0.484676
0.0552985
-0.543227
-1.03766
-1.78582
-2.69011
-3.73103
-5.01916
-6.5545
-8.30129
-10.1684
-12.1266
-14.1694
-16.0106
-17.5589
-19.0032
-20.0148
-20.4865
-20.5613
-20.2816
-19.6863
-18.7592
-17.7866
-16.7132
-15.5974
-14.524
-13.4245
-12.1689
-10.7344
-9.09173
-7.04243
-4.6711
-1.94521
1.17753
4.52798
7.976
11.2939
14.5923
17.4288
19.8522
21.8137
23.014
23.8304
24.1752
23.9345
23.3197
22.4805
21.5144
20.2913
19.0878
17.9818
16.8661
15.708
14.7615
13.8409
12.8488
11.9185
11.0044
10.1164
9.14052
8.1972
7.25712
6.23247
5.2924
4.28076
3.22033
2.15664
1.04417
-0.02277
-1.08971
-2.12086
-2.97311
-3.69524
-4.12787
-4.25148
-4.13763
-3.63019
-2.83649
-1.6557
-0.178907
1.31415
2.9048
4.62231
6.31705
7.89143
9.31618
10.7637
12.0941
13.109
14.228
15.2201
16.2805
17.0807
17.9037
18.5413
19.0162
19.2049
19.2276
18.8763
18.2648
17.38
16.2675
14.9241
13.4831
11.9835
10.4091
8.73717
7.16929
5.47456
3.76355
1.96472
0.211436
-1.63944
-3.52935
-5.2924
-6.94485
-8.46068
-9.62195
-10.2855
-10.562
-10.3603
-9.72604
-8.63958
-7.08797
-5.17529
-3.09997
-0.871765
1.39222
3.6432
5.56238
7.5206
9.13727
10.4287
11.4728
12.2568
12.7414
13.0537
13.1936
13.2261
13.135
13.1155
13.1611
13.2261
13.5221
13.8702
14.0784
14.4654
14.6834
14.6834
14.2833
13.5449
12.4487
10.8223
8.91933
6.57727
4.02053
1.45728
-0.871765
-3.06744
-4.93133
-6.3268
-7.28965
-7.88492
-8.06383
-7.91095
-7.64096
-7.27664
-6.831
-6.58703
-6.25199
-6.05031
-5.94297
-5.83237
-5.65021
-5.38673
-5.06795
-4.57352
-3.99451
-3.30165
-2.56976
-1.76955
-1.09621
-0.481423
0.185413
0.582261
0.813214
0.949834
0.803455
0.484676
-0.09108
-0.972604
-2.18267
-3.5879
-5.33468
-7.32868
-9.5634
-11.7981
-13.9027
-15.9878
-17.7834
-19.2114
-20.2198
-20.75
-20.7142
-20.3238
-19.4521
-18.2648
-16.9148
-15.3502
-13.675
-12.1332
-10.7279
-9.43328
-8.28502
-7.38724
-6.63257
-6.02754
-5.5201
-5.15578
-4.7817
-4.40762
-4.13763
-3.90993
-3.67898
-3.60416
-3.63995
-3.76355
-3.9262
-4.13438
-4.26449
-4.40111
-4.17341
-3.67573
-2.91131
-1.96147
-0.718881
0.81972
2.30627
3.74729
5.0159
6.07959
6.58378
6.74317
6.41788
5.70226
4.47593
2.8495
0.88803
-1.31741
-3.65296
-6.2097
-8.80223
-11.2419
-13.5872
-15.7243
-17.637
-19.2439
-20.4312
-21.2574
-21.7388
-21.8885
-21.7421
-21.2867
-20.545
-19.6635
-18.5803
-17.2922
-15.965
-14.4232
-12.8293
-11.2777
-9.70652
-8.21997
-6.831
-5.75105
-4.85977
-4.21245
-3.97499
-3.96523
-4.14414
-4.4987
-4.97687
-5.55262
-5.98525
-6.23898
-6.38536
-6.39186
-6.12513
-5.699
-5.13951
-4.48244
-3.67898
-2.96335
-2.12411
-1.21982
-0.536721
0.0390343
0.559491
0.855501
0.894535
0.549733
-0.0878271
-1.15802
-2.6153
-4.55725
-6.76594
-9.18281
-11.7005
-14.1857
-16.518
-18.5348
-20.1905
-21.4103
-22.2398
-22.6659
-22.7635
-22.6171
-22.2333
-21.677
-21.316
-20.7532
-20.1449
-19.4586
-18.7234
-17.7866
-16.5928
-15.3372
-13.8604
-12.2405
-10.5262
-8.71765
-6.96762
-5.32818
-3.72452
-2.29326
-0.923811
