500
2058
3.71659
2.23649
0.754909
-0.716272
-2.09532
-3.46991
-4.79397
-5.99915
-7.06018
-8.15242
-9.08863
-9.75586
-10.3651
-11.016
-11.5317
-11.8972
-12.4159
-12.8944
-13.2748
-13.8558
-14.5008
-14.9778
-15.5351
-16.2335
-16.8294
-17.3287
-17.9395
-18.3942
-18.6498
-18.8787
-18.8534
-18.4195
-17.6854
-16.6258
-15.0922
-13.1054
-10.7827
-8.12864
-5.26504
-2.35983
0.460673
3.19945
5.6737
7.78537
9.54187
10.9804
12.0028
12.8439
13.5824
14.1159
14.587
15.1576
15.706
16.1964
16.6555
17.033
17.0568
16.9171
16.5991
15.7862
14.6197
13.3476
11.7605
9.84651
7.88791
5.90256
3.74482
1.62276
-0.320985
-2.25135
-4.03757
-5.54293
-6.82984
-7.87305
-8.49272
-8.72306
-8.72603
-8.3783
-7.64717
-6.74514
-5.81934
-4.66022
-3.4595
-2.35686
-1.23044
-0.0445812
0.931748
1.88133
2.90372
3.86073
4.71967
5.6633
6.57722
7.37374
8.17917
9.0173
9.63103
10.2581
10.8273
11.0665
11.1899
11.2122
10.9239
10.2864
9.51809
8.63984
7.46884
6.22948
5.10901
3.91275
2.7893
1.85755
0.988217
0.0936206
-0.576584
-1.21261
-1.92442
-2.61097
-3.10137
-3.68835
-4.11782
-4.34073
-4.41354
-4.40017
-4.04055
-3.52638
-2.95425
-2.23055
-1.38202
-0.655344
-0.0237767
0.630081
1.2557
1.60047
1.98386
2.31525
2.62286
2.99883
3.52786
4.0777
4.81329
5.7599
6.71839
7.57584
8.42585
9.1124
9.42299
9.38881
9.02324
8.28468
7.31132
6.36026
5.41365
4.5666
4.20252
4.28871
4.70035
5.65736
7.01114
8.48232
9.94013
11.5109
12.7294
13.5289
14.0342
14.1085
13.7117
13.0385
12.1766
10.9313
9.55524
8.21335
6.8031
5.31705
3.96179
2.71054
1.44889
0.359622
-0.619679
-1.52171
-2.2781
-2.77147
-3.19647
-3.513
-3.78049
-3.84142
-3.79238
-3.66458
-3.34508
-3.12812
-2.88292
-2.45791
-2.14436
-2.09086
-2.01061
-2.15922
-2.60652
-3.15041
-3.64972
-4.32438
-4.91434
-5.2695
-5.36758
-5.25167
-4.71521
-3.96922
-3.11326
-2.11761
-1.13682
-0.368538
0.129286
0.441354
0.423522
0.0520114
-0.390829
-0.939178
-1.58115
-2.16516
-2.6511
-3.07016
-3.38966
-3.61554
-3.68835
-3.8533
-3.93355
-3.87411
-3.82656
-3.5234
-2.83982
-2.00764
-0.882708
0.705869
2.48615
4.28128
6.25177
8.1019
9.59834
10.6995
11.4306
11.661
11.3875
10.8912
10.1764
9.2833
8.45557
7.83589
7.29349
7.04681
6.99182
6.85659
6.81647
6.84173
6.81647
6.58316
6.42861
6.32013
6.26366
6.35728
6.74217
7.26377
7.78834
8.54622
9.30262
9.68156
9.8792
9.76923
9.12726
8.12419
6.84768
5.20709
3.36886
1.68517
-0.0297208
-1.60938
-2.86063
-3.77157
-4.49527
-4.76573
-4.6736
-4.37193
-3.79089
-2.86509
-1.68071
-0.444326
1.01348
2.52627
3.94247
5.43594
6.88929
8.22375
9.30262
10.4558
11.4871
12.3624
13.1856
13.8662
14.3046
14.4993
14.5156
14.0698
13.1782
12.0652
10.5747
8.76021
6.94724
5.10901
3.28564
1.80851
0.777199
-0.0282348
-0.304638
-0.0772741
0.597389
1.32852
2.52478
3.75671
4.89353
6.04521
7.07207
7.78686
8.23713
8.53433
8.51502
8.11081
7.65757
7.10773
6.38849
5.58157
4.96338
4.25305
3.59325
3.08056
2.46237
1.71341
0.977815
0.219934
-0.882708
-2.07006
-3.28564
-4.52797
-5.7168
-6.60842
-7.35739
-7.75862
-7.69323
-7.28012
-6.60545
-5.589
-4.31398
-3.07016
-1.91105
-0.515656
0.688037
1.703
2.94385
4.06135
4.92325
5.83123
6.70353
7.37076
7.84035
8.11378
8.00679
7.53274
6.87888
6.00063
4.88164
3.79089
2.8428
1.88727
1.0536
0.527545
0.0208046
-0.625623
-1.06549
-1.52468
-2.17705
-2.94385
-3.54569
-4.12079
-4.49379
-4.50568
-4.21441
-3.60365
-2.58274
-1.33595
-0.1278
1.13979
2.342
3.11623
3.59325
3.83101
3.67944
3.27078
2.9067
2.45791
1.85309
1.36567
0.943636
0.462159
0.0104023
-0.393801
-0.968899
-1.59749
-2.25581
-2.74323
-3.27523
-3.60068
-3.45356
-3.22471
-2.74769
-1.85161
-0.943636
-0.136716
0.609277
1.24679
1.35081
1.07292
0.45027
-0.679121
-2.05222
-3.49814
-5.09563
-6.59059
-7.69918
-8.39167
-8.75724
-8.53879
-7.73039
-6.50143
-5.03025
-3.15932
-1.20815
0.704383
2.5872
4.152
5.34529
6.24434
6.84322
7.01263
6.90266
6.74365
6.47171
6.02144
5.76287
5.65884
5.5251
5.66033
5.93822
6.1106
6.35431
6.68867
6.9517
7.0052
7.13746
7.20284
7.11665
7.00668
6.89523
6.54601
6.10466
5.52956
4.75385
3.68687
2.47129
1.0328
-0.696953
-2.60206
-4.30655
-6.07791
-7.65163
-8.8999
-9.85691
-10.4335
-10.5033
-10.114
-9.37692
-8.39762
-7.03343
-5.64398
-4.05838
-2.35092
-0.79949
0.685065
2.12652
3.40601
4.51162
5.65736
6.78675
7.75268
8.78399
9.89406
11.0353
12.1603
13.3714
14.5691
15.434
15.9824
16.1429
15.7238
14.5647
12.8126
10.4498
7.49113
4.2055
0.87825
-2.54262
-5.6529
-8.24753
-10.3577
-11.8051
-12.4902
-12.7904
-12.7577
-12.4233
-11.9626
-11.6372
-11.3712
-11.4069
-11.6981
-12.0815
-12.6507
-13.2243
-13.7251
-13.9688
-13.9658
-13.8023
-13.1619
-12.141
-10.8332
-9.32342
-7.65014
-5.91742
-4.27385
-2.57977
-0.979301
0.44284
1.71935
3.06124
4.25751
5.48646
6.91158
8.41396
9.86434
11.4678
12.8944
13.9955
14.8173
15.22
14.9927
14.321
13.2243
11.6684
9.87326
8.05286
6.21462
4.51013
3.05233
1.85458
0.857446
-0.0282348
-0.743021
-1.42511
-2.18002
-2.72837
-3.29455
-3.78049
-4.01825
-3.8756
-3.51151
-2.79524
-1.62424
-0.433924
0.698439
1.79662
2.64515
2.87549
2.5976
1.76542
0.216962
-1.71341
-3.78643
-6.07939
-8.28914
-10.0531
-11.3548
-12.2093
-12.3832
-11.9567
-11.0651
-9.66075
-7.87899
-5.93822
-3.90234
-1.67625
0.484449
2.42522
4.23968
5.92187
7.16123
8.06029
8.65024
8.75278
8.46746
7.9206
7.01411
5.71829
4.45961
3.14743
1.56629
0.0609277
-1.36121
-2.84577
-4.40463
-5.78962
-7.11814
-8.40208
-9.48689
-10.169
-10.6192
-10.6653
-10.166
-9.39178
-8.38722
-7.06613
-5.83123
-4.72412
-3.77009
-3.22471
-3.12663
-3.35994
-3.86816
-4.70183
-5.68857
-6.55047
-7.31281
-8.07663
-8.59378
-8.86126
-9.14807
-9.22534
-9.07971
-8.97569
-8.72455
-8.10635
-7.39157
-6.47914
-5.16845
-3.49368
-1.70449
0.227364
2.31377
4.13417
5.59494
6.79567
7.44358
7.40048
6.80458
5.87432
4.45367
2.94385
1.50833
0.22885
-0.619679
-0.948094
-0.744507
0.0416091
1.33298
3.04341
4.88313
6.83876
8.82708
10.5212
11.8497
12.9865
13.7444
14.0446
14.1337
13.9673
13.4843
12.8765
12.2004
11.3355
10.3384
9.34571
8.16282
6.73177
5.3438
3.94098
2.36132
0.982273
-0.115911
-1.06252
-1.65991
-1.64653
-1.15911
-0.328415
1.08481
2.91264
4.94852
7.15975
9.43042
11.5896
13.523
15.3731
17.0181
18.311
19.4255
20.4123
21.0617
21.613
22.0424
22.194
21.9949
21.7155
21.1374
20.2488
19.2071
18.103
16.7715
15.5009
14.3329
13.1084
12.0533
11.1022
10.1333
9.10943
8.20592
7.24296
6.18342
5.2056
4.34964
3.49071
2.83685
2.50547
2.41927
2.39996
2.60949
3.02409
3.29009
3.4595
3.50557
3.13109
2.33606
1.278
-0.159006
-2.03736
-4.01528
-6.07048
-8.16728
-10.0709
-11.5272
-12.6596
-13.3134
-13.3684
-12.9092
-12.1261
-10.8615
-9.40813
-7.91911
-6.30973
-4.89502
-3.60514
-2.68528
-1.84269
-1.33298
-1.04617
-0.841099
-0.7133
-0.64197
-0.546863
-0.396773
-0.169409
0.0832183
0.575098
1.14128
1.62276
2.17705
2.92156
3.51449
4.04946
4.57106
5.00053
5.24424
5.39284
5.33786
4.97081
4.3972
3.64674
2.6184
1.40728
0.164951
-1.17397
-2.43562
-3.36737
-4.00042
-4.1728
-3.93652
-3.17864
-2.04033
-0.505254
1.36716
3.20688
4.89353
6.4836
7.70512
8.47043
8.84343
8.87018
8.4318
7.74525
6.94278
6.00063
4.9931
4.1624
3.41492
2.64664
1.9913
1.38648
0.640484
-0.243711
-1.2141
-2.43562
-3.96773
-5.60237
-7.44507
-9.43042
-11.3816
-13.1708
-14.8485
-16.125
-17.0152
-17.5501
-17.7106
-17.4536
-16.8933
-16.2499
-15.4088
-14.6063
-13.9881
-13.3833
-12.8156
-12.5065
-12.2866
-11.9285
-11.5094
-11.0829
-10.377
-9.34274
-8.2401
-6.82687
-5.12238
-3.29009
-1.2884
0.913915
3.19945
5.51173
7.92952
10.3206
12.5333
14.7698
16.8428
18.5265
19.8119
20.7436
21.2088
20.9294
20.1433
18.8177
16.8903
14.6212
12.1424
9.43785
6.78378
4.41354
2.21717
0.301666
-1.19032
-2.41184
-3.51151
-4.40165
-5.14319
-5.95605
-6.97399
-7.82103
-8.73049
-9.8153
-10.6713
-11.444
-12.0667
-12.459
-12.5481
-12.4575
-12.2034
-11.6788
-11.0056
-10.2968
-9.39475
-8.55811
-7.8567
-7.11516
-6.38849
-5.87432
-5.72274
-5.60089
-5.63061
-5.95308
-6.34242
-6.78526
-7.29498
-7.61893
-7.67837
-7.43764
-6.86551
-5.90404
-4.67063
-3.23214
-1.56183
0.0847043
1.45186
2.58868
3.50408
3.88451
3.89937
3.80427
3.50706
3.10285
2.84874
2.84577
3.02558
3.50408
4.25156
5.11198
5.90553
6.79567
7.45695
7.91763
8.25199
8.35452
8.20592
8.03205
7.9414
7.81212
7.63974
7.665
7.65311
7.57435
7.47033
7.2816
6.86254
6.32162
5.73463
5.1105
4.48041
3.90532
3.45356
2.98843
2.78484
2.79822
2.77592
2.90818
3.16973
3.37331
3.56055
3.99299
4.37193
4.67954
5.05997
5.37501
5.49538
5.49241
5.42256
5.05848
4.44029
3.81021
3.06719
2.21717
1.5113
0.805434
0.115911
-0.429466
-0.787602
-1.15168
-1.38202
-1.5544
-1.71489
-1.81148
-1.83377
-1.70895
-1.62721
-1.49496
-1.17843
-0.899055
-0.81435
-0.650886
-0.624137
-0.882708
-1.14871
-1.4474
-1.86201
-2.18151
-2.342
-2.47277
-2.42671
-2.04182
-1.71341
-1.29731
-0.775713
-0.319499
-0.0980787
0.0430952
0.154548
0.072816
-0.0564696
-0.105509
-0.144146
-0.219934
-0.13523
0.0386371
0.15752
0.365566
0.490394
0.536461
0.511198
0.426494
0.261543
-0.0386371
-0.205074
-0.350706
-0.619679
-0.769769
-0.655344
-0.597389
-0.49188
-0.208046
0.00743021
0.187241
0.411633
0.496338
0.384885
0.15752
-0.209532
-0.869334
-1.63167
-2.38658
-3.17418
-3.92018
-4.34667
-4.53094
-4.35559
-3.74482
-2.71946
-1.45186
-0.0312069
1.56926
3.06422
4.23522
5.30962
5.96348
6.20868
6.21165
6.10614
5.68559
5.23384
4.91137
4.5027
4.13268
3.97962
3.76563
3.25443
2.81308
2.24838
1.41025
0.44284
-0.548349
-1.65694
-2.73729
-3.57541
-4.28426
-4.88164
-5.10158
-5.00944
-4.84301
-4.52054
-3.9172
-3.34359
-2.81605
-2.27216
-1.78919
-1.42809
-1.04469
-0.549835
-0.1278
0.430952
1.33595
2.3316
3.51449
4.94406
6.44645
7.7497
9.11835
10.2953
10.9075
11.2345
11.2999
10.7842
9.98768
9.07228
7.99341
6.8031
5.75098
4.90691
4.24562
3.80278
3.70024
3.67944
3.8221
4.2367
4.65577
4.93811
5.28585
5.64844
5.81488
5.87878
5.99469
5.93376
5.82528
5.6737
5.49538
5.16251
4.93663
4.70629
4.33775
3.98853
3.85182
3.74185
3.77752
4.12822
4.55917
5.1209
6.11654
7.36928
8.58783
9.92824
11.4098
12.7963
14.0579
15.2572
16.3078
17.1028
17.727
18.1877
18.2412
18.0405
17.6438
16.7893
15.5484
14.1025
12.4426
10.5152
8.60418
6.78526
5.13724
3.82061
2.79673
2.15476
1.76244
1.64802
1.53359
1.22004
0.87082
0.30761
-0.745993
-2.0329
-3.49517
-5.18331
-6.96953
-8.5596
-9.91041
-11.236
-12.2539
-12.8661
-13.3149
-13.6062
-13.6523
-13.6552
-13.5468
-13.2718
-12.9419
-12.6432
-12.0503
-11.2761
-10.4528
-9.4958
-8.33223
-7.02303
-5.65736
-4.19658
-2.6511
-1.1606
0.390829
1.84418
3.20985
4.45961
5.6737
6.62923
7.41534
8.1019
8.53433
8.67551
8.79885
8.81222
8.58635
8.23564
7.98598
7.60407
6.93238
6.29487
5.54888
4.42692
3.1296
1.68517
-0.0653858
-1.85755
-3.65863
-5.44337
-7.12705
-8.30103
-9.09606
-9.56119
-9.51661
-9.04702
-8.21483
-7.20433
-5.92782
-4.74196
-3.7255
-2.74323
-1.97049
-1.49644
-1.13236
-0.875278
-0.824753
-0.737076
-0.630081
-0.603333
-0.493366
-0.225878
0.0267487
0.212504
0.619679
1.18735
1.62127
2.14287
2.87549
3.61702
4.35707
5.20709
5.94119
6.44793
6.83282
6.9725
6.72285
6.22948
5.51321
4.42692
3.14743
1.90659
0.707356
-0.539433
-1.53954
-2.33903
-3.12366
-3.73145
-4.19955
-4.75385
-5.53104
-6.30081
-7.25485
-8.3783
-9.38732
-10.1972
-10.8392
-11.1156
-10.7545
-9.98768
-8.67254
-6.70353
-4.45812
-2.16516
0.286806
2.59909
4.49527
5.95754
6.97548
7.4629
7.44061
7.09733
6.38849
5.38393
4.32884
3.18013
2.02547
1.00011
0.108481
-0.699925
-1.43552
-1.78622
-1.99873
-2.1399
-2.04033
-1.78176
-1.50536
-1.21112
-0.827725
-0.689523
-0.783144
-1.05509
-1.64356
-2.67042
-3.79832
-5.02728
-6.49549
-7.96221
-9.25506
-10.4157
-11.337
-11.7784
-11.9121
-11.8705
-11.502
-10.8214
-10.0233
-9.1451
-8.02908
-6.97696
-5.79556
-4.46704
-3.08651
-1.65545
-0.0341789
1.7669
3.57541
5.43594
7.50302
9.52404
11.3935
13.2377
14.957
16.4193
17.6497
18.6067
19.1313
19.372
19.4374
18.9589
18.1119
16.9201
15.3686
13.4531
11.4143
9.17185
6.71691
4.23373
2.0017
-0.154548
-2.02696
-3.46545
-4.47744
-5.34083
-5.81785
-6.00212
-6.27852
-6.49994
-6.8239
-7.50154
-8.46598
-9.54187
-10.8318
-12.3327
-13.6419
-14.6895
-15.4578
-15.7892
-15.4028
-14.5469
-13.2912
-11.5822
-9.5597
-7.50748
-5.40325
-3.48179
-1.84715
-0.377454
0.945122
1.96752
2.83388
3.69133
4.41206
4.99161
5.5994
6.14032
6.30379
6.13438
5.7376
4.90988
3.76414
2.42819
0.858932
-0.93472
-2.53519
-3.97962
-5.33786
-6.39741
-7.05721
-7.56098
-7.85967
-7.85373
-7.75862
-7.64271
-7.37522
-7.04086
-6.82539
-6.56533
-6.13735
-5.85946
-5.71829
-5.54442
-5.49835
-5.66627
-5.94268
-6.35134
-7.02303
-7.74227
-8.48084
-9.29519
-10.114
-10.6653
-10.9818
-11.2047
-11.0056
-10.4781
-9.71722
-8.62795
-7.30835
-5.86243
-4.28426
-2.52033
-0.921345
0.485935
1.85755
3.08651
4.04649
4.87421
5.59197
6.06751
6.33945
6.54007
6.51035
6.2176
5.85649
5.41662
4.75087
4.05541
3.55164
3.02409
2.67487
2.60206
2.62881
2.63921
2.73134
2.70608
2.36132
1.67328
0.613735
-1.00902
-3.03747
-5.29179
-7.77199
-10.435
-12.9702
-15.3746
-17.5709
-19.5385
-21.0825
-22.4734
-23.6801
-24.5137
-25.1141
-25.4945
-25.5094
-25.1304
-24.3666
-23.1317
-21.2712
-19.0704
-16.4505
-13.4427
-10.2864
-7.23256
-4.12971
-1.22153
1.1606
3.0984
4.56066
5.39879
5.74801
5.73315
5.28882
4.48784
3.65417
2.79524
1.87984
1.03577
0.294236
-0.494852
-1.25868
-1.94523
-2.82794
-3.90086
-5.03917
-6.23543
-7.63676
-8.95786
-9.99957
-10.964
-11.7174
-12.0785
-12.138
-12.0013
-11.5451
-11.0131
-10.5672
-10.1199
-9.80936
-9.85542
-10.2032
-10.6534
-11.4351
-12.4976
-13.5512
-14.5944
-15.7461
-16.6184
-17.1489
-17.4506
-17.3793
-16.8725
-16.0374
-15.0491
-13.7132
-12.239
-10.857
-9.51363
-8.304
-7.40643
-6.80607
-6.35431
-6.19233
-6.39146
-6.6322
-6.94576
-7.43466
-7.79131
-7.931
-8.04245
-7.94289
-7.48073
-6.79121
-5.88175
-4.61416
-3.21133
-1.66288
0.0490394
1.89619
3.61702
5.20412
6.70056
7.9949
8.96974
9.78261
10.2492
10.3607
10.3666
10.1422
9.64143
8.96974
8.25942
7.36928
6.2488
5.17439
4.10742
2.93642
1.75799
0.820295
-0.0297208
-0.695467
-1.00011
-1.09521
-1.09967
-0.766797
-0.219934
0.297208
0.852988
1.4905
1.94523
2.19488
2.42076
2.449
2.30188
2.14436
1.94671
1.58709
1.29583
1.20964
1.17249
1.2557
1.57372
2.07303
2.71351
3.54569
4.33924
5.10455
5.81785
6.39146
6.61437
6.42267
6.07791
5.40919
4.37342
3.22768
2.08789
0.88568
-0.144146
-0.902027
-1.43403
-1.74015
-1.61087
-1.33149
-1.02388
-0.561724
0.00148604
0.381913
0.66426
0.991189
1.15317
1.20518
1.3835
1.49942
1.64059
2.01507
2.4698
2.88292
3.4595
4.1728
4.82963
5.48201
6.23989
6.9413
7.56692
8.26982
8.99649
9.52552
10.0486
10.5955
10.9313
11.1304
11.2716
11.2478
11.1067
10.9566
10.8109
10.6401
10.5776
10.7664
10.9908
11.4024
12.0161
12.6373
13.1812
13.8321
14.37
14.5052
14.4532
14.1828
13.4561
12.453
11.1438
9.51363
7.5803
5.62912
3.66458
1.6183
-0.209532
-1.7461
-3.03747
-4.0138
-4.51013
-4.68995
-4.6944
-4.29763
-3.76414
-3.22917
-2.6184
-1.91402
-1.46078
-0.95701
-0.381913
0.129286
0.536461
1.04766
1.65842
2.14882
2.6511
3.14
3.44316
3.59325
3.76117
3.70321
3.44019
3.25592
3.05084
2.81605
2.64813
2.60949
2.61246
2.60503
2.64961
2.50249
2.00318
1.30474
0.301666
-1.06698
-2.78187
-4.57552
-6.60248
-8.63836
-10.4439
-12.0577
-13.5022
-14.5156
-15.1918
-15.7773
-15.9645
-15.9214
-15.8278
-15.5336
-14.8649
-14.0134
-13.0564
-11.713
-9.98917
-8.05286
-5.85649
-3.3852
-0.893111
1.55737
3.98259
6.21462
8.1123
9.81084
11.1914
12.2108
12.988
13.6211
14.0149
14.2259
14.4131
14.4592
14.3284
14.162
13.8588
13.2377
12.5006
11.5792
10.3577
8.90139
7.39157
5.71829
3.9172
2.2885
0.777199
-0.598875
-1.703
-2.35538
-2.81308
-3.11623
-3.04936
-2.874
-2.84725
-2.70608
-2.60354
-2.70608
-2.82199
-2.82051
-2.80416
-2.57531
-1.94523
-1.02834
0.309097
2.15327
4.35707
6.70353
9.26695
11.9626
14.4488
16.7343
18.8385
20.5876
21.9577
23.1005
23.8926
24.2685
24.481
24.429
23.9921
23.2536
22.2371
20.7362
18.7687
16.4698
13.8202
10.597
7.14043
3.8429
0.426494
-2.94682
-5.88472
-8.48975
-10.7857
-12.5095
-13.8395
-14.9421
-15.7401
-16.3108
-16.8205
-17.1653
-17.296
-17.3362
-17.1311
-16.5649
-15.6926
-14.6301
-13.2718
-11.6416
-9.97877
-8.35452
-6.64558
-5.13576
-3.77454
-2.26621
-0.931748
0.355164
1.82189
3.38966
5.02282
6.74811
8.54622
10.1957
11.6416
13.0638
14.263
15.0105
15.5915
16.2172
16.5961
16.8354
17.1014
17.2619
17.2262
17.0479
16.7863
16.1637
15.2587
14.104
12.5674
10.8139
8.97866
7.07504
5.02133
3.10434
1.34487
-0.332873
-1.80405
-3.00477
-4.13565
-5.08672
-5.75692
-6.30973
-6.77783
-6.99777
-7.02897
-6.93981
-6.66935
-6.29041
-5.87729
-5.40473
-4.76128
-4.22333
-3.78346
-3.23065
-2.77295
-2.46831
-2.18299
-1.86201
-1.57075
-1.39836
-1.20667
-1.0863
-1.26016
-1.47118
-1.80257
-2.46237
-3.29753
-4.16389
-5.38095
-6.76
-8.01571
-9.21197
-10.3711
-11.3578
-12.0919
-12.6254
-12.8067
-12.5125
-12.0042
-11.3593
-10.1957
-8.85383
-7.52234
-6.09574
-4.65428
-3.39412
-2.30931
-1.30326
-0.725188
-0.365566
0.0208046
0.234794
0.318013
0.429466
0.607791
0.693981
0.759367
0.869334
0.775713
0.445812
0.0579556
-0.549835
-1.45038
-2.2781
-3.10285
-4.02123
-4.74344
-5.13576
-5.45228
-5.55928
-5.32597
-4.91731
-4.48041
-3.87857
-3.22322
-2.69568
-2.11166
-1.37459
-0.86339
-0.43541
0.0594416
0.433924
0.572126
0.7133
0.688037
0.331387
-0.0386371
-0.37151
-0.907971
-1.48158
-1.87241
-2.19191
-2.45791
-2.48317
-2.38658
-2.33011
-2.17705
-1.77731
-1.62721
-1.62127
-1.56034
-1.70003
-2.1295
-2.60503
-3.1831
-3.99151
-4.82666
-5.61129
-6.36471
-6.99628
-7.21324
-7.17758
-6.89523
-6.12992
-5.0778
-3.93949
-2.66299
-1.24976
-0.104023
0.743021
1.28097
1.3092
0.80692
0.00891625
-1.18586
-2.71946
-4.41503
-5.95159
-7.33658
-8.49718
-9.2194
-9.54781
-9.54187
-8.90733
-7.89088
-6.75703
-5.29922
-3.59919
-2.01061
-0.503768
0.992675
2.24392
3.11326
3.74334
4.12822
4.08513
3.7478
3.31239
2.61989
1.76542
1.09075
0.42798
-0.216962
-0.560237
-0.769769
-0.968899
-0.992675
-0.888653
-0.87825
-0.884194
-0.802462
-0.803948
-0.925804
-0.933234
-0.85596
-0.81435
-0.754909
-0.417578
-0.108481
0.105509
0.456215
