500
2058
2.50217
1.2903
0.0522771
-1.2594
-2.85861
-4.56712
-6.29464
-8.06019
-9.89939
-11.6412
-13.276
-14.6756
-15.8709
-16.7691
-17.4463
-17.7386
-17.7576
-17.539
-17.0305
-16.339
-15.5477
-14.7255
-13.9247
-13.3806
-13.0812
-13.0241
-13.2475
-13.813
-14.514
-15.2839
-15.9921
-16.6099
-16.9378
-16.8736
-16.5528
-15.8637
-14.9085
-13.794
-12.7105
-11.5271
-10.4649
-9.64751
-8.82296
-8.0483
-7.35207
-6.67246
-5.63643
-4.48158
-3.07009
-1.4495
0.335049
2.16713
4.04197
5.82177
7.34256
8.60434
9.47404
9.94692
10.0895
9.99444
9.44791
8.80632
8.12434
7.37345
6.48712
5.80989
5.17544
4.58376
4.11564
3.79485
3.52871
3.19603
3.12475
3.00356
2.94178
2.92277
2.87049
2.80871
2.68752
2.60435
2.23841
1.79406
1.23327
0.591682
-0.237623
-0.879207
-1.36396
-1.72039
-1.82732
-1.41624
-0.762771
0.152079
1.43049
2.79445
4.20593
5.54851
6.64395
7.38534
7.84632
7.95563
7.59682
6.91009
6.02613
4.86415
3.5192
2.1196
0.670098
-0.777028
-1.97227
-3.05821
-3.96593
-4.38415
-4.55049
-4.34376
-3.619
-2.53307
-1.15247
0.399207
2.17663
3.83287
5.30613
6.43959
7.29504
7.64197
7.38534
6.81979
6.04514
4.83088
3.55009
2.40475
1.27366
0.38495
-0.171089
-0.641583
-0.826929
-0.848316
-0.810296
-0.80792
-0.798415
-0.841187
-0.948117
-0.998018
-0.97188
-0.917226
-0.601187
-0.0261386
0.710494
1.69663
2.91089
4.18217
5.51762
6.87682
8.13622
9.31246
10.4127
11.4487
12.221
12.8293
13.2808
13.4994
13.3687
12.7723
11.817
10.4531
8.34296
5.88118
3.18178
0.0902969
-3.12712
-6.29702
-9.45503
-12.278
-14.773
-16.9948
-18.7675
-20.1315
-21.1984
-21.7924
-22.1132
-22.1869
-21.9683
-21.5097
-20.9251
-20.3548
-19.756
-19.074
-18.518
-18.1711
-17.8835
-17.6768
-17.577
-17.5913
-17.539
-17.539
-17.4439
-17.2087
-16.9853
-16.7382
-16.4222
-16.0206
-15.5738
-15.1699
-14.5117
-13.8059
-13.0693
-12.1378
-11.0233
-9.75444
-8.27167
-6.5988
-4.88791
-3.02257
-1.10495
0.824553
2.72316
4.40791
5.8693
6.90296
7.62296
7.90335
7.54454
6.78415
5.61029
4.03485
2.37861
0.800791
-0.610692
-1.77267
-2.43564
-2.56871
-2.33584
-1.71802
-0.777028
0.218614
1.22376
2.01267
2.68514
2.92752
3.00594
2.88712
2.60435
2.39049
2.26693
2.24316
2.28118
2.64475
3.10336
3.62851
4.14415
4.72395
5.13979
5.47009
5.8693
6.29227
6.77227
7.54692
8.32395
9.30771
10.6479
12.0523
13.3639
14.5996
15.5429
15.9825
15.7711
15.0725
13.6515
11.6317
9.15801
6.43722
3.4598
0.689108
-1.75841
-3.66415
-5.13979
-5.84316
-5.95009
-5.46059
-4.43168
-3.12
-1.61109
0.040396
1.84633
3.50019
5.16593
6.76989
8.46415
10.1275
11.8717
13.7679
15.5216
17.1588
18.6392
19.8724
20.6899
20.9726
20.6495
19.718
18.2756
16.4269
14.1481
11.7647
9.46692
7.32593
5.53663
4.41504
3.8091
3.83287
4.63841
5.95247
7.71801
9.74018
12.019
14.1861
16.1275
17.722
18.8507
19.4756
19.5825
19.2285
18.4063
17.2728
15.8471
14.236
12.575
10.9259
9.4289
7.97464
6.64633
5.54613
4.48395
3.49306
2.62336
1.73703
0.819801
-0.121188
-1.10495
-2.17425
-3.29108
-4.27722
-5.05187
-5.6792
-5.96197
-5.82177
-5.22296
-4.11088
-2.57109
-0.551286
1.70376
4.30336
6.84355
9.32909
11.634
13.6467
15.1485
16.377
17.0257
17.2728
17.1683
16.7192
16.0752
15.3624
14.5829
13.68
12.6915
11.7647
10.7501
9.64751
8.48316
7.17623
5.70059
4.07999
2.36673
0.703365
-0.912474
-2.25267
-3.36712
-4.24871
-4.83088
-4.96633
-4.87603
-4.55524
-4.12514
-3.63564
-3.22693
-2.92514
-2.79207
-2.83009
-2.95128
-3.15326
-3.32435
-3.44079
-3.30772
-3.05821
-2.46178
-1.57069
-0.358811
1.13822
2.79683
4.58613
6.38732
8.25504
10.0562
11.4511
12.6986
13.6681
14.1362
14.3073
14.1053
13.6633
12.9148
11.8455
10.579
9.01068
7.21662
5.2087
2.86099
0.142574
-2.85623
-6.21385
-9.80672
-13.5564
-17.3536
-21.0439
-24.4396
-27.3552
-29.6007
-31.055
-31.6039
-31.1524
-29.912
-27.6404
-24.5798
-21.0463
-17.1136
-12.903
-8.61622
-4.59801
-0.824553
2.67089
5.66969
8.40474
10.7881
12.8649
14.8229
16.6526
18.3018
19.8012
21.1128
22.1584
22.8641
23.1231
22.9021
22.0871
20.8372
19.2119
17.3061
15.1913
13.0693
11.0376
9.19365
7.39959
5.79088
4.20118
2.44752
0.579801
-1.56594
-4.15841
-6.80553
-9.7782
-12.7604
-15.5334
-17.7814
-19.4827
-20.5378
-20.4689
-19.5326
-17.8954
-15.6237
-12.7057
-9.57622
-6.39445
-3.31485
-0.479999
1.98416
4.10138
5.84554
7.39009
8.69939
9.94454
11.1184
12.3018
13.5635
14.8158
15.9279
17.059
17.9334
18.5061
18.6297
18.3208
17.4059
15.9113
13.9414
11.4796
8.49028
5.43207
2.24316
-0.755642
-3.57148
-5.89781
-7.8083
-9.09622
-9.78296
-10.1346
-10.1133
-9.82573
-9.38612
-9.1081
-8.99405
-8.99642
-9.26494
-9.8281
-10.4697
-11.1992
-11.9833
-12.5798
-12.922
-13.0455
-12.7509
-11.8954
-10.6954
-9.08197
-7.03603
-4.70019
-2.0697
0.831682
3.97782
7.04078
10.3628
13.8107
17.0923
20.3905
23.8431
27.0748
30.0974
32.7873
35.0613
36.815
37.9698
38.3595
37.9294
36.7556
34.838
32.1647
28.8308
25.0811
21.0035
16.6194
12.1734
7.81543
3.50732
-0.636831
-4.44118
-8.11009
-11.5485
-14.7303
-17.6317
-20.3477
-22.8594
-25.1382
-27.0629
-28.7572
-30.0023
-30.9291
-31.5801
-31.6158
-31.3164
-30.7508
-29.7148
-28.3342
-26.811
-25.0004
-22.8356
-20.64
-18.1544
-15.4194
-12.5988
-9.68791
-6.57979
-3.4693
-0.451484
2.49267
5.27049
7.69187
9.7188
11.356
12.5085
13.0622
13.2142
12.8459
11.9026
10.6241
8.97741
6.979
4.68831
2.30019
-0.266138
-2.89901
-5.51286
-7.9485
-10.4839
-12.7984
-14.8752
-16.7833
-18.4705
-19.718
-20.6257
-21.2625
-21.3148
-20.8895
-20.1814
-18.9077
-17.3536
-15.6499
-13.8915
-12.1616
-10.7334
-9.71167
-9.19127
-9.19127
-9.8186
-10.9877
-12.4776
-14.4332
-16.5386
-18.4966
-20.4214
-21.9754
-23.0851
-23.6673
-23.6103
-22.7952
-21.2435
-19.0954
-16.194
-12.663
-8.7588
-4.60989
-0.114059
4.21306
8.1386
11.6887
14.4831
16.3271
17.2396
17.3513
16.4055
14.5402
12.1045
9.18414
6.00237
2.81108
-0.137822
-2.83247
-5.06138
-6.6986
-7.77028
-8.45464
-8.68276
-8.63761
-8.49504
-8.28593
-8.13147
-8.18375
-8.42137
-8.88949
-9.48355
-10.1798
-11.0281
-11.9358
-12.7889
-13.6586
-14.4855
-15.322
-16.0847
-16.7596
-17.5319
-18.1473
-18.5299
-18.7033
-18.5394
-17.8431
-16.9069
-15.5192
-13.6182
-11.3156
-8.78256
-6.09742
-3.25306
-0.358811
2.43564
5.30375
8.08395
10.7667
13.3877
15.9921
18.5085
20.8206
22.9021
24.7604
26.0031
26.8277
27.1223
26.7635
25.8606
24.5109
22.6883
20.5948
18.2804
15.9992
13.6229
11.3679
9.16989
7.01227
4.90217
2.8396
0.791286
-1.22138
-3.18178
-5.0495
-6.56316
-7.7584
-8.74454
-9.21504
-9.39088
-9.10573
-8.7184
-8.16474
-7.58256
-7.15484
-6.91959
-6.9291
-7.20237
-7.67761
-8.3786
-9.08672
-9.8685
-10.6408
-11.1493
-11.6174
-12.0214
-12.297
-12.3778
-12.4443
-12.3279
-12.038
-11.5532
-10.8618
-9.80434
-8.39999
-6.64633
-4.6289
-2.29307
0.0332673
2.45465
4.68118
6.81029
8.5687
9.97543
11.1208
11.9738
12.4942
12.9172
13.2
13.4186
13.5588
13.6586
13.6063
13.4519
13.1049
12.4182
11.4938
10.3794
8.88949
7.13345
5.21821
3.10574
0.850692
-1.41624
-3.57623
-5.80514
-7.84395
-9.74731
-11.3727
-12.5893
-13.4162
-13.7608
-13.6016
-12.7794
-11.2942
-9.37662
-6.81742
-3.89227
-0.665345
2.62336
5.99761
9.19127
11.9738
14.3239
16.1584
17.2657
17.6911
17.5223
16.6431
15.2554
13.2332
10.8356
8.29068
5.65306
2.99405
0.387326
-1.97465
-3.97544
-5.75049
-7.15722
-8.32632
-9.26256
-10.0752
-10.7358
-11.3727
-11.9691
-12.518
-13.1548
-13.5992
-13.9699
-14.0626
-13.958
-13.7299
-13.1929
-12.4562
-11.6911
-10.9687
-10.3865
-10.1394
-10.1893
-10.4958
-11.1707
-11.9691
-12.6772
-13.0907
-13.0527
-12.2566
-10.7453
-8.16236
-4.70494
-0.544158
4.17742
9.19365
14.3334
19.2713
23.6459
27.3457
30.1805
32.1386
33.177
33.474
32.9655
31.7964
30.1449
28.1916
26.0245
23.6578
21.1936
18.7319
16.2297
13.8083
11.337
8.84434
6.4087
4.01346
1.73227
-0.446732
-2.42376
-4.26059
-5.82177
-7.23326
-8.40949
-9.50494
-10.4839
-11.2919
-12.1164
-12.8816
-13.5707
-14.2431
-14.773
-15.0297
-15.0915
-14.9394
-14.5449
-13.9485
-13.3687
-12.7319
-12.114
-11.855
-11.8479
-11.8265
-12.2352
-12.7485
-13.3164
-13.7132
-13.9936
-13.9247
-13.3972
-12.4752
-11.1232
-9.39088
-7.34019
-5.10653
-2.78732
-0.418217
1.79168
3.77821
5.53663
6.88395
7.89147
8.69939
9.11523
9.30296
9.43127
9.46692
9.45503
9.5786
9.80434
10.1632
10.5933
11.2111
11.8812
12.4871
13.2142
13.8273
14.255
14.7208
15.1437
15.2079
15.2839
15.2317
14.8515
14.1362
13.238
12.0879
10.5433
8.80632
7.10256
5.38217
3.81861
2.68752
1.91762
1.58257
1.94376
2.79207
3.86376
5.30375
6.76751
7.939
8.86335
9.29345
9.19127
8.50216
7.26177
5.48435
3.27683
0.798415
-1.69901
-4.27484
-6.68197
-8.7588
-10.5196
-11.9501
-12.8887
-13.4186
-13.5992
-13.4281
-12.9267
-12.2756
-11.3988
-10.3865
-9.24593
-8.09345
-6.84355
-5.55088
-4.2891
-3.0297
-1.7798
-0.793662
0.121188
0.97188
1.54455
1.94376
2.47841
2.95841
3.57386
4.36277
5.42257
6.69623
8.05068
9.66177
11.2039
12.5465
13.7323
14.4998
14.6542
14.3121
13.4709
12.1592
10.3271
8.25741
5.95009
3.51683
1.01703
-1.2903
-3.53346
-5.47484
-7.1691
-8.67325
-9.90414
-10.7548
-11.4677
-11.9406
-12.2138
-12.354
-12.4681
-12.4681
-12.4016
-12.316
-12.2447
-12.1045
-11.9097
-11.6127
-11.1873
-10.6265
-9.99444
-9.1889
-8.23127
-7.27603
-6.18771
-4.98296
-3.77584
-2.51881
-1.08832
0.54891
2.32396
4.2297
6.41346
8.68276
11.0281
13.3877
15.5596
17.4059
18.9623
19.8938
20.1932
19.9485
19.1857
17.5627
15.6214
13.3164
10.6907
7.83207
4.96633
2.07208
-0.838811
-3.66653
-6.43484
-9.06533
-11.596
-13.9461
-15.9374
-17.6578
-18.8934
-19.4519
-19.4091
-18.6677
-17.2942
-15.36
-12.8459
-10.0871
-7.23326
-4.45781
-1.86772
0.392079
2.16475
3.64277
4.75484
5.61504
6.35405
7.18336
7.99365
8.92989
10.1014
11.4154
12.5964
13.8178
14.6685
15.1485
15.1936
14.8277
13.8962
12.5988
11.0257
9.27444
7.47801
5.7695
4.36752
3.15564
2.16475
1.65386
1.24277
0.815048
0.541781
0.251881
-0.173465
-0.563167
-1.03841
-1.44237
-1.66336
-1.60871
-1.22614
-0.349306
1.00039
2.79207
4.9497
7.45662
10.2226
12.903
15.5049
17.9905
20.1552
21.9279
23.3489
24.4871
25.4138
26.1695
26.7374
27.1485
27.5643
27.9968
28.2986
28.4245
28.4934
28.4269
28.0039
27.4122
26.5782
25.4186
24.1592
22.8522
21.3837
19.8154
18.461
17.2134
16.0919
15.1984
14.6162
14.2028
13.8511
13.6301
13.4614
13.1691
12.7532
12.1212
11.2087
10.2582
9.08672
7.80118
6.41108
5.1493
3.81148
2.49267
1.16911
-0.206732
-1.77267
-3.35049
-5.059
-7.02177
-9.00355
-10.8713
-12.5893
-14.0839
-15.1746
-15.8043
-15.9612
-15.6214
-14.9109
-13.8653
-12.6392
-11.1659
-9.64751
-8.28118
-6.85306
-5.45346
-4.17742
-2.92514
-1.61346
-0.425346
0.617821
1.73703
2.72079
3.54772
4.29148
4.7097
5.05187
5.26811
5.37979
5.19445
5.13979
4.97583
4.79762
4.57187
4.51247
4.34376
4.13702
3.96593
3.82336
3.61188
3.32198
3.05108
2.72554
2.42138
2.1196
1.86772
1.58732
1.19287
0.779405
0.249505
-0.537029
-1.30218
-2.26217
-3.56197
-4.87603
-6.23286
-7.62058
-8.85147
-9.90652
-10.7026
-11.3536
-11.6863
-11.741
-11.4843
-11.002
-10.4079
-9.64038
-8.57345
-7.57306
-6.38969
-5.15168
-3.8495
-2.58059
-1.28792
-0.166336
0.826929
1.60396
2.15049
2.51643
2.47128
2.29782
1.94614
1.41386
0.672474
-0.147327
-0.888711
-1.71089
-2.58534
-3.27445
-3.86376
-4.36039
-4.46257
-4.33425
-3.91841
-3.14376
-1.92
-0.32792
1.45663
3.65702
5.87167
8.0388
10.0158
11.6649
12.8435
13.6039
13.5873
13.0004
11.8194
10.1632
8.03642
5.59365
3.05584
0.594058
-1.72277
-3.80673
-5.60078
-7.05504
-8.03405
-8.5782
-8.97266
-8.96791
-8.68513
-8.20989
-7.64434
-6.86019
-5.81702
-4.70732
-3.53584
-2.23128
-0.860197
0.406336
1.61346
2.54732
3.02019
3.1295
2.86336
2.07683
0.97188
-0.444356
-1.95564
-3.50019
-4.68593
-5.6388
-6.04276
-5.80752
-5.08752
-3.95168
-2.3097
-0.30891
1.7394
3.86138
5.91445
7.95088
9.88989
11.7172
13.7014
15.6142
17.8122
20.0008
22.2962
24.594
26.7873
28.7667
30.1853
31.1192
31.699
31.5659
30.9101
29.8621
28.3556
26.6756
24.9386
23.0447
20.9631
18.7913
16.6194
14.2527
11.7457
9.16513
6.45623
3.71405
1.20475
-1.21426
-3.32435
-5.09702
-6.57979
-7.88434
-8.97504
-9.92791
-10.8903
-11.9691
-13.1738
-14.3002
-15.4883
-16.5101
-17.3299
-17.6554
-17.5295
-16.7691
-15.4574
-13.6372
-11.2396
-8.41187
-5.55326
-2.40712
0.717623
3.5691
6.26613
8.73504
10.8309
12.6249
14.2503
15.5121
16.4697
17.2206
17.7053
17.8503
17.7457
17.3465
16.522
15.2649
13.7631
11.962
9.88038
7.62058
5.29425
2.98455
0.7699
-1.21663
-2.95841
-4.46019
-5.64118
-6.62019
-7.27603
-7.76316
-8.02217
-8.21702
-8.16236
-8.05543
-7.82494
-7.58494
-7.19524
-6.97187
-6.80316
-6.67722
-6.72712
-7.08831
-7.62296
-8.42375
-9.42652
-10.6336
-11.8218
-13.0384
-14.1671
-14.9418
-15.4289
-15.5358
-15.1319
-14.1362
-12.72
-10.8998
-8.61622
-6.00237
-3.18891
-0.377821
2.54495
5.27762
7.76553
10.0325
11.8859
13.3378
14.3311
14.7588
14.6566
14.1267
13.1073
11.7315
10.1869
8.49979
6.75563
5.21583
3.9089
2.92277
2.11485
1.65624
1.33782
1.05267
0.700989
0.368316
-0.375445
-1.25703
-2.2693
-3.45504
-4.58613
-5.58415
-6.43009
-7.05266
-7.37108
-7.42573
-7.42811
-7.32355
-7.31642
-7.47563
-7.88672
-8.45464
-9.20315
-10.1204
-10.9592
-11.6602
-12.1996
-12.3327
-12.038
-11.4035
-10.4531
-9.15088
-7.64197
-6.08554
-4.40554
-2.76356
-1.21426
0.0665345
1.41861
2.53544
3.52395
4.47445
5.30138
5.90494
6.5394
7.10969
7.39246
7.55642
7.52791
7.28078
6.84118
6.17346
5.35841
4.31049
3.19603
2.02455
0.848316
-0.211485
-1.18336
-1.99366
-2.5093
-2.74217
-2.78019
-2.62336
-2.22653
-1.64198
-1.2903
-0.969503
-0.722375
-0.829306
-1.28554
-1.99841
-2.98455
-4.27722
-5.6792
-6.9291
-8.15048
-9.13424
-9.75682
-10.0824
-10.0871
-9.79959
-9.32434
-8.89662
-8.57108
-8.40236
-8.53306
-9.03682
-9.81385
-10.8119
-12.0024
-13.1881
-14.2883
-15.1342
-15.6142
-15.6356
-15.177
-14.3596
-13.0598
-11.4701
-9.56672
-7.43048
-5.3394
-3.38138
-1.52554
0.190099
1.57307
2.71366
3.67366
4.31762
4.70732
5.06138
5.35128
5.55801
5.76237
6.09029
6.48237
6.82454
7.1786
7.50652
7.66335
7.61583
7.39722
6.87207
6.07841
5.27524
4.24633
3.38138
2.72554
2.50217
2.7398
3.49306
4.77385
6.58217
8.78731
11.2039
13.6206
15.8637
17.7362
19.0907
19.9556
20.2218
20.1505
19.6087
18.8578
18.1449
17.3798
16.8713
16.6027
16.5077
16.4198
16.4459
16.4673
16.2392
15.6808
14.9655
13.8843
12.5132
10.8784
9.06533
7.15959
5.23722
3.43366
1.56356
-0.0118812
-1.40911
-2.70653
-3.87089
-4.68593
-5.34177
-5.75286
-5.9691
-5.83128
-5.44158
-4.76673
-3.78772
-2.6495
-1.26416
0.254257
1.78218
3.20792
4.60277
5.90494
7.00276
7.90098
8.7588
9.5786
10.4269
11.6103
12.7746
14.1624
15.9374
17.9192
20.0103
22.2344
24.2922
26.293
27.9231
29.3536
30.354
30.9077
31.0859
30.8102
30.057
28.914
27.4051
25.3568
22.7928
19.8772
16.5457
12.8174
9.03207
5.2491
1.57307
-1.62772
-4.32712
-6.39682
-7.76316
-8.32395
-8.22177
-7.82256
-7.0289
-6.05464
-5.13742
-4.31524
-3.69267
-3.36237
-3.0796
-2.79445
-2.57346
-2.3097
-1.79881
-1.03604
-0.0617821
1.07643
2.4594
3.85663
5.27049
6.59643
7.80355
8.86098
9.68315
10.263
10.6313
10.674
10.5695
10.2416
9.79484
9.36474
8.8681
8.31682
7.9984
7.76553
7.62771
7.55167
7.60632
7.53979
7.2689
6.9885
6.27563
5.19445
3.79722
1.98416
-0.256633
-2.75406
-5.42969
-8.27167
-11.2111
-13.9342
-16.4293
-18.9291
-20.9441
-22.5528
-23.8526
-24.8103
-25.3829
-25.5683
-25.4994
-25.1144
-24.4847
-23.6697
-22.6075
-21.2483
-19.68
-17.8835
-15.8281
-13.6348
-11.2467
-8.6186
-5.94771
-3.25782
-0.681979
1.85109
4.09425
6.15445
7.98415
9.27444
10.4269
11.2871
11.76
11.9952
12.1901
12.2946
12.0974
11.9287
11.7552
11.4131
10.8903
10.4887
9.89226
9.03919
8.13385
7.14534
6.08554
4.93544
3.86138
2.73505
1.59445
0.601187
-0.558415
-1.94851
-3.47168
-5.22296
-7.20949
-9.38612
-11.7386
-14.1481
-16.5243
-18.5798
-20.2764
-21.4907
-21.9754
-21.8376
-21.0487
-19.5802
-17.6245
-15.2293
-12.4824
-9.58335
-6.75088
-3.98257
-1.08119
1.58495
3.88277
6.09266
8.09345
9.94216
11.394
12.8008
13.8368
14.5449
14.8681
14.9275
14.5045
13.813
12.7604
11.3703
9.7687
8.15761
6.47524
4.76435
3.11287
1.66574
0.223366
-1.01228
-2.13386
-3.25069
-4.3889
-5.57464
-6.81979
-8.24078
-9.69266
-11.0281
-12.3018
-13.3996
-14.2218
-14.7113
-14.7398
-14.2859
-13.4875
-12.4158
-11.0804
-9.65464
-8.32395
-7.35444
-6.42771
-5.9786
-5.83365
-5.77187
-5.7695
-5.73385
-5.3489
-4.50534
-3.11762
-1.12396
1.50416
4.55762
7.88197
11.4725
14.8752
17.779
20.4095
22.3081
23.4059
23.798
23.6055
22.8926
21.6974
20.4689
18.941
17.4012
15.973
14.7279
13.5327
12.4538
11.5414
10.6432
9.71404
8.91325
8.15999
7.43524
6.79365
6.28276
5.6887
5.3988
5.22771
5.02573
5.00672
5.14455
5.31088
5.47484
5.73148
5.9691
6.12831
6.1188
6.019
5.62692
5.02098
4.38653
3.3196
2.03881
0.691484
-0.91485
-2.64475
-4.46257
-6.40395
-8.48791
-10.4934
-12.6416
-14.8158
-17.0186
-19.0289
-20.7754
-22.4174
-23.6316
-24.3445
-24.6035
-24.2495
-23.3013
-21.9493
-20.0507
-17.7647
-15.3457
-12.7699
-10.0657
-7.5493
-5.28237
-3.14376
-1.25465
0.316039
1.6396
2.75643
3.65702
4.29623
4.77148
5.10177
5.10653
4.9188
4.64078
4.06098
3.33148
2.57821
1.83445
1.16435
0.748514
0.477623
0.582177
0.995642
1.64198
2.33821
3.03207
3.79722
4.22257
4.34851
4.12989
3.63326
2.63049
1.52317
0.218614
-1.12633
-2.46415
-3.66891
-4.75247
-5.68158
-6.36831
-7.01702
-7.59682
-7.96276
-8.22177
-8.46177
-8.58771
-8.53306
-8.25028
-7.81543
-7.1691
-6.34454
-5.53187
-4.5291
-3.55247
-2.78257
-2.19802
-1.76079
-1.67287
-1.78693
-2.03881
-2.49505
-3.01782
-3.49306
-3.74019
-3.94455
-3.83999
-3.48594
-2.95366
-2.33821
-1.53267
-0.784157
-0.216237
0.140198
0.313663
0.18297
-0.261386
-0.976632
-1.86297
-2.87762
-3.859
-4.7691
-5.51049
-5.95247
-5.88831
-5.42969
-4.67405
-3.47881
-1.94376
-0.178218
1.78693
3.64277
5.39167
6.86019
8.11959
8.77781
9.03682
8.89424
8.31207
7.40197
6.3089
5.11603
3.8495
2.67326
1.64673
0.80792
0.128317
-0.304158
-0.546534
-0.658217
-0.867325
-0.883959
-0.917226
-0.907721
-0.940989
-0.950494
-0.886335
-0.862573
-0.826929
-0.831682
-0.843563
-0.841187
-0.993266
-1.22376
-1.42099
-1.77505
-2.05544
