500
2058
-1.13964
-2.09305
-3.04646
-4.05268
-5.3452
-6.70165
-7.9358
-9.14771
-10.3596
-11.3214
-12.1719
-12.8196
-13.2699
-13.5228
-13.7785
-13.8063
-13.773
-13.798
-13.773
-13.7146
-13.7452
-13.8925
-14.0009
-14.2844
-14.7375
-15.2323
-15.7048
-16.3275
-16.875
-17.2225
-17.4365
-17.5255
-17.3365
-16.8445
-16.2441
-15.4352
-14.4429
-13.4589
-12.5972
-11.5604
-10.6126
-9.83149
-8.93646
-7.92468
-6.98239
-5.99285
-4.64473
-3.32442
-1.89014
-0.369689
1.02846
2.26539
3.40225
4.30284
4.78927
5.01164
4.86154
4.29172
3.41615
2.42104
0.970085
-0.605956
-2.16532
-3.71356
-5.42859
-6.82673
-8.01085
-9.01707
-9.66472
-9.8176
-9.65638
-9.28947
-8.33606
-7.19642
-5.92336
-4.47518
-3.00754
-1.61218
-0.400264
0.828325
1.66221
2.25983
2.71568
3.0409
3.02144
3.15208
3.39669
3.54679
3.7775
4.37789
4.95327
5.47862
6.18742
6.7489
7.09635
7.24923
7.06578
6.43481
5.50364
4.35566
2.83521
1.09239
-0.57816
-2.25705
-3.92481
-5.35632
-6.54599
-7.62448
-8.32494
-8.83639
-9.29503
-9.50072
-9.65916
-9.78424
-9.77868
-9.72587
-9.56743
-9.45903
-9.16995
-8.7947
-8.36108
-7.91078
-7.24645
-6.55155
-6.01508
-5.25069
-4.26115
-3.44116
-2.53779
-1.37313
-0.297419
0.79497
2.01244
3.00754
3.88312
4.5947
5.0728
5.19232
5.0589
4.77538
4.28894
3.75248
3.36889
3.05758
2.97419
3.27716
3.82753
4.57524
5.53143
6.58213
7.55221
8.39165
9.04208
9.46737
9.62858
9.6675
9.4757
9.11157
8.6724
8.25823
7.71899
6.97127
6.22634
5.37021
3.98041
2.46552
0.895036
-1.06737
-3.22713
-5.39523
-7.79126
-10.1317
-12.3971
-14.6513
-16.8
-18.768
-20.5747
-22.0618
-23.3237
-24.2243
-24.7664
-24.9081
-24.6024
-24.0242
-23.1987
-21.9617
-20.5441
-19.221
-17.8674
-16.5053
-15.3268
-14.4762
-13.6813
-13.1726
-12.8974
-12.6973
-12.6611
-12.8112
-13.0169
-13.1281
-13.2282
-13.3894
-13.1893
-12.8724
-12.5277
-11.8856
-10.9489
-9.84539
-8.46392
-6.72945
-4.90602
-2.86022
-0.619854
1.72614
4.05268
6.25135
8.26657
9.78702
10.9128
11.6077
11.5076
10.8294
9.65638
7.97193
5.95393
3.94705
2.03468
0.252945
-1.12852
-1.83455
-2.1681
-2.02912
-1.32866
-0.347452
0.806088
2.0041
3.28828
4.25837
5.07835
5.74546
6.08457
6.26525
6.37088
6.34586
6.10959
6.07902
6.09013
6.07068
6.13739
6.42091
6.62104
6.83229
7.22144
7.66618
8.06366
8.70019
9.25333
9.82316
10.607
11.4603
12.1691
12.8363
13.4506
13.7758
13.6507
13.3477
12.6556
11.5076
10.0511
8.5084
6.6127
4.76982
3.11595
1.74282
0.475314
-0.269623
-0.630972
-0.667107
-0.283521
0.425281
1.30086
2.37657
3.78305
5.1951
6.69331
8.28881
10.0817
11.755
13.445
15.2434
16.7972
18.0592
19.121
19.8854
20.1911
20.0299
19.4212
18.2843
16.7833
15.0905
13.0281
10.8905
8.92256
7.10469
5.48418
4.44738
3.8581
3.67743
4.13607
5.045
6.25413
7.61614
9.22554
10.7349
11.9635
12.9447
13.5339
13.5895
13.1726
12.3721
11.0684
9.42845
7.54665
5.47584
3.30774
1.30086
-0.389146
-1.854
-2.97419
-3.48842
-3.67743
-3.53011
-2.91582
-2.08749
-1.27028
-0.353011
0.50589
1.08127
1.40093
1.70668
1.91515
1.95963
2.11251
2.44606
2.91859
3.76082
4.84765
6.18186
7.56333
9.21442
10.6626
11.8967
12.9558
13.684
13.8286
13.7785
13.2421
12.3609
11.2241
9.9399
8.52508
7.17418
5.94281
4.68921
3.36611
2.23203
1.1452
-0.00277961
-1.10073
-2.16254
-3.32164
-4.53633
-5.62038
-6.56545
-7.45214
-7.95248
-8.20542
-8.39443
-8.40555
-8.09424
-7.78848
-7.51886
-7.27147
-7.1714
-7.28815
-7.4855
-7.7579
-8.16095
-8.48616
-8.58067
-8.48338
-8.15261
-7.35208
-6.33474
-4.97273
-3.26605
-1.2675
0.889476
3.12429
5.43137
7.56333
9.63692
11.6494
13.1893
14.4401
15.4046
15.9077
16.0328
15.791
15.4296
14.7125
13.6896
12.5972
11.2296
9.58967
7.82183
5.726
3.191
0.322435
-2.863
-6.40145
-10.1428
-13.9147
-17.6394
-21.1668
-24.216
-26.6343
-28.4382
-29.4778
-29.614
-29.1859
-27.9629
-26.0617
-23.863
-21.3863
-18.5956
-15.6159
-12.7918
-9.9538
-7.04354
-4.37233
-1.68723
0.992322
3.59682
6.12627
8.65572
11.0434
13.1476
15.0016
16.547
17.5727
18.0425
18.0091
17.3392
16.1801
14.693
13.0253
11.1351
9.37286
7.88299
6.67385
5.60926
4.91436
4.3501
3.59126
2.73514
1.55102
-0.316876
-2.49887
-5.23679
-8.41945
-11.7522
-14.8404
-17.6422
-20.0549
-21.3474
-21.6893
-21.2557
-19.9938
-17.7729
-15.1406
-12.2664
-9.25889
-6.41257
-3.98875
-1.87346
-0.191793
1.13408
2.15976
3.13262
3.96651
4.82541
5.91502
7.12137
8.29993
9.78424
11.2213
12.4971
13.5617
14.4234
14.7598
14.5541
13.9898
12.8863
11.0907
9.13659
6.88232
4.50853
2.09305
-0.0639311
-2.10417
-3.78305
-4.96995
-5.95671
-6.72389
-7.20476
-7.44937
-7.87743
-8.39165
-8.88087
-9.61746
-10.5987
-11.5493
-12.6
-13.7813
-14.7153
-15.4213
-15.9661
-16.0495
-15.4769
-14.5568
-13.1865
-11.2519
-9.05876
-6.61826
-3.94149
-1.17856
1.25639
3.70245
6.10403
8.00529
9.70363
11.5132
13.092
14.5124
15.9161
17.3087
18.5845
19.7992
20.8582
21.5615
21.9534
22.0479
21.6226
20.6108
19.2599
17.5616
15.3796
12.9502
10.493
7.83017
5.15896
2.7546
0.294639
-2.11251
-4.29728
-6.34586
-8.40555
-10.4652
-12.4165
-14.3372
-16.3024
-18.0175
-19.6963
-21.4058
-22.6372
-23.6323
-24.5245
-24.947
-24.8998
-24.7052
-24.0937
-22.8901
-21.4948
-19.713
-17.4143
-14.8709
-12.1858
-9.17551
-6.03732
-2.9992
-0.0305758
2.82965
5.28683
7.28259
8.88643
10.0483
10.5236
10.6098
10.2957
9.3673
8.17484
6.77392
5.09503
3.15486
1.28974
-0.614295
-2.57392
-4.42515
-6.00953
-7.79126
-9.37008
-10.7043
-12.0135
-13.2893
-14.2205
-14.9098
-15.5436
-15.7159
-15.4269
-14.996
-14.0593
-12.7334
-11.3047
-9.83149
-8.28603
-6.99629
-6.15407
-5.84831
-6.03732
-7.00185
-8.61402
-10.5737
-13.117
-15.9717
-18.6679
-21.2946
-23.6128
-25.4057
-26.5036
-26.9511
-26.5787
-25.3195
-23.4599
-20.9138
-17.6617
-14.0537
-10.3096
-6.18186
-2.1264
1.55658
5.00053
7.97471
10.2179
11.7272
12.814
13.1337
12.6584
11.8078
10.5987
9.0532
7.39655
5.85387
4.3362
2.96307
1.96519
1.31198
0.761614
0.567041
0.628193
0.661548
0.781072
0.983983
0.989543
0.767173
0.441959
0.00277961
-0.633752
-1.39537
-2.22647
-3.10483
-3.99431
-4.7448
-5.57313
-6.3125
-6.85731
-7.46048
-7.99695
-8.3444
-8.5084
-8.54175
-8.236
-7.82183
-7.22144
-6.35976
-5.17842
-3.90536
-2.59894
-1.12018
0.497551
2.06247
3.79973
5.63984
7.4994
9.36452
11.4187
13.4533
15.2823
16.9668
18.5567
19.4823
20.041
20.2411
19.8186
18.8819
17.7034
16.1746
14.4596
12.675
11.0879
9.43123
8.01641
6.78226
5.60926
4.48352
3.4495
2.4405
1.35923
0.280741
-0.806088
-1.7178
-2.46274
-3.12707
-3.45506
-3.71634
-3.57736
-3.38001
-3.12707
-2.79073
-2.49053
-2.36267
-2.36823
-2.47108
-2.73514
-3.25771
-3.71912
-4.26393
-5.02832
-5.63706
-6.29583
-7.13249
-8.02753
-8.77524
-9.65082
-10.4208
-10.9739
-11.2602
-11.3047
-10.8322
-9.83427
-8.37776
-6.50986
-4.16108
-1.72336
0.806088
3.25493
5.59814
7.52441
9.08378
10.3958
11.3742
12.0024
12.6584
13.2032
13.6952
14.3234
15.021
15.6325
16.2663
16.8472
17.0502
16.9862
16.7666
16.0384
14.8348
13.4144
11.6466
9.55909
7.35764
5.26737
3.02422
1.02846
-0.742157
-2.1681
-3.17988
-3.71634
-3.78861
-3.4773
-2.67399
-1.35645
0.07227
1.85678
3.82197
5.85109
7.72733
9.6814
11.502
12.9558
14.1733
15.2128
15.7187
15.8021
15.6131
14.8598
13.684
12.0552
10.0622
7.83573
5.55645
3.26605
0.93673
-1.18967
-2.88246
-4.36955
-5.50642
-6.3264
-6.86843
-7.3354
-7.60502
-7.81072
-8.04976
-8.24156
-8.47226
-8.60013
-8.72243
-8.56955
-8.27491
-7.98861
-7.44659
-6.69053
-6.04844
-5.47862
-4.95883
-4.73368
-4.78372
-4.88934
-5.26181
-5.74268
-6.0679
-6.03176
-5.75102
-4.88934
-3.50787
-1.41204
1.20357
4.31674
7.74678
11.238
14.8431
18.3427
21.3558
23.8741
25.8365
27.1068
27.5932
27.5793
26.8983
25.5669
23.838
21.8644
19.6185
17.2364
14.8487
12.4638
10.0733
7.90244
5.76214
3.58848
1.56492
-0.336333
-2.17366
-3.88868
-5.30072
-6.61548
-7.65506
-8.44169
-8.94758
-9.43123
-9.72865
-9.7898
-9.93156
-10.0733
-10.1122
-10.2429
-10.3846
-10.2874
-10.0733
-9.81482
-9.34506
-8.63626
-7.98861
-7.22144
-6.29583
-5.6037
-5.07835
-4.32508
-3.84699
-3.47452
-3.06591
-2.47108
-1.90959
-1.19523
-0.155658
0.950628
2.1681
3.51065
4.89212
6.10681
7.16862
8.12203
8.63348
8.79748
8.73633
8.21376
7.35208
6.4626
5.35076
4.12773
3.14096
2.35711
1.67055
1.30642
1.33977
1.59828
1.95129
2.65453
3.49397
4.26115
5.22289
6.24023
7.06856
8.01085
9.05042
9.74533
10.3958
10.9962
11.2046
10.9155
10.4013
9.61746
8.30827
6.73778
5.23401
3.70801
2.28206
1.34533
0.783851
0.539245
0.961746
1.85678
2.80185
4.01376
5.25069
6.14017
6.73222
6.99629
6.81839
6.18464
5.26737
4.13329
2.68789
1.1869
-0.0972865
-1.40648
-2.58782
-3.4217
-4.05824
-4.66697
-4.96161
-5.09225
-5.21178
-5.23957
-5.09781
-5.03388
-4.96161
-4.75314
-4.47518
-4.25003
-3.88312
-3.33832
-2.80185
-2.21535
-1.4454
-0.922832
-0.458636
0.0611515
0.302978
0.222369
0.255724
0.189014
0.0667107
-0.0500331
0.0694903
0.283521
0.514229
1.09239
1.72058
2.182
2.77405
3.26605
3.33276
3.18266
2.85744
2.24037
1.23415
0.225149
-0.950628
-2.27372
-3.63296
-4.79483
-6.04566
-7.13527
-7.99695
-8.88643
-9.72865
-10.2401
-10.7682
-11.2519
-11.541
-11.641
-11.8022
-11.7383
-11.4381
-11.0934
-10.721
-10.0928
-9.36174
-8.59179
-7.65228
-6.58491
-5.58424
-4.48908
-3.29662
-2.24037
-1.25917
-0.175116
0.736598
1.4732
2.29596
3.22991
4.11939
5.06168
6.32362
7.62726
9.03097
10.6543
12.2136
13.5284
14.7903
15.6798
16.0217
15.9439
15.577
14.3623
12.8335
11.0962
9.00595
6.6127
4.30284
2.0041
-0.375248
-2.66287
-4.76704
-6.79338
-8.7669
-10.4708
-11.8967
-13.1531
-13.9898
-14.2594
-14.1316
-13.4867
-12.2998
-10.7571
-8.77246
-6.54877
-4.24169
-2.02078
0.175116
2.24871
3.94149
5.54533
7.01575
8.26657
9.42011
10.696
11.8273
12.8085
13.8258
14.7542
15.1989
15.4797
15.2823
14.5652
13.3894
11.9996
10.2151
8.27491
6.40979
4.78094
3.35499
2.34599
1.96519
1.90126
2.11529
2.89914
3.72468
4.29728
4.91714
5.33964
5.3313
5.12561
4.70311
4.14162
3.59404
3.24937
3.11595
3.33554
3.96929
5.00053
6.22356
7.70231
9.42845
10.9517
12.3192
13.7035
14.8431
15.7298
16.5165
17.2836
18.0369
18.8736
19.7992
20.6748
21.5976
22.5983
23.4488
23.9408
24.3049
24.5079
24.1771
23.6156
22.904
21.8366
20.6692
19.6352
18.4622
17.178
16.1635
15.3129
14.4568
13.7619
13.3449
12.9641
12.5249
12.1914
11.869
11.3158
10.6904
9.96214
8.93924
7.96915
6.99351
5.94281
4.84765
4.02766
3.23547
2.41548
1.65109
0.86446
-0.208471
-1.36479
-2.62951
-4.21667
-5.95671
-7.51052
-8.9448
-10.254
-11.0851
-11.402
-11.3881
-10.8822
-10.0038
-8.94202
-7.86075
-6.60714
-5.4397
-4.64473
-3.8581
-3.14374
-2.68233
-2.2765
-1.74282
-1.37869
-1.20357
-0.856121
-0.669887
-0.708802
-0.778292
-1.11463
-1.5677
-2.05969
-2.4405
-3.01588
-3.32164
-3.41893
-3.29106
-3.07703
-2.44884
-1.69834
-0.953408
-0.07227
0.958967
1.85678
2.61284
3.41337
4.09993
4.64196
5.20344
5.76214
6.15129
6.3681
6.57657
6.55711
6.15684
5.7816
5.10337
3.89424
2.56836
1.10629
-0.628193
-2.34043
-3.96373
-5.48974
-6.99629
-8.14149
-9.01429
-9.56465
-9.70641
-9.54519
-9.18662
-8.3166
-7.28815
-6.03176
-4.70867
-3.19934
-1.74282
-0.369689
0.858901
1.95685
2.73792
3.27439
3.73302
3.76082
3.61906
3.4356
3.08815
2.45996
1.80397
1.26472
0.542025
-0.239047
-0.769953
-1.28974
-1.72614
-1.66221
-1.35367
-0.806088
0.189014
1.65387
3.41893
5.31462
7.66062
9.85095
11.8189
13.5951
14.8765
15.5075
15.7354
15.2267
14.0315
12.3276
10.3402
7.94692
5.37577
2.94083
0.756055
-1.22025
-2.78795
-3.8859
-4.68365
-4.97829
-4.7448
-4.48908
-3.95539
-3.1493
-2.28762
-1.52045
-0.558702
0.600397
1.68445
2.8491
4.19722
5.58702
6.8851
8.26101
9.40343
10.0233
10.3485
10.2985
9.52296
8.29159
6.60158
4.50575
2.02078
-0.347452
-2.80463
-5.10615
-6.89622
-8.28603
-9.37564
-9.83705
-9.6397
-9.13103
-8.2082
-6.85731
-5.06446
-3.07981
-0.811647
1.92905
4.65863
7.79126
10.9962
14.2233
17.3365
20.3746
23.0791
25.1055
26.6509
27.8406
28.163
27.9212
27.3236
26.1395
24.6441
23.1431
21.4141
19.4295
17.4115
15.4936
13.3338
11.0934
8.89754
6.50986
4.01098
1.73448
-0.589278
-2.85744
-4.85599
-6.63494
-8.43613
-10.0817
-11.4909
-12.928
-14.4596
-15.9494
-17.3059
-18.729
-19.902
-20.8332
-21.4002
-21.5865
-21.1251
-20.2467
-18.9792
-17.0974
-14.8543
-12.6945
-10.1706
-7.62726
-5.47862
-3.45506
-1.52879
-0.00833884
1.27028
2.5767
3.70523
4.69477
5.83163
7.07134
8.21098
9.44235
10.7793
11.8217
12.5277
13.0725
13.2226
12.7973
11.9885
10.8238
9.27001
7.51608
5.78716
4.05824
2.40159
1.15076
0.136201
-0.553143
-0.895036
-0.900595
-0.850562
-0.569821
-0.189014
0.14732
0.28908
0.514229
0.383587
-0.0444738
-0.536465
-1.19523
-2.26816
-3.44672
-4.74758
-6.218
-7.87187
-9.42011
-11.0406
-12.7501
-14.1816
-15.4686
-16.6805
-17.5505
-17.9174
-17.9841
-17.7228
-16.8584
-15.5325
-13.8147
-11.7939
-9.29781
-6.72111
-4.06658
-1.19801
1.41482
3.7775
5.92892
7.60502
8.71687
9.46181
9.72865
9.47014
8.96425
8.32216
7.48272
6.68219
6.15684
5.84831
5.55923
5.64262
5.87888
6.00953
6.04566
6.10681
5.65373
4.90602
4.03044
2.82965
1.52045
0.297419
-0.819986
-1.83455
-2.5906
-3.00198
-3.43004
-3.82197
-4.25559
-4.94493
-6.07902
-7.46604
-9.16717
-11.3492
-13.6479
-15.9105
-18.2231
-20.2828
-21.8172
-22.9763
-23.774
-23.9214
-23.5406
-22.9096
-21.7838
-20.2273
-18.4761
-16.7027
-14.4596
-12.2053
-9.97048
-7.52997
-5.0589
-2.84632
-0.580939
1.71224
3.60516
5.28127
6.75724
7.88021
8.61124
9.01151
9.12825
8.67795
7.91912
6.8851
5.45916
3.80807
2.03468
0.136201
-1.75116
-3.41615
-4.88656
-6.19854
-7.10747
-7.53275
-7.98305
-8.22488
-8.14705
-8.1804
-8.46114
-8.75022
-9.23944
-10.1289
-11.1518
-12.0357
-13.067
-14.0315
-14.6013
-14.9543
-15.0683
-14.757
-14.1232
-13.5061
-12.8029
-12.0468
-11.4965
-11.2574
-11.1296
-11.2074
-11.5799
-11.9273
-12.2553
-12.5194
-12.5388
-12.1636
-11.5521
-10.7432
-9.5174
-8.14983
-6.66273
-4.96717
-3.36055
-2.02356
-0.786631
0.383587
1.20079
1.74282
2.26261
2.50165
2.46552
2.52111
2.56836
2.50443
2.50443
2.77128
3.06313
3.37167
3.8581
4.37511
4.77538
5.13673
5.44248
5.39245
5.08669
4.77816
4.01932
3.16876
2.38213
1.69278
1.13686
0.93395
1.13686
1.72058
2.81019
4.33064
6.03454
7.86909
9.78424
11.4603
12.8446
13.9342
14.8126
15.16
15.2406
15.3129
15.0933
14.8765
14.7959
14.7014
14.3928
14.1399
13.8814
13.2476
12.3443
11.4131
10.1289
8.63626
7.07134
5.41469
3.67743
2.06247
0.655989
-0.911713
-2.17922
-3.22435
-4.3362
-5.40635
-6.0679
-6.64606
-7.05466
-7.21032
-6.92124
-6.41813
-5.54811
-4.23613
-2.85188
-1.23693
0.617074
2.41548
3.97763
5.54533
7.00185
8.12759
9.0393
9.91766
10.6098
11.1379
11.919
12.4777
12.8863
13.495
14.1177
14.5568
15.0627
15.4797
15.8911
16.1218
16.5721
16.9668
17.2058
17.5505
17.8006
17.7395
17.4866
17.0418
15.9661
14.3122
12.3248
9.8176
6.75446
3.65797
0.597617
-2.43494
-4.91158
-6.73222
-7.97471
-8.4945
-8.06366
-7.01853
-5.71767
-3.98597
-2.11807
-0.458636
1.03124
2.3043
3.11317
3.68299
4.23057
4.57802
4.73646
5.10059
5.62038
6.18186
6.77392
7.56611
8.18596
8.61124
8.87253
8.81694
8.37776
7.64672
6.63772
5.30906
3.75248
2.27094
0.703242
-0.78941
-1.89292
-2.80185
-3.61072
-3.91648
-3.93037
-3.82475
-3.51343
-2.92415
-2.44328
-2.08471
-1.50377
-1.24527
-1.25917
-1.34255
-1.64553
-2.36545
-3.25771
-4.23057
-5.4814
-6.95737
-8.22488
-9.44791
-10.9267
-12.0635
-12.9085
-13.7341
-14.3928
-14.7848
-15.0294
-15.2656
-15.2517
-15.1795
-15.135
-14.8765
-14.3623
-13.7952
-13.0308
-11.9412
-10.8349
-9.63692
-8.15539
-6.75168
-5.49252
-4.36121
-3.29384
-2.65731
-2.14864
-1.74838
-1.84566
-1.98742
-2.08193
-2.39047
-2.77961
-2.86022
-2.72124
-2.72402
-2.40159
-1.74838
-1.10629
-0.50311
0.514229
1.4732
2.21257
3.03812
3.8859
4.59192
5.23401
5.99285
6.54043
6.91012
7.39099
7.47994
7.03798
6.28471
5.0589
3.22435
0.992322
-1.54547
-4.38345
-7.32984
-9.94546
-12.222
-14.0982
-15.1489
-15.5353
-15.3768
-14.5402
-13.2393
-11.7216
-10.0594
-8.31383
-6.87121
-5.77326
-4.6086
-3.74414
-3.41893
-3.11317
-2.81575
-2.58782
-2.50721
-2.09583
-1.68167
-1.28418
-0.775512
-0.108405
0.386366
0.995102
1.63441
2.07081
2.4127
2.95473
3.4217
3.76082
4.16664
4.67253
4.95049
5.29238
5.65096
5.77604
5.62872
5.3452
4.80317
3.83309
2.7407
1.58716
0.250165
-1.03958
-2.10973
-3.06591
-3.75804
-3.95817
-3.97485
-3.89146
-3.51343
-3.08815
-2.88524
-3.00476
-3.11873
-3.7636
-4.74202
-5.71489
-6.79338
-7.9219
-8.65294
-8.87531
-8.65016
-7.73011
-5.99563
-3.79417
-1.18967
1.96241
5.08113
7.7996
10.4347
12.5027
13.723
14.2733
14.315
13.748
12.6584
11.6132
10.2957
9.01151
8.07478
7.52997
7.13527
7.06856
7.42435
7.82183
8.17762
8.72243
9.17829
9.40065
9.54797
9.66194
9.33116
9.14493
8.98093
8.52508
8.11091
7.85241
7.51052
6.96849
6.54043
6.04288
5.26181
4.33342
3.35221
1.98186
0.389146
-1.0368
-2.79351
-4.70589
-6.40423
-8.08868
-9.73977
-11.1657
-12.3554
-13.4672
-14.2817
-14.8821
-15.3796
-15.8744
-16.0467
-15.9661
-15.9911
-15.7965
-15.2573
-14.6625
-13.8314
-12.6222
-11.3158
-9.85095
-8.11369
-6.36254
-4.70033
-2.91304
-1.25639
0.0667107
1.23693
2.31542
3.05202
3.51899
3.91092
4.1583
4.10271
3.98041
3.86366
3.39391
2.73236
2.10973
1.15632
-0.0694903
-1.27584
-2.51277
-3.8581
-4.98663
-5.89556
-6.52931
-6.83785
-6.69609
-6.38755
-5.95393
-5.15062
-4.39457
-3.81641
-3.32998
-2.8491
-2.85744
-2.95195
-3.12429
-3.39947
-3.87756
-4.25281
-4.60582
-5.01998
-5.28127
-5.51197
-5.85109
-6.05122
-6.12627
-6.26247
-6.4487
-6.45704
-6.30694
-6.19854
-5.97061
-5.54811
-5.26181
-4.8671
-4.3501
-4.01654
-3.83309
-3.5857
-3.51343
-3.6135
-3.70523
-3.83865
-4.11661
-4.43626
-4.55301
-4.81707
-5.06168
-5.1812
-5.27571
-5.52031
-5.58146
-5.55923
-5.67875
-5.78994
-5.67041
-5.52309
-5.38689
-5.14785
-4.7865
-4.44182
-4.00542
-3.45228
-2.98531
-2.50443
-1.72614
-0.922832
-0.275182
0.547584
1.46486
2.25983
3.08259
3.77194
4.2
4.31674
4.33064
3.81919
2.97419
1.97631
0.79497
-0.580939
-1.82899
-2.80463
-3.65519
-4.17498
-4.21112
-3.88312
-3.33832
-2.39047
-1.173
0.0806088
1.20357
2.47942
3.54957
4.47518
5.24791
5.85943
6.24023
6.40979
6.44037
6.05956
5.50919
4.82541
3.74414
2.39881
1.10907
-0.394705
-1.88458
