500
2058
-6.68984
-6.19035
-5.39902
-4.36636
-3.46839
-2.60691
-1.51812
-0.550004
0.204848
0.911996
1.49006
1.77068
1.89695
1.7819
1.17858
0.370411
-0.71276
-2.18879
-4.00717
-5.96305
-8.16587
-10.5483
-12.9167
-15.2907
-17.718
-19.9769
-21.9805
-23.768
-25.2833
-26.2487
-26.7033
-26.5517
-25.6397
-23.8326
-21.3491
-17.9705
-13.6856
-8.90389
-3.86406
1.56863
6.84138
11.6679
16.0287
19.8254
22.6175
24.5874
25.9035
26.5209
26.5321
26.3328
25.8418
25.1964
24.6492
24.231
23.6923
23.2405
22.7915
22.1292
21.2425
20.1565
18.6356
16.6909
14.3955
11.6736
8.42404
4.92478
1.21225
-2.74721
-6.76
-10.5034
-13.997
-17.1932
-19.6991
-21.4333
-22.5193
-22.6596
-21.9581
-20.5802
-18.5795
-15.8912
-12.97
-9.89726
-6.68423
-3.474
-0.547198
2.29542
4.95565
7.2202
9.24343
11.2442
12.9896
14.4937
16.0259
17.4542
18.6833
19.9376
21.1303
22.1012
22.8111
23.3443
23.5604
23.3443
22.8055
21.8851
20.5101
18.9162
17.196
15.2065
13.1496
11.1628
9.03297
6.70387
4.3383
1.73981
-1.08878
-4.08574
-7.10235
-10.1891
-13.0205
-15.3412
-17.0193
-17.9565
-17.92
-16.9407
-15.1925
-12.681
-9.52405
-6.15668
-2.78369
0.58929
3.53855
6.02198
8.17149
9.77941
10.8878
11.6736
12.4031
12.9251
13.3713
14.07
14.9595
15.9698
17.3055
18.8657
20.367
22.003
23.681
25.0083
26.0606
26.9586
27.4637
27.6237
27.6433
27.4441
27.0203
26.5321
25.9961
25.2974
24.2844
23.0384
21.2088
18.7703
15.7116
11.9345
7.27633
1.97833
-3.74339
-9.88885
-16.2532
-22.5417
-28.6563
-34.437
-39.6592
-44.1771
-48.0776
-51.1391
-53.3027
-54.6693
-55.3484
-55.0958
-54.2119
-52.806
-50.8697
-48.5799
-46.4192
-44.0761
-41.7414
-39.7434
-38.0681
-36.6174
-35.5258
-34.7008
-34.0217
-33.5025
-33.1153
-32.7729
-32.2398
-31.6168
-30.7188
-29.4
-27.7668
-25.78
-23.1843
-20.0667
-16.618
-12.8072
-8.62328
-4.36075
-0.224491
3.96789
7.76179
11.0927
14.0139
16.4412
18.1642
19.2698
19.8478
19.643
18.5935
16.9687
14.5386
11.2105
7.38015
2.93522
-2.11583
-7.27633
-12.2881
-17.081
-21.307
-24.6295
-27.1045
-28.5862
-28.9706
-28.4795
-27.2589
-25.5247
-23.4088
-21.3098
-19.3399
-17.4009
-15.8182
-14.5583
-13.3348
-12.2067
-11.2049
-9.86078
-8.16026
-6.25209
-4.07452
-1.5546
1.21506
4.04085
7.14163
10.2649
13.2759
16.3317
19.5055
22.5193
25.4433
28.3785
30.8591
32.9581
34.7008
35.638
35.6548
34.9365
33.4183
31.0528
28.0053
24.6688
20.931
17.1988
13.5256
10.161
6.95923
4.12784
1.66404
-0.566841
-2.60129
-4.16712
-5.44672
-6.35872
-6.54673
-6.19316
-5.2559
-3.53855
-1.07756
1.92782
5.27835
9.01894
12.5659
15.9305
18.9639
21.4502
23.0553
23.9476
24.1609
23.5211
22.1994
20.4624
18.1726
15.605
13.0486
10.5988
8.32863
6.47377
5.16891
4.34952
4.10258
4.40284
5.18294
6.18754
7.50924
8.6822
9.64752
10.3126
10.5988
10.3238
9.41741
8.14343
6.28295
3.99314
1.41149
-1.46481
-4.56559
-7.64674
-10.6493
-13.7445
-16.646
-19.2557
-21.7055
-23.9027
-25.6902
-27.0821
-28.126
-28.4823
-28.241
-27.4721
-25.9849
-23.5463
-20.4456
-16.6994
-12.319
-7.32964
-2.11303
3.30564
8.74955
13.8876
18.5514
22.7915
26.2038
28.9257
31.0191
32.3689
33.076
33.1854
32.7561
31.802
30.3428
28.6395
26.4395
23.7821
20.8412
17.6142
14.0055
10.3491
6.74877
3.17655
-0.134695
-3.06431
-5.76943
-8.14343
-10.0965
-11.9261
-13.5593
-14.9062
-16.2307
-17.7124
-19.1239
-20.2996
-21.4193
-22.4295
-23.0889
-23.3976
-23.4369
-23.0132
-22.1349
-20.9535
-19.3848
-17.3588
-15.1363
-12.7118
-10.0376
-7.21459
-4.35794
-1.43113
1.47042
4.17554
6.61969
8.98246
11.0001
12.622
14.0307
15.1756
15.7565
16.2139
16.4664
16.3823
16.1971
15.8968
15.2261
14.3871
13.3348
11.8475
9.80466
7.52046
4.62733
1.02424
-3.16252
-7.81791
-12.9924
-18.5739
-24.405
-30.2895
-36.1459
-41.5309
-46.3687
-50.5386
-53.7124
-55.6486
-56.541
-56.1341
-54.3774
-51.3973
-47.4098
-42.4597
-36.6482
-30.3737
-23.7877
-16.9547
-10.2621
-3.84161
2.37961
8.07888
13.0935
17.6675
21.655
24.9578
27.6349
29.7648
31.2913
32.2875
32.975
33.2135
33.1237
32.9357
32.6831
32.2005
31.6645
31.0528
30.2334
29.0267
27.5844
25.6509
22.9627
19.7917
16.0511
11.6427
7.00974
2.30384
-2.36558
-6.7151
-10.3378
-13.1271
-15.1139
-15.9838
-15.8098
-15.0493
-13.6799
-11.9037
-10.0656
-8.49981
-7.29597
-6.58321
-6.66178
-7.22582
-8.15184
-9.38093
-10.669
-11.7044
-12.3863
-12.5912
-12.0103
-10.7616
-9.01894
-6.60847
-3.90615
-1.26276
1.28521
3.75181
5.55055
6.76842
7.63271
8.04802
7.94138
7.86842
7.80388
7.82633
8.12098
8.91511
9.93374
11.2639
12.7427
14.2271
15.3636
16.2981
16.8116
16.7274
15.9277
14.7379
12.9616
10.5539
7.91052
4.96687
1.6893
-1.57705
-4.89952
-8.05082
-10.9496
-13.3151
-15.3664
-16.9351
-17.7292
-17.9677
-17.6591
-16.6432
-15.0129
-13.0907
-10.6241
-7.70005
-4.55718
-1.14491
2.62936
6.43448
10.2284
13.9634
17.457
20.4456
22.915
24.8091
25.9344
26.2515
25.9568
25.0617
23.5435
21.7252
19.7637
17.5749
15.3496
13.3572
11.2863
9.30517
7.59623
5.92377
4.42529
3.18497
2.2842
1.70894
1.60511
2.04848
2.83701
4.10819
5.67963
7.31281
8.74955
10.1274
11.0225
11.233
10.9187
10.1358
8.75516
7.14163
5.50004
3.9763
2.6967
2.02884
1.90256
2.30384
3.25232
4.78167
6.5327
8.37072
10.2929
12.0412
13.447
14.5919
15.3664
15.5769
15.4647
15.0662
14.1794
13.0233
11.7072
10.2031
8.47736
6.7179
4.89672
3.07834
1.26557
-0.561228
-2.48344
-4.39161
-6.22683
-8.16307
-10.0684
-11.6707
-13.0458
-14.2973
-14.9399
-14.9932
-14.6958
-13.9718
-12.8465
-11.623
-10.5707
-9.78782
-9.45109
-9.91971
-11.2442
-13.2282
-16.0315
-19.4718
-23.1619
-26.9474
-30.6375
-33.7439
-36.2469
-38.0541
-38.9044
-38.722
-37.6865
-35.7418
-32.9245
-29.327
-25.0392
-20.1453
-14.7379
-9.02736
-2.94926
3.28038
9.28833
15.0914
20.4933
25.1627
29.0127
32.1107
34.2714
35.2929
35.5791
35.2087
34.1816
32.6691
31.0219
29.2989
27.4834
25.9624
24.7642
23.6642
22.7999
22.2611
21.7308
21.2397
20.7795
20.1397
19.2389
18.2399
16.9884
15.4085
13.6631
11.9037
9.97022
8.05363
6.33627
4.76483
3.35053
2.27578
1.40868
0.791332
0.505106
0.513524
0.709954
1.16174
1.88573
2.77808
3.76865
5.10718
6.55234
8.04802
9.66716
11.5024
13.3151
15.1419
17.0838
18.9751
20.8047
22.828
24.7979
26.5012
28.1316
29.6188
30.7273
31.4344
31.7936
31.5242
30.7385
29.6273
28.1119
26.229
24.2984
22.4014
20.4848
18.7198
17.1315
15.7481
14.2748
12.8185
11.2414
9.47634
7.48959
5.46075
3.25513
1.06072
-0.867098
-2.49466
-3.81074
-4.50386
-4.80412
-4.84621
-4.54876
-4.07452
-3.81074
-3.74059
-3.96789
-4.69748
-5.97147
-7.41383
-9.17328
-11.1123
-12.9588
-14.4488
-15.6835
-16.343
-16.3458
-15.8884
-14.9371
-13.3741
-11.5445
-9.51002
-7.39699
-5.19417
-3.02222
-1.11965
0.869904
2.59849
4.2036
5.77223
7.29878
8.6345
9.92252
11.3116
12.4144
13.2478
14.0644
14.5695
14.78
14.8866
14.7575
14.2636
13.7725
13.2534
12.4901
11.6315
10.9019
10.0011
8.83374
7.60184
6.05566
4.12222
1.90256
-0.477044
-3.26354
-6.15948
-8.98527
-11.6399
-13.9634
-15.605
-16.4075
-16.5338
-15.734
-13.9016
-11.3901
-8.17429
-4.4309
-0.597708
3.12043
6.72071
9.96181
12.4929
14.4825
16.0287
16.8172
17.1427
17.2073
16.98
16.4692
16.082
15.6555
15.1532
14.6958
14.3674
13.809
13.1917
12.5266
11.5248
10.2508
8.80287
7.15286
5.21381
3.26635
1.46761
-0.210461
-1.62756
-2.53675
-3.02502
-3.17375
-2.75844
-2.10461
-1.40868
-0.816587
-0.426534
-0.608933
-1.43394
-2.91839
-5.25029
-8.33144
-11.7353
-15.459
-19.2557
-22.5642
-25.1402
-26.8632
-27.4357
-26.5686
-24.4022
-21.0741
-16.4917
-11.045
-5.1184
1.11404
7.36332
13.2534
18.529
23.0749
26.5405
28.9117
30.413
30.7778
30.0706
28.6086
26.6022
24.0374
21.1836
18.3241
15.5208
12.869
10.5848
8.61205
6.88066
5.35693
4.09136
2.75283
1.45358
0.182399
-1.42271
-3.1064
-4.75361
-6.51306
-8.25848
-9.90568
-11.1993
-12.3863
-13.2927
-13.7389
-14.0195
-14.1121
-13.8034
-13.318
-12.7651
-12.1562
-11.4603
-10.8794
-10.3547
-9.91691
-9.96181
-10.3631
-10.8261
-11.6764
-12.9111
-14.2299
-15.4731
-16.6881
-17.5889
-17.8302
-17.5833
-16.8565
-15.4141
-13.433
-11.1881
-8.75516
-6.29698
-4.24569
-2.46941
-1.08598
-0.185205
0.325513
0.78572
1.13649
1.47603
2.17476
3.32247
4.62733
6.17913
8.07047
9.79344
11.2751
12.5968
13.5705
14.0055
14.0812
13.9381
13.4583
12.9588
12.5715
12.0524
11.5473
11.1516
10.6465
9.8243
8.80006
7.51766
5.74698
3.6985
1.70894
-0.381635
-2.53956
-4.23166
-5.61509
-6.62811
-7.03781
-6.95923
-6.63091
-6.07249
-5.28397
-4.6161
-3.93982
-3.27196
-2.87068
-2.71915
-2.68267
-2.67145
-2.94084
-3.24671
-3.45436
-3.82477
-4.22605
-4.34391
-4.41967
-4.53192
-4.54314
-4.38881
-4.35233
-4.25692
-4.09977
-4.04085
-4.20641
-4.31304
-4.45896
-4.77605
-5.00896
-5.1156
-5.34851
-5.4355
-5.27274
-5.28958
-5.32886
-5.22504
-5.298
-5.53091
-5.73295
-5.83116
-5.99673
-6.06127
-5.91254
-5.63473
-5.10718
-4.41126
-3.53293
-2.75283
-1.97833
-1.28521
-0.984956
-0.923221
-1.06072
-1.61914
-2.57604
-3.59186
-4.90233
-6.51306
-8.18552
-9.85798
-11.7156
-13.6884
-15.5039
-17.3504
-19.2417
-20.7879
-22.1377
-23.2096
-23.7793
-23.8298
-23.5155
-22.5165
-20.9366
-19.0285
-16.8621
-14.4208
-11.9205
-9.68961
-7.77021
-6.14545
-5.15488
-4.69468
-4.66381
-5.05947
-5.83678
-6.49903
-7.0827
-7.43628
-7.32964
-6.49061
-5.19136
-3.38982
-1.04669
1.33572
3.56661
5.64035
7.02939
7.64113
7.46995
6.60566
4.82656
2.54517
-0.098215
-3.00257
-5.9406
-8.69343
-11.2218
-13.5004
-15.4843
-17.283
-18.9415
-20.5157
-21.8458
-23.1423
-24.405
-25.3142
-25.8698
-26.0775
-25.7856
-24.8849
-23.5042
-21.5399
-19.0453
-16.2925
-13.3039
-10.1414
-7.04342
-4.21763
-1.56863
0.940058
3.03625
4.9809
6.84979
8.5896
10.3098
12.1702
14.0532
15.8351
17.6057
19.1463
20.2547
20.8075
20.6195
19.6654
17.8639
15.2935
12.1141
8.38475
4.41967
0.524749
-3.32808
-6.74035
-9.42864
-11.5894
-13.1047
-13.8708
-13.9549
-13.5649
-12.6613
-11.3705
-9.86078
-8.07327
-6.00514
-3.88089
-1.67807
0.634188
2.99696
5.12402
7.20617
9.22098
10.9636
12.4817
13.9353
15.1532
16.2363
17.4374
18.6552
19.9068
21.1892
22.6287
24.1104
25.5948
27.0344
28.255
29.2316
30.1043
30.7245
30.9602
31.0359
31.0163
30.6094
30.0173
29.2035
28.0193
26.4086
24.5481
22.3201
19.7103
17.0333
14.3899
11.7942
9.56895
7.9947
6.98168
6.36433
6.50183
7.06587
7.70005
8.36511
8.91231
9.01052
8.72991
8.04802
6.88066
5.30361
3.62554
1.84644
-0.00561228
-1.61353
-3.10921
-4.6133
-5.88448
-6.93678
-8.03679
-9.1368
-9.98425
-10.6016
-11.1376
-11.3144
-11.1292
-10.6156
-9.71206
-8.37072
-6.93398
-5.38218
-3.5161
-1.6444
0.0869904
1.84364
3.63115
5.19136
6.59443
8.03679
9.15644
9.94216
10.6156
10.9804
10.8401
10.4136
9.79344
8.88425
7.86562
6.94801
5.94622
5.10437
4.64417
4.14748
3.72936
3.44594
3.07553
2.35155
1.43113
0.314288
-1.10281
-2.86507
-4.50666
-6.0753
-7.35209
-8.0845
-8.15465
-7.68602
-6.51586
-4.49825
-2.1018
0.651025
3.64799
6.61408
9.33042
11.8616
14.1458
15.9136
17.3925
18.7001
19.6879
20.3389
21.0096
21.5877
21.9945
22.3902
22.8083
23.1787
23.667
24.2198
24.7642
25.2918
25.9905
26.5573
26.88
26.9362
26.6499
25.6818
24.1048
22.0198
19.2866
15.908
12.246
8.3595
4.30743
0.477044
-3.03905
-6.32224
-9.18731
-11.5697
-13.6126
-15.4085
-16.8312
-18.2034
-19.5223
-20.6251
-21.4417
-22.1461
-22.4463
-22.1854
-21.6101
-20.4764
-18.7591
-16.5927
-14.0756
-11.3452
-8.44368
-5.74979
-3.26354
-0.970925
0.802557
2.06532
3.0587
3.64799
3.79671
3.77426
3.76023
3.56661
3.3786
3.474
3.67324
3.91737
4.50386
5.12682
5.83958
6.65617
7.54291
8.19955
8.72991
9.20695
9.34445
9.11716
8.64011
7.68602
6.1679
4.31865
2.1467
-0.434952
-3.14849
-5.87606
-8.63169
-11.3088
-13.534
-15.3636
-16.8789
-17.805
-18.2624
-18.5065
-18.3494
-17.7601
-17.0978
-16.284
-15.1672
-13.7922
-12.3891
-10.6072
-8.39878
-5.99673
-3.19058
0.0533167
3.40104
6.93117
10.7223
14.3254
17.6142
20.7402
23.6025
25.7323
27.402
28.6479
29.2568
29.3635
29.0772
28.3533
26.9867
25.3703
23.5379
21.2734
18.7086
16.0567
13.071
9.89446
6.8049
3.66202
0.370411
-2.62374
-5.55055
-8.52787
-11.2919
-13.896
-16.5366
-19.1996
-21.6774
-24.0935
-26.4507
-28.5132
-30.1885
-31.5495
-32.2987
-32.2959
-31.7655
-30.5757
-28.6255
-26.2992
-23.7961
-20.8973
-17.9481
-15.2374
-12.7595
-10.394
-8.36792
-6.63933
-4.90794
-3.30283
-1.8717
-0.404085
1.11684
2.45818
3.77426
5.01177
5.78346
6.15668
6.35311
6.16509
5.53091
4.73677
3.80794
2.76966
1.83802
1.11404
0.457401
-0.0841843
-0.28342
-0.378829
-0.550004
-0.707148
-0.85868
-1.34695
-2.01762
-2.82017
-3.96508
-5.31764
-6.68704
-8.23042
-9.94777
-11.5417
-12.9616
-14.446
-15.7284
-16.7835
-17.7264
-18.6384
-19.2052
-19.6654
-20.0639
-20.0499
-19.7665
-19.2726
-18.3802
-16.9379
-15.1644
-13.2085
-10.8401
-8.28373
-5.7582
-3.33931
-1.02705
0.87271
2.45257
3.83319
4.77044
5.33448
5.76101
5.8929
5.58703
5.15769
4.5684
3.58906
2.55078
1.53777
0.420921
-0.600514
-1.13649
-1.33011
-1.25996
-0.704342
0.185205
1.11404
1.9643
2.72476
2.95767
2.50027
1.61914
0.12347
-1.9194
-4.13345
-6.41204
-8.73552
-10.9103
-12.6361
-14.244
-15.6948
-16.8621
-18.1052
-19.4802
-20.844
-22.1573
-23.6698
-25.0589
-26.0971
-26.9446
-27.4216
-27.3094
-26.8492
-26.1981
-25.1823
-23.9252
-22.7157
-21.3772
-19.9994
-18.8236
-17.8106
-16.6039
-15.4001
-14.3282
-13.1524
-11.7914
-10.5258
-9.20415
-7.72531
-6.38117
-5.26432
-4.17835
-3.24109
-2.59007
-2.1467
-1.80435
-1.85205
-2.05971
-2.37961
-3.00818
-3.86406
-4.7957
-6.06969
-7.71689
-9.49037
-11.4855
-13.7838
-16.2476
-18.6075
-20.9759
-23.2377
-25.0757
-26.5601
-27.6798
-28.2354
-28.2242
-27.9295
-27.1691
-25.9933
-24.6407
-23.1591
-21.3127
-19.3652
-17.4402
-15.3271
-13.144
-11.0338
-8.97966
-6.88627
-5.06789
-3.7013
-2.50308
-1.75665
-1.55741
-1.66965
-2.09899
-2.93522
-3.91737
-4.83498
-5.77223
-6.5804
-6.98168
-7.15566
-7.12199
-6.67301
-5.86764
-4.95565
-3.91176
-2.57604
-1.22628
0.117858
1.67246
3.13727
4.36075
5.68524
6.9424
7.77021
8.30338
8.62047
8.46333
7.66357
6.50464
4.83218
2.61813
0.0813781
-2.69951
-5.77785
-8.7271
-11.2919
-13.6519
-15.4226
-16.2391
-16.2083
-15.3384
-13.3488
-10.3827
-6.77964
-2.44415
2.41048
7.20617
11.8223
16.256
19.8927
22.6147
24.492
25.5696
25.6173
25.0055
23.8887
22.2639
20.4736
18.9078
17.4065
15.9417
14.9146
14.2608
13.5396
12.8325
12.3218
11.5725
10.523
9.36971
7.86281
6.10897
4.31865
2.49747
0.482656
-1.35256
-2.91839
-4.47299
-5.90974
-6.93398
-7.89648
-8.79445
-9.44828
-9.9141
-10.4192
-10.6746
-10.6605
-10.7419
-10.683
-10.3042
-9.88604
-9.53247
-8.99649
-8.33144
-7.66919
-6.88066
-5.93499
-4.89111
-3.80794
-2.38803
-0.830618
0.718372
2.52833
4.52911
6.45413
8.48858
10.5286
12.4144
14.0953
15.7705
17.1904
18.2063
19.107
19.8843
20.2575
20.6055
21.0124
21.2144
21.4249
21.8121
22.1573
22.3088
22.4632
22.48
22.0928
21.4586
20.4568
18.9246
16.8677
14.5667
11.8784
8.6822
5.35131
1.93624
-1.61353
-5.09595
-8.32582
-11.3452
-14.07
-16.1213
-17.7011
-18.7647
-19.0397
-18.6384
-17.6562
-16.0848
-13.9072
-11.5108
-8.94879
-6.22122
-3.57783
-1.25996
0.875516
2.65742
3.83319
4.75641
5.35973
5.53652
5.35412
5.17733
4.79009
4.30462
3.91737
3.6564
3.37579
3.30283
3.54135
3.72375
3.89773
4.38881
4.76764
4.91917
5.04264
5.00335
4.59366
4.02681
3.43191
2.44976
1.31608
0.241328
-0.979344
-2.41048
-3.80232
-5.27555
-7.01255
-8.81129
-10.6718
-12.6894
-14.8445
-16.8088
-18.6721
-20.3249
-21.4838
-22.1994
-22.5193
-22.2471
-21.3183
-20.1144
-18.6637
-16.8032
-14.9371
-13.231
-11.4266
-9.70083
-8.27812
-6.82454
-5.22784
-3.74901
-2.19721
-0.246941
1.7342
3.70691
5.86203
8.05082
9.90288
11.5473
12.9251
13.809
14.1458
14.3113
14.0728
13.5228
12.9981
12.5715
12.1478
11.9822
12.2516
12.608
13.1103
13.8567
14.3366
14.4965
14.4601
14.0027
12.9054
11.4883
9.87481
7.85439
5.74979
3.95105
2.36558
0.979344
0.0926027
-0.277808
-0.432146
-0.185205
0.409697
1.04669
1.737
2.61252
3.44033
4.15309
5.05667
6.06407
7.00694
8.01715
9.23221
10.4052
11.4827
12.681
13.6799
14.2047
14.4909
14.446
13.809
12.8718
11.6062
10.0067
8.49419
7.35209
6.39239
5.79188
5.93218
6.65617
7.7225
9.20976
10.9103
12.3611
13.3881
14.1654
14.3899
13.9409
13.144
12.2039
10.9832
9.82992
8.98527
8.17429
7.37735
6.81612
5.92938
4.57962
2.84823
0.66225
-2.16915
-5.4804
-8.93195
-12.4817
-15.8856
-18.5262
-20.5045
-21.8206
-22.1208
-21.4277
-20.0078
-17.8358
-15.0858
-12.1225
-8.94318
-5.58984
-2.48905
0.176787
2.62374
4.69748
6.11458
7.27633
8.28093
8.87022
9.22379
9.70925
10.234
10.6746
11.3733
12.1983
12.8213
13.4695
14.1149
14.3674
14.2496
13.9914
13.3488
12.3526
11.334
10.3547
9.27149
8.47736
8.14623
7.93016
7.87404
8.2248
8.55032
8.62608
8.56996
8.23042
7.22301
5.72734
3.8837
1.43674
-1.38062
-4.07171
-6.91433
-9.76538
-12.2628
-14.446
-16.5366
-18.2511
-19.6598
-21.0713
-22.4155
-23.6025
-24.868
-26.1645
-27.1691
-27.8987
-28.53
-28.69
-28.2158
-27.3487
-25.8979
-23.768
-21.4361
-18.8124
-15.8743
-12.883
-10.2087
-7.60184
-5.19417
-3.28038
-1.6921
-0.300257
0.721179
1.41991
2.08496
2.6967
2.95487
3.15972
3.39263
3.28599
2.99415
2.69109
2.13547
1.26276
0.448983
-0.336737
-1.187
-1.84925
-2.26736
-2.66022
-2.95487
-3.05589
-3.26074
-3.65921
-4.111
-4.78167
-5.848
-6.9901
-8.0873
-9.25746
-10.1695
-10.6998
-10.8822
-10.7251
-10.06
-9.03578
-7.84036
-6.40081
-4.88549
-3.49084
-2.21124
-0.90919
0.134695
0.847455
1.54338
2.17757
2.45818
2.66584
2.83701
2.72476
2.61252
2.52833
2.25053
1.77068
1.37501
0.942864
0.244134
-0.44337
-1.07756
-1.94185
-2.88752
-3.60309
-4.23166
-4.661
-4.68065
-4.25131
-3.52732
-2.34594
-0.777301
0.813781
2.4217
3.98192
5.12682
5.60387
5.57019
4.92759
3.55538
1.66685
-0.426534
-3.02502
-5.67683
-7.96103
-10.1807
-12.2572
-13.8399
-14.982
-15.7593
-15.9445
-15.647
-14.9371
-13.7276
-11.9289
-9.78782
-7.45311
-4.78167
-1.99517
0.468626
2.86507
5.03422
6.61969
7.76179
8.69624
9.21257
9.48757
9.75696
10.0881
10.3575
10.7896
11.4238
12.0776
12.6473
13.3544
13.8932
14.0896
14.1345
14.0363
13.4667
12.7623
11.9317
10.7167
9.39216
8.14623
6.68704
5.1184
