500
2058
2.29683
1.05242
-0.234661
-1.58929
-2.99252
-4.42063
-5.76933
-6.94027
-7.90261
-8.83059
-9.4362
-9.63768
-9.70168
-9.70523
-9.53339
-9.17547
-9.06643
-9.03562
-8.99177
-9.29991
-9.78938
-10.1994
-10.7719
-11.5671
-12.2201
-12.8388
-13.5842
-14.1673
-14.5573
-15.0455
-15.4011
-15.4011
-15.1415
-14.5976
-13.602
-12.0625
-10.1354
-7.74617
-5.05231
-2.20439
0.604429
3.3054
5.71008
7.65017
9.12569
10.03
10.3831
10.4531
10.3511
9.979
9.54998
9.30347
9.18258
9.04984
9.0688
9.13517
8.92777
8.63741
8.26645
7.43448
6.17466
4.87217
3.2734
1.25626
-0.835534
-2.99489
-5.43275
-7.87061
-10.1639
-12.4915
-14.7386
-16.7451
-18.4469
-19.7968
-20.598
-20.7935
-20.5767
-19.7316
-18.2241
-16.2485
-13.9564
-11.2222
-8.31979
-5.34979
-2.28853
0.789313
3.47843
5.96251
8.28542
10.286
11.8776
13.3247
14.5134
15.3513
16.1928
17.0295
17.5841
18.1566
18.7657
19.0312
19.1177
19.0751
18.5654
17.5474
16.2662
14.6568
12.6468
10.4092
8.21549
5.82385
3.29117
0.834349
-1.83699
-4.85439
-7.91683
-11.2353
-14.9567
-18.8428
-22.5333
-26.2358
-29.489
-32.0727
-33.9523
-35.1659
-35.4101
-34.9467
-33.9251
-32.5088
-30.705
-28.8893
-27.1152
-25.1514
-23.1508
-21.2415
-18.9589
-16.3125
-13.3377
-9.9233
-6.02296
-1.87373
2.5149
7.05049
11.349
15.183
18.4718
21.1479
22.9244
23.9141
24.3431
23.997
23.2089
22.4255
21.5461
20.5873
20.0659
19.8193
19.6439
19.7838
20.0919
20.1725
19.9272
19.5574
18.7729
17.3993
15.6986
13.6897
11.2637
8.68956
6.17703
3.3528
0.53332
-2.08824
-4.70862
-7.39892
-9.83916
-12.0921
-14.3107
-16.252
-17.9089
-19.3168
-20.3064
-20.7556
-20.7852
-20.4534
-19.6878
-18.3592
-16.7889
-14.8322
-12.3908
-9.98374
-7.4404
-4.56048
-1.81092
0.636428
3.05888
5.13883
6.70561
7.97135
9.04392
9.66849
10.011
10.3997
10.7814
11.1168
11.7935
12.5792
13.3555
14.319
15.2743
15.9071
16.2248
16.2923
15.8787
14.9495
13.7241
12.1787
10.3108
8.31386
6.25762
4.06153
1.92706
-0.0237031
-1.8358
-3.81501
-5.5003
-6.96397
-8.42764
-9.48716
-10.0169
-10.4353
-10.3701
-9.66731
-8.53548
-7.25552
-5.43986
-3.48317
-1.53833
0.301029
2.12143
3.61709
4.7904
5.8914
6.71864
7.31359
7.90143
8.55563
9.15295
9.88775
10.6225
11.208
11.7852
12.3197
12.8388
13.0853
13.3543
13.698
14.0737
14.5893
15.4331
16.3196
17.1421
18.2514
19.1592
19.4555
19.446
18.87
17.4099
15.4675
13.0403
10.0975
6.93553
4.05441
1.28471
-1.12234
-2.90956
-4.07219
-4.91721
-5.22653
-5.21942
-5.15187
-5.05943
-4.95513
-4.92906
-5.19335
-5.42919
-5.67808
-5.91985
-5.93051
-5.56312
-4.9421
-4.10775
-2.65238
-0.856867
1.1259
3.28288
5.52875
7.5684
9.32835
10.7849
11.6311
11.8373
11.669
10.9082
9.62346
8.24038
6.66413
4.92432
3.46539
2.39401
1.42811
0.930347
0.925606
1.30011
1.67462
2.44971
3.2734
3.98568
4.65884
5.15542
5.34268
5.19216
4.98002
4.49292
3.67279
2.95815
2.32764
1.66514
1.12708
0.927976
0.764425
0.717019
0.888866
0.92205
0.754944
0.551097
0.252438
-0.504876
-1.37004
-2.16528
-2.96289
-3.58628
-3.79368
-3.70005
-3.11814
-1.96736
-0.468136
1.1579
3.07192
5.07365
6.78264
8.15742
9.41961
10.3239
10.7849
11.2673
11.5493
11.5624
11.5612
11.6797
11.6513
11.4936
11.3111
10.8584
10.1141
9.24539
8.15861
6.82768
5.43749
4.1753
2.80526
1.47078
0.406508
-0.68739
-1.98395
-2.99489
-3.99397
-5.3166
-6.67479
-7.84454
-8.99177
-10.0063
-10.6937
-11.112
-11.2234
-10.8347
-10.1971
-9.51442
-8.61845
-7.4961
-6.59657
-5.8677
-5.05706
-4.46448
-3.99042
-3.41206
-2.74008
-2.2755
-1.69477
-1.07019
-0.519098
0.0509617
0.644724
1.05479
1.37478
1.64025
1.98632
2.14039
2.34542
2.85741
3.19399
3.4891
4.02479
4.34122
4.25352
4.03071
3.59102
2.50423
0.936272
-0.938643
-3.34806
-6.05496
-8.80807
-11.7591
-14.6296
-17.0307
-18.9222
-20.4961
-21.2486
-21.0863
-20.3218
-18.9648
-16.8079
-14.1128
-11.1725
-7.88602
-4.60077
-1.46604
1.51581
4.25115
6.58946
8.51771
10.2457
11.6572
12.584
13.3792
14.0441
14.3534
14.6509
14.8903
14.7706
14.6746
14.7481
14.8417
14.8761
15.1854
15.631
16.0932
16.6242
17.2404
17.4846
17.4763
17.1409
16.335
14.9235
13.173
10.9828
8.36008
5.54889
2.98066
0.405323
-1.90454
-3.66213
-4.96224
-5.83452
-6.11895
-5.8914
-5.39838
-4.84965
-4.0639
-3.50332
-3.08496
-2.85148
-3.04229
-3.60169
-4.34952
-5.35571
-6.47569
-7.33729
-7.90854
-8.27949
-8.11831
-7.3764
-6.0834
-4.2867
-1.98513
0.671983
3.29236
5.86059
8.29608
10.3263
11.7473
12.7357
13.173
13.0331
12.5508
11.8361
10.7553
9.72775
8.79148
7.83624
7.03863
6.52072
5.96133
5.32846
4.76551
4.12789
3.1454
2.08469
0.732426
-0.867533
-2.57771
-4.48344
-6.48517
-8.46793
-10.2682
-11.9392
-13.5842
-14.7907
-15.6452
-16.348
-16.8399
-17.1207
-17.3009
-17.4964
-17.532
-17.4893
-17.4633
-17.3566
-16.8861
-16.3338
-15.4651
-14.0109
-12.2296
-10.3014
-7.83387
-5.33675
-2.92615
-0.557023
1.65448
3.51754
5.09617
6.5065
7.56721
8.4466
9.40065
10.203
10.9236
11.5908
12.1834
12.5235
12.565
12.3718
11.7947
10.8062
9.79412
8.56037
7.22944
6.18532
5.4766
4.94802
4.86269
5.38297
6.06681
6.82768
7.78173
8.7097
9.12569
9.14228
8.81992
7.67862
5.94237
3.95012
1.41863
-1.4933
-4.35544
-7.12871
-9.8356
-12.1348
-13.8711
-15.1818
-15.8621
-15.8289
-15.2861
-14.2704
-12.6136
-10.5467
-8.38023
-6.01703
-3.47843
-1.21123
0.899532
2.94985
4.66832
6.12962
7.52692
8.69548
9.54642
10.4981
11.3135
11.72
11.9772
12.0945
11.7875
11.0148
10.1746
9.15177
7.79002
6.46265
5.56075
4.71929
4.19308
4.21797
4.45974
4.87099
5.52993
6.08221
6.35243
6.38206
6.01229
5.11394
3.82686
2.28616
0.359102
-1.70425
-3.51991
-5.19927
-6.92367
-8.30438
-9.34376
-10.4353
-11.259
-11.8563
-12.5887
-13.2263
-13.5309
-13.8651
-14.0713
-13.9279
-13.3555
-12.5887
-11.5114
-9.98848
-8.39919
-6.81583
-5.01558
-3.35873
-2.0598
-0.971827
0.0414804
0.686205
1.28115
1.84292
2.46275
3.22125
4.31159
5.68163
7.29937
9.17902
11.2293
13.224
15.2269
17.0911
18.5583
19.6297
20.5684
21.1384
21.2403
21.2238
21.0069
20.5553
20.0872
19.5598
18.8333
18.012
17.1575
16.1003
14.5857
13.0142
11.3538
9.2608
7.10856
5.03098
2.85978
0.72887
-1.09627
-2.70334
-4.20848
-5.40668
-6.32636
-7.09908
-7.72721
-8.16927
-8.58408
-8.99532
-9.10199
-9.03088
-8.91355
-8.56985
-7.90854
-7.17848
-6.12251
-4.86743
-3.58628
-2.39283
-0.984864
0.355546
1.47315
2.59193
3.79605
4.82002
5.96962
7.24604
8.4703
9.77634
11.1594
12.3647
13.2571
14.0867
14.549
14.6035
14.3487
13.9042
13.2168
12.4406
11.8444
11.432
10.9579
10.7458
10.728
10.5064
10.075
9.38761
8.0555
5.9554
3.35517
0.138663
-3.78183
-7.8398
-11.9132
-15.836
-19.2611
-21.7903
-23.5538
-24.4545
-24.2625
-23.3558
-21.9479
-19.9829
-17.7714
-15.6097
-13.3922
-11.3633
-9.39946
-7.77817
-6.02651
-4.49885
-3.034
-1.63314
-0.252438
0.973012
2.00884
2.91904
3.62776
4.12197
4.76077
5.31779
5.85941
6.51717
7.51862
8.4703
9.52864
10.6782
11.7342
12.4998
13.1291
13.3757
13.0912
12.4489
11.5647
10.2765
8.72629
7.13582
5.3486
3.63724
2.08587
0.666057
-0.637613
-1.8358
-2.74719
-3.62065
-4.43366
-4.8935
-5.50386
-6.20073
-6.7459
-7.26026
-7.82439
-8.26053
-8.4466
-8.58408
-8.50349
-8.04839
-7.3444
-6.30976
-4.89943
-3.29592
-1.6687
0.130367
1.81803
3.16081
4.10656
4.72521
4.73943
4.11723
3.12762
1.71255
-0.129182
-2.05506
-3.84938
-5.57852
-6.89523
-7.73788
-8.18586
-8.22853
-7.79002
-7.04812
-6.3311
-5.52993
-4.88047
-4.67307
-4.72284
-5.00846
-5.76815
-6.96634
-8.19535
-9.52035
-11.0504
-12.3007
-13.2571
-14.1662
-14.6758
-14.786
-14.6189
-14.0405
-12.9336
-11.4782
-9.7159
-7.49255
-4.92313
-2.25061
0.718204
3.7522
6.50294
8.88155
11.0172
12.6207
13.3496
13.4361
13.0189
11.963
10.6071
9.12332
7.58381
6.22917
5.39245
4.84136
4.66003
4.89824
5.35808
5.70652
5.97437
6.15569
5.92577
5.15898
4.42063
3.39784
2.13091
1.14723
0.355546
-0.244142
-0.511987
-0.361472
-0.053332
0.295104
0.744277
1.15908
1.29182
1.33211
1.08323
0.429026
-0.350806
-1.17804
-2.25298
-3.74627
-5.12579
-6.4745
-8.08868
-9.62583
-11.0362
-12.3493
-13.3128
-13.749
-13.7288
-13.1789
-12.0566
-10.4756
-8.58408
-6.39865
-4.16108
-2.22454
-0.575985
0.916125
1.85121
2.4912
3.17621
3.77946
4.37204
5.21824
6.40339
7.68217
9.09962
10.5088
11.656
12.2841
12.5626
12.2379
11.3265
10.075
8.59
6.86205
5.2929
4.20848
3.33858
2.70689
2.60971
2.61445
2.52201
2.3549
1.95906
1.05242
-0.312881
-1.94128
-3.76405
-5.77052
-7.72128
-9.44805
-11.0421
-12.1526
-12.8139
-13.3389
-13.5487
-13.4397
-13.3188
-13.1837
-12.6314
-11.9961
-11.3396
-10.3488
-9.15058
-7.85639
-6.36073
-4.66832
-3.06481
-1.64974
-0.184884
1.10456
2.08232
2.92378
3.50687
3.74272
3.87309
4.00345
3.83042
3.56258
3.4168
3.1371
2.85622
2.61801
2.58482
2.4426
2.30868
2.37149
2.35372
2.07402
1.83225
1.41152
0.657761
-0.119701
-0.924421
-1.96499
-2.87282
-3.59339
-4.31752
-4.88402
-5.01202
-5.16846
-5.24668
-5.12342
-5.00846
-5.10091
-5.21587
-5.3012
-5.59512
-6.05259
-6.42828
-6.92012
-7.62292
-8.31386
-9.02969
-9.96478
-10.8631
-11.7022
-12.6231
-13.4231
-13.9943
-14.3202
-14.4624
-14.0678
-13.3294
-12.4738
-11.2116
-9.52272
-7.74854
-5.85466
-3.76287
-1.81684
-0.0426656
1.60944
2.92141
3.73798
4.13026
4.04256
3.32436
2.25772
1.05834
-0.315251
-1.65448
-2.53505
-2.97237
-2.89178
-2.11787
-0.671983
1.09153
3.0257
5.14357
6.94145
8.15031
8.97518
9.18376
8.63267
7.58262
6.35836
4.75129
3.11577
1.7327
0.357917
-0.845015
-1.63551
-2.40468
-3.38362
-4.26893
-5.32609
-6.66768
-8.15387
-9.63649
-11.1938
-12.6112
-13.6565
-14.2823
-14.5193
-14.0583
-12.9265
-11.5007
-9.66138
-7.297
-4.89587
-2.53149
-0.187254
1.97802
3.82331
5.44342
6.96753
8.10764
9.12095
10.222
11.1808
12.0376
12.9478
13.7928
14.3439
14.895
15.2364
15.0586
14.6497
14.133
13.2003
12.0104
10.8536
9.61635
8.31031
7.10619
6.03125
5.0132
4.06982
3.28051
2.43786
1.5964
0.946939
0.257179
-0.637613
-1.37122
-1.91521
-2.53623
-3.10036
-3.39902
-3.70361
-3.91931
-4.06627
-4.14212
-4.35307
-4.455
-4.58181
-4.81765
-5.13172
-5.33794
-5.55127
-5.72785
-5.74208
-5.78356
-5.76341
-5.35334
-4.68255
-3.97027
-3.0174
-1.53359
0.164737
2.08469
4.34952
6.88338
9.42435
12.0281
14.5312
16.5388
18.1376
19.2967
19.6712
19.3607
18.5809
17.4064
15.7234
14.0382
12.5129
11.1227
10.1046
9.41843
9.08895
8.90407
8.87325
8.61608
7.91209
6.87745
5.48845
3.38243
0.854497
-1.86662
-4.83899
-7.88721
-10.6782
-13.1078
-15.3809
-17.193
-18.428
-19.4199
-20.0967
-20.3053
-20.3278
-20.0919
-19.4804
-18.6946
-17.9456
-16.7202
-15.2494
-13.717
-12.085
-10.1461
-8.0555
-5.89496
-3.4571
-0.83909
1.7801
4.57351
7.37403
10.0371
12.533
14.8524
16.7237
18.2028
19.2694
19.8039
19.7719
19.5408
19.0561
18.1578
17.0982
16.2153
15.2269
13.9682
12.8838
11.72
10.1686
8.49875
6.62857
4.26893
1.71729
-1.06071
-4.07812
-7.23418
-10.0774
-12.8198
-15.4473
-17.6588
-19.3761
-20.6845
-21.59
-21.8578
-21.8898
-21.5829
-20.726
-19.4614
-17.9421
-15.9546
-13.5866
-11.0385
-8.22497
-5.26801
-2.32409
0.508431
3.26392
5.62712
7.48662
9.28213
10.8465
11.9535
12.8945
13.9445
14.9021
15.8372
16.9311
17.916
18.6401
19.2528
19.574
19.3524
18.7444
17.7726
16.3101
14.5205
12.738
10.8489
8.84837
7.11093
5.50978
3.8636
2.3952
1.01094
-0.593763
-2.54927
-4.61025
-6.96634
-9.6519
-12.4109
-15.1261
-17.801
-20.2661
-22.0854
-23.5241
-24.2708
-24.0906
-23.3487
-22.0771
-20.118
-17.6458
-15.0207
-12.2604
-9.40894
-6.68783
-4.199
-1.80736
0.265475
2.01002
3.67754
5.08668
6.21732
7.30885
8.34349
9.11028
9.74434
10.4602
10.9461
11.2045
11.4427
11.5825
11.5351
11.3455
11.2104
10.7588
10.043
9.20628
8.03653
6.49702
4.8461
3.09799
1.09982
-0.933902
-2.714
-4.34715
-5.71008
-6.63213
-7.27567
-7.86587
-8.28186
-8.66941
-9.25132
-10.1627
-11.2305
-12.6729
-14.274
-15.8906
-17.4324
-18.6994
-19.3702
-19.3856
-18.7717
-17.4775
-15.2375
-12.4335
-9.26554
-5.66385
-1.88084
1.79432
5.35927
8.72748
11.5493
13.9576
16.1809
17.7548
18.8534
19.4567
19.6404
19.2801
18.6852
17.7133
16.2615
14.581
12.9253
11.1013
9.29872
7.6881
6.35361
4.9421
3.80909
2.92852
1.92469
0.886496
-0.137478
-1.453
-2.97829
-4.55574
-6.30621
-8.2629
-10.0371
-11.5612
-12.981
-14.1827
-14.786
-15.2198
-15.503
-15.4769
-15.3015
-15.311
-15.2044
-15.2221
-15.503
-15.7768
-15.9071
-15.9877
-15.9237
-15.5054
-14.837
-13.9623
-12.6444
-11.0208
-9.52035
-8.03535
-6.47569
-5.15661
-4.07693
-3.06244
-2.22098
-1.68648
-0.962346
-0.148144
0.61391
1.55848
2.76497
3.9916
5.26683
6.67124
7.89669
8.85903
9.68627
10.3168
10.4507
10.312
10.0809
9.50139
8.686
7.88128
6.98293
5.96725
5.0298
4.12197
3.06007
2.00173
0.951679
-0.205032
-1.57744
-2.85741
-4.18123
-5.70771
-7.03982
-8.28068
-9.44924
-10.3938
-11.0883
-11.592
-11.8634
-11.7212
-11.509
-11.2033
-10.6048
-9.81071
-8.98229
-7.94765
-6.58472
-5.2289
-3.73916
-2.02306
-0.260734
1.37122
3.03281
4.73469
6.15095
7.43922
8.71207
9.78464
10.7505
11.7899
12.7049
13.3603
13.9908
14.3925
14.4589
14.1389
13.5392
12.3884
10.8525
9.10554
7.11804
4.85202
2.62038
0.398212
-1.82988
-3.98805
-5.89852
-7.82321
-9.75856
-11.477
-13.1386
-14.7931
-16.1999
-17.3732
-18.4149
-19.0644
-19.1888
-19.0407
-18.5512
-17.5913
-16.3777
-15.1321
-13.5677
-12.0329
-10.747
-9.62701
-8.64096
-7.97965
-7.50677
-7.02204
-6.66057
-6.27302
-5.63304
-4.68018
-3.62302
-2.30039
-0.83909
0.474062
1.70781
2.87637
3.55783
3.76998
3.71783
3.40969
2.7223
1.98039
1.453
0.890051
0.450359
0.299844
0.259549
0.136293
0.141033
-0.0639984
-0.580726
-1.34041
-2.23283
-3.55783
-5.12461
-6.6499
-8.38734
-10.1876
-11.8681
-13.5155
-15.2909
-16.9264
-18.3355
-19.7044
-20.8564
-21.584
-21.9633
-22.0344
-21.4063
-20.3195
-18.7989
-16.8079
-14.447
-12.0518
-9.66494
-7.18796
-4.98358
-3.17147
-1.50989
-0.142219
0.792869
1.65566
2.46986
3.0494
3.56021
4.17649
4.7501
5.23838
5.86059
6.44369
6.91182
7.42974
8.13253
8.72511
9.25961
9.85456
10.44
10.8702
11.2234
11.3135
11.0255
10.5182
9.65427
8.34586
6.74827
4.97765
2.9297
0.621021
-1.613
-3.6965
-5.7563
-7.65373
-9.09962
-10.4223
-11.483
-12.1846
-12.7783
-13.3543
-13.6826
-14.0002
-14.3653
-14.7054
-14.7955
-14.8121
-14.7244
-14.2396
-13.4942
-12.4524
-10.9461
-9.08658
-7.15359
-4.99187
-2.48053
-0.0557023
2.37268
4.88758
7.329
9.6199
11.8515
13.7596
15.452
16.8173
17.8603
18.3332
18.2834
18.0582
17.3957
16.2591
15.0218
13.7454
12.3007
10.9615
9.80005
8.6623
7.55655
6.65464
5.67215
4.6387
3.62776
2.64171
1.46011
0.254808
-0.747833
-1.76114
-2.79815
-3.57087
-4.34952
-5.12224
-5.63541
-6.14503
-6.84664
-7.33848
-7.70232
-8.21431
-8.60659
-8.6623
-8.59237
-8.33401
-7.72128
-6.80397
-5.87363
-4.72166
-3.38125
-2.16291
-1.03583
0.105479
1.05123
1.73744
2.40705
3.05651
3.56258
4.1196
4.95632
5.81555
6.83242
8.08631
9.45042
10.7908
12.3552
13.9054
15.0894
16.1513
17.1006
17.5403
17.6458
17.34
16.5696
15.3359
13.9422
12.2664
10.2836
8.35297
6.60368
4.90891
3.41562
2.32172
1.50989
0.778647
0.474062
0.336584
0.0758499
-0.15644
-0.299844
-0.709908
-1.17686
-1.549
-2.00291
-2.6429
-3.12762
-3.39784
-3.76761
-3.99634
-3.95605
-3.9442
-3.91694
-3.59457
-3.24732
-2.96644
-2.44023
-1.74692
-1.10101
-0.419545
0.400582
1.22664
1.96143
2.71282
3.28525
3.56021
3.71072
3.73324
3.45591
2.98422
2.50779
1.83343
1.10575
0.470506
-0.195551
-1.00027
-1.59996
-2.13565
-2.82896
-3.47606
-4.01886
-4.66951
-5.28461
-5.5726
-5.78593
-6.02414
-5.90326
-5.5169
-5.02032
-4.28196
-3.23666
-2.18424
-1.09627
0.145774
1.43404
2.51016
3.64672
4.76788
5.69467
6.56931
7.60632
8.56393
9.43739
10.4685
11.5126
12.4192
13.3745
14.191
14.6912
15.0538
15.1593
14.9175
14.3961
13.7111
12.8672
11.8302
10.8916
10.0489
9.2845
8.68718
8.45371
8.19772
7.88958
7.7118
7.43685
6.86916
6.17821
5.31186
4.14449
2.94392
1.91047
0.930347
0.142219
-0.142219
-0.148144
0.116145
0.845015
1.80381
2.67964
3.5922
4.62803
5.33675
5.89615
6.46028
6.93671
7.329
7.95357
8.5983
9.26436
10.0916
10.9366
11.6536
12.1407
12.4157
12.2438
11.5956
10.574
9.22999
7.2567
5.0535
3.04822
0.933902
-1.20056
-2.99489
-4.49055
-5.8203
-6.76842
-7.44988
-8.10053
-8.59711
-8.85429
-9.15177
-9.32124
-9.2051
-8.97518
-8.46319
-7.52336
-6.38917
-5.17557
-3.83516
-2.46394
-1.44944
-0.820127
-0.426656
-0.57717
-1.12471
-1.69596
-2.43905
-3.17147
-3.54835
-3.47013
-3.02214
-2.13565
-0.837904
0.667242
2.14513
3.77827
5.29527
6.38561
7.33255
8.35534
9.12806
9.83323
10.6024
11.451
12.1644
12.885
13.6554
14.1519
14.4221
14.5099
14.2254
13.6755
13.0071
12.117
11.0148
9.92804
8.80452
7.46055
6.10473
4.74773
3.05651
1.15434
-0.720574
-2.80408
-5.15779
-7.36455
-9.48005
-11.5316
-13.3128
-14.7457
-15.8799
-16.7462
-17.0935
-17.1847
-17.0686
-16.5436
-15.8645
-15.1155
-14.1626
-12.9786
-11.6489
-10.3132
-8.67889
-7.03389
-5.54178
-3.92997
-2.30394
-0.955235
0.171847
1.29893
1.92469
2.23283
2.53623
2.59667
2.45209
2.2992
2.14039
1.84766
1.70425
1.8761
1.88795
1.81092
2.06217
2.20557
2.13328
2.0681
1.96499
1.61892
1.13656
0.805905
0.208587
-0.410064
-0.84146
-1.31671
-1.87373
-2.3869
-2.97592
-3.79961
-4.80699
-5.87481
-7.31715
-8.96688
-10.6142
-12.3706
-14.2467
-15.8277
-17.2037
-18.5406
-19.6191
-20.3159
-21.0081
-21.552
-21.7677
-21.8756
-21.9716
-21.68
-21.1088
-20.4178
-19.2197
-17.487
-15.631
-13.5238
-10.9816
-8.44778
-6.11777
-3.71783
-1.54544
0.084146
1.56085
2.90126
3.82331
4.53322
5.25735
5.88903
6.36428
6.93079
7.47359
7.75565
7.92513
8.26883
8.19772
7.86469
7.50796
6.89997
5.9957
5.08668
4.08878
2.79934
1.43996
0.11496
-1.3653
-2.84911
-4.05916
-5.28816
-6.49346
-7.37996
-8.0709
-8.74407
-9.25843
-9.44213
-9.74553
-9.99085
-10.0655
-10.2042
-10.4791
-10.491
-10.4661
-10.504
-10.4223
-10.0098
-9.48361
-8.8057
-7.75328
-6.57642
-5.37942
-3.71072
-1.7801
-0.130367
1.69951
3.70953
5.49319
7.10026
8.65637
9.89012
10.7257
11.4119
11.9262
12.0613
11.9938
11.9464
11.701
11.3644
11.2305
10.9947
10.5431
10.1817
9.70523
8.88274
7.97017
6.96871
5.71837
4.3187
3.08614
1.82277
0.5748
-0.348436
-0.99316
-1.55137
-1.93536
-2.00173
-2.08943
-2.30276
-2.35727
