500
3994
-19.9782999999879
-18.2816999999923
-16.751500000013
-15.1999000000069
-13.6374999999971
-11.9569000000047
-10.3301000000065
-8.18783999999869
-5.95431000000099
-3.75298000000112
-1.47650000000067
0.62281300000177
2.51810000000478
3.94627000000401
5.01472000000649
5.78249000000505
6.28719000001001
6.81336000000738
7.59724000001006
8.63347000001522
10.083100000018
12.3328000000183
15.0119000000122
18.1045000000158
21.390400000033
24.6118000000424
27.285600000032
29.2078000000329
30.3353000000352
30.2923000000301
29.0413000000408
27.0494000000181
24.2629000000306
20.8535000000265
17.2294000000402
13.6321000000316
10.3516000000236
7.7046200000259
5.56773000003159
4.16640000003099
3.51674000002822
3.29661000003034
3.45768000002863
3.84426000003077
4.34358000002976
4.62814000002982
4.70331000002625
4.39190000003146
3.74225000002843
2.66843000003064
1.37448000002951
0.0751671000289207
-1.12213999997039
-2.33554999997068
-3.20533999997133
-3.53284999997049
-3.42009999997026
-2.66305999996985
-1.38521999997101
0.236239000028945
1.9382400000286
4.0590200000297
6.24424000002909
8.37039000002551
10.464300000036
12.4187000000238
14.1260000000329
15.6133000000264
16.9878000000317
17.9703000000154
18.722000000038
19.3233000000182
19.4522000000288
19.1837000000232
18.7005000000354
17.7233000000415
16.2790000000386
14.7864000000263
13.0683000000281
11.3556000000244
9.69118000002345
8.39723000003141
7.34490000002552
6.58786000002874
6.38383000002796
6.50195000002714
6.79188000002614
7.29657000002771
7.65093000003253
7.81737000002613
7.59187000002566
7.25899000003119
6.56638000002567
5.54626000003191
4.5422400000316
3.49527000002854
2.79192000002877
2.5664200000283
2.9529900000307
3.74225000002843
4.85901000002923
6.62544000003254
8.63347000002977
10.4965000000229
12.3059000000358
13.9489000000322
15.1891000000323
16.1663000000408
16.6871000000392
16.8052000000316
16.8535000000265
16.6388000000152
15.9945000000298
15.3072000000247
14.6629000000248
13.675000000032
12.4724000000278
11.221400000024
10.0241000000242
8.7354900000355
7.54355000003125
6.62544000003254
5.77713000003132
5.04156000002695
4.50465000003169
3.98922000002858
3.20534000002954
2.23354000003019
0.977172000028077
-0.869789999971545
-3.01204999997208
-5.27779999997438
-7.68851999997423
-9.83077999997477
-11.3931999999768
-12.4025999999722
-12.4293999999645
-11.4521999999706
-9.26165999997465
-6.39993999997387
-2.77580999997008
1.50871000003099
6.00263000003179
10.4053000000276
14.6254000000336
18.2656000000425
21.6427000000258
24.552800000034
26.6897000000172
28.3434000000416
29.5621000000392
30.2440000000352
30.4051000000327
30.0024000000267
29.1702000000223
27.7528000000166
25.7716000000364
23.3018000000156
20.5421000000206
17.390400000033
14.115300000034
10.9744000000355
7.94623000003048
4.91807000002882
2.41608000002816
0.166441000030318
-1.95433999997113
-3.84425999997256
-5.40128999997251
-6.94221999996807
-8.24689999996917
-9.23480999996536
-10.1045999999769
-10.5340999999753
-10.5018999999738
-9.9059499999712
-9.03615999997419
-7.61871999996947
-5.66973999996844
-3.55969999997251
-1.20266999996966
1.28321000003052
3.7154000000337
6.25497000003816
8.61737000005087
10.7650000000431
13.0307000000466
15.2858000000415
17.4871000000567
19.7314000000479
21.8629000000656
24.1501000000571
26.3353000000643
28.4615000000631
30.4266000000644
32.0695000000414
33.3527000000468
34.1366000000853
34.3138000000617
33.7769000000553
32.5688000000664
30.5554000000702
27.7259000000486
24.246700000047
20.3220000000438
16.2737000000488
12.3274000000529
8.82139000005554
5.82545000005484
3.64560000005804
2.62011000005805
2.59326000005967
3.40936000005968
4.86975000005623
6.84020000005694
9.01468000005116
10.9851000000635
12.5583000000624
13.5086000000592
13.6911000000546
13.2401000000536
12.1126000000513
10.2764000000607
8.19858000005479
5.87377000005654
3.53285000005781
1.18657000005624
-0.783884999944348
-2.21742999994603
-3.33956999994552
-3.93015999994532
-3.9462699999458
-3.47915999994439
-2.63621999994575
-1.70199999994475
-0.6872419999454
0.488586000054056
1.36911000005421
1.90602000005492
1.98119000005499
1.72347000005539
1.07382000005418
0.155703000054018
-1.00938999994651
-2.29259999994974
-3.65096999994785
-4.86437999994814
-5.99725999994553
-6.94757999994908
-8.03213999995205
-9.01467999994929
-9.9381599999615
-10.9797999999573
-12.1662999999535
-13.3045999999595
-14.4212999999581
-15.478999999963
-16.531399999978
-17.213299999974
-17.8091999999597
-18.1957999999577
-18.2494999999763
-18.1366999999736
-17.9595999999729
-17.4118999999773
-16.8212999999814
-16.4669999999751
-16.0105999999796
-15.4145999999746
-14.9313999999722
-14.5501999999688
-14.2226999999693
-13.7984999999753
-13.266999999978
-12.9286999999749
-12.359599999967
-11.7850999999646
-10.7219999999652
-9.48715999997512
-8.17172999997274
-6.74355999997351
-5.17578999997204
-3.65096999996967
-2.27648999997109
-1.11139999997067
-0.19865599997047
0.182549000029667
0.391943000029642
0.402681000029588
0.107382000029702
-0.123488999970277
-0.155702999970345
-0.128857999970478
0.0805361000295761
0.585229000029358
1.62683000002835
2.47514000002775
3.56507000002966
4.98787000002631
6.28719000003184
7.38785000002827
8.56368000003567
9.64823000003526
10.1583000000246
10.7274000000325
10.936800000025
10.6684000000241
10.099200000026
9.17038000002503
7.73147000002791
6.04558000002726
4.18251000002783
2.33018000002994
0.424157000028572
-1.24025999997139
-2.68453999996927
-3.76908999997249
-4.44558999997389
-4.49928999997064
-4.17176999997173
-3.54895999997098
-2.58788999996978
-1.33152999997037
0.0536908000285621
1.71810000002915
3.52748000002975
5.26169000002847
7.26973000002909
9.3475600000238
11.3556000000244
13.3153000000311
15.4361000000354
17.6320000000414
19.5810000000347
21.7179000000178
23.7743000000191
25.5461000000359
27.3877000000211
29.0360000000219
30.3836000000301
31.2802000000374
31.9836000000359
31.9621000000334
31.4359000000404
30.3568000000378
28.6977000000188
26.5769000000146
24.3327000000281
22.0293000000238
19.6991000000271
17.60520000002
16.1824000000197
15.5059000000329
15.6240000000253
16.5743000000366
18.4374000000244
20.6817000000156
23.5112000000372
26.6628000000201
29.8037000000186
32.509800000058
34.8238000000711
36.3433000000659
36.9124000000302
36.7245000000694
35.5594000000856
33.5728000000818
31.1353000000527
28.3272000000579
25.3045000000566
22.3568000000669
19.8495000000694
17.5945000000647
15.7851000000519
14.5234000000637
13.5623000000633
12.8052000000607
12.1663000000553
11.4522000000579
10.5341000000626
9.53548000006413
8.22006000006513
6.81873000005726
5.3851800000557
4.0805000000546
2.75971000005666
1.66978000005838
0.794623000057982
0.204025000058209
-0.418787999941742
-1.02548999994178
-1.83621999994102
-2.78654999994251
-4.10733999994409
-5.56772999994428
-7.29120999994484
-9.17574999993667
-11.1193999999377
-12.79989999994
-14.2441999999428
-15.3232999999454
-15.9568999999465
-16.2950999999302
-16.3004999999539
-15.9944999999425
-15.677699999942
-15.468299999935
-15.2320999999356
-15.1138999999384
-15.344799999948
-15.6883999999409
-16.080399999948
-16.5957999999519
-17.2722999999532
-17.8521999999357
-18.5340999999316
-19.1568999999436
-19.7313999999315
-20.3594999999332
-20.9017999999342
-21.648099999933
-22.2923999999475
-22.8507999999274
-23.1245999999519
-23.2856999999494
-23.151499999949
-22.6950999999535
-21.9165999999386
-20.7031999999308
-19.2803999999305
-17.5460999999486
-15.5058999999455
-13.2991999999358
-11.1461999999447
-9.08447999994678
-6.88851999994222
-4.74088999994274
-2.76506999994308
-0.848313999940729
0.977172000058999
2.58789000006072
4.19862000006833
5.56236000006902
6.68987000006746
7.64020000006713
8.35965000007127
8.84287000006589
9.00931000006676
9.14354000007734
9.28850000006787
9.26703000007547
9.3690400000778
9.76098000007914
10.3247000000702
11.1892000000662
12.2254000000685
13.4764000000723
14.6791000000667
16.0804000000935
17.2133000000904
17.9971000000951
18.3998000001011
18.448100000096
17.7931000000972
16.6871000000974
15.3502000000881
13.6321000000898
11.9301000000851
10.2764000000898
8.61200000008103
7.11403000008431
6.33014000008552
5.8576600000888
5.55699000008462
5.59458000008453
5.87914000008459
6.22276000008424
6.70598000008613
7.25362000009045
7.58650000008492
7.79590000008466
8.02677000008407
8.1395200000843
8.1019400000805
7.94623000008869
7.85496000008425
7.71536000008928
7.37174000008963
7.24288000008528
7.18919000008464
7.2214100000856
7.36637000009068
7.64556000008452
8.14489000008325
8.65495000008377
9.43347000009089
10.2281000000803
11.0818000000872
12.032100000084
13.0361000000848
13.8361000000878
14.7435000000842
15.7260000000824
16.6602000001003
17.5569000000833
18.4643000000797
19.2481000000844
20.0857000000833
20.9179000000877
21.0951000000932
21.2723000000988
21.3206000000937
21.2401000000827
20.9501000000746
20.5367000000842
20.1662000000942
19.5810000000929
19.1461000001
18.7327000000805
18.1690000000817
17.3958000000857
16.4670000000915
15.1354000000865
13.4173000000883
11.2267000000866
8.76233000008506
5.70196000008582
2.41072000008717
-1.12213999991218
-4.6281399999134
-8.18783999991138
-11.3984999999084
-14.2924999999086
-16.8051999999152
-18.8131999999168
-20.2574999999197
-21.4010999999009
-22.1151999999129
-22.4265999999188
-22.5071999999054
-22.7379999999248
-22.8829999999143
-23.1728999999177
-23.4681999999157
-23.6668999999238
-24.0265999999247
-24.2950999999011
-24.0802999999141
-23.5809999999183
-22.6896999999008
-21.4333999999217
-19.7635999999184
-17.7984999999171
-15.9192999999068
-14.040099999911
-12.4454999999143
-11.511299999911
-11.0387999999075
-10.8615999999165
-11.2857999999105
-11.8656999999075
-12.3434999999154
-12.6119999999064
-12.4937999999092
-11.6776999999129
-10.1904999999097
-8.21468999990611
-5.58920999991096
-2.62547999991148
0.30603700008578
3.00668000008591
5.31002000008448
6.94222000008449
7.8388500000874
8.08583000008366
7.71536000008928
6.72745000008581
5.42277000008471
4.13956000009057
2.86709000008705
1.94897000008677
1.27784000008796
0.789254000087567
0.821469000087745
1.1221400000868
1.40670000008686
1.65904000008777
1.70737000008739
1.61609000008684
1.46576000008645
0.961065000087729
0.456371000087529
0.0268454000874954
-0.418787999912638
-0.386572999912914
-0.0751670999125054
0.413419000087742
1.37985000008848
2.56642000009015
3.68319000009069
4.5905600000915
5.20800000009331
5.44424000009167
4.97176000009495
4.01070000009349
2.48588000009477
0.515431000094395
-1.6483099999059
-3.78519999990385
-5.77712999990763
-7.52743999990344
-8.93413999991026
-9.95426999991469
-10.7971999999136
-11.2750999999116
-11.7743999999075
-12.4454999999143
-13.3259999999136
-14.4105999999156
-15.6615999999194
-17.0521999999182
-18.4803999999131
-19.6292999999132
-20.5957999999227
-21.0789999999106
-20.8480999999156
-20.2252999999037
-19.2749999999069
-17.6534999998985
-15.9836999999097
-14.249499999918
-12.4830999999103
-11.0602999999101
-10.0347999999067
-9.08447999991768
-8.49387999990722
-8.33817999991879
-8.46165999991354
-8.60662999990745
-8.82138999991002
-9.12742999990587
-9.2079699999158
-9.10057999991113
-8.78917999991972
-8.26837999990676
-7.39858999990975
-6.30329999991227
-4.83216999991419
-3.32882999991125
-1.70736999991277
-0.102011999912065
1.48723000008795
2.78655000008803
3.95164000008663
4.81069000008574
5.44961000009062
5.70733000008477
5.83082000009017
5.94894000008935
5.93820000008418
5.70733000008477
5.55162000008568
5.45498000008956
5.25096000008489
5.2294800000891
5.30465000008553
5.13821000008465
5.21337000008498
5.46035000008851
5.61068000008527
5.9435700000904
6.33014000008552
6.55564000008599
6.68450000009034
6.61470000008558
6.53953000008914
6.06169000008958
5.23485000008804
4.2523100000908
3.11943000008614
1.85233000008702
0.762409000086336
0.0107382000860525
-0.488585999913994
-0.794622999914282
-0.778515999914816
-0.40804999991451
0.0751671000857641
0.60133700008646
1.0523400000875
1.13824000008754
0.934219000087069
0.601337000087369
-0.0805360999129334
-0.923480999912499
-1.91138999991199
-2.82412999991357
-3.65096999991147
-4.22008999991522
-4.4348599999139
-4.57981999991171
-4.57981999991171
-4.57981999991171
-4.53686999991623
-4.48854999991454
-4.54760999991413
-4.76773999991565
-5.20262999991246
-5.62678999991476
-5.97577999991336
-6.34087999991607
-6.54489999991347
-6.62543999991613
-6.59858999991411
-6.41067999991355
-6.08315999991464
-5.72343999991426
-5.43886999991082
-5.02008999991085
-4.66035999991436
-4.42948999991495
-4.06975999991118
-3.661709999913
-3.43083999991359
-3.07647999991241
-2.72748999991381
-2.55567999991399
-2.53956999991351
-2.35165999991295
-2.30332999991151
-2.53419999991092
-2.5986299999131
-2.73285999991276
-2.81339999991178
-2.68453999991107
-2.34628999991401
-1.77715999991233
-1.17045999991205
-0.161071999913474
0.794623000086176
1.73958000008679
2.58253000008699
3.27514000008887
3.67245000008552
3.52211000008901
3.21608000008564
2.55031000008603
1.48723000008795
0.12348900008692
-1.38521999991281
-2.89392999991105
-4.2898899999127
-5.68584999991435
-6.96368999990955
-7.95159999991301
-8.3489099999133
-8.64420999991125
-8.6281099999178
-8.0589799999143
-7.35562999991089
-6.30329999991227
-5.02008999991085
-3.86572999991404
-2.82949999991251
-1.77715999991233
-0.832206999913069
-0.311405999912495
-0.0590597999125748
0.177180000087446
0.171810000087589
0.193287000087594
0.354359000087697
0.472479000087787
0.783885000088048
1.37448000008953
2.17448000009244
2.91541000009238
3.89258000009067
4.95029000009526
5.81471000009333
6.49658000009367
7.07644000009168
7.60261000009632
7.7690500000972
7.7690500000972
7.91402000009111
7.93549000009807
8.02140000009967
8.34891000010248
8.67643000010867
9.49253000010503
10.6952000001038
12.166300000099
13.6911000000982
15.6455000001006
17.8414000001212
19.7743000001065
21.6266000001051
23.3286000001244
24.6924000001163
25.7984000001161
26.5877000001201
26.9796000001079
26.963500000129
26.8185000001104
26.6306000001205
26.3192000001145
25.8843000001216
25.6320000001288
25.0951000001223
24.7353000001167
24.3810000001104
23.8172000001068
23.2749000001058
22.8723000001046
22.233300000109
21.4548000001232
20.665600000124
20.0481000001309
19.2320000001055
18.3461000001116
17.6320000001288
17.0253000001248
16.42940000011
16.1126000001095
16.0965000001306
16.322000000102
16.7730000001029
17.43880000012
18.2441000001272
18.9421000001021
19.6025000001246
19.7636000001221
19.4683000001241
18.8455000001122
17.7985000001208
16.2898000001151
14.5072000001092
12.7301000001171
11.0710000001127
9.78246000011859
8.95562000010977
8.64421000011498
8.69790000011562
9.1274300001096
10.008000000118
10.7167000001209
11.5059000001202
12.1771000001172
12.2469000001147
12.0858000001172
11.6187000001228
10.5824000001157
9.43884000011894
8.01066000011633
6.68450000011944
5.03619000011531
3.63486000011471
2.56642000011561
1.80938000011702
1.21341000011671
1.07918000011705
1.40133000011701
1.95434000011664
2.71138000011706
3.75835000011648
4.52613000011479
5.2778000001199
5.92209000011644
6.11538000011933
5.96504000011919
5.76102000011451
5.2778000001199
4.51002000011795
3.72077000011632
3.22681000011653
2.72749000011754
2.29260000011709
1.95434000011664
1.55166000011559
1.00402000011672
0.510062000116704
-0.354358999883516
-1.54628999988563
-2.62010999988706
-3.76371999988623
-5.08451999988756
-6.09389999989071
-6.86167999989266
-7.36099999988801
-7.48448999989341
-7.25898999989295
-6.58248999989155
-5.77712999989308
-4.74625999989075
-3.58116999989215
-2.56104999989111
-1.53555999989112
-0.375834999889776
0.574491000110356
1.26710000011008
1.8738100001101
2.30870000011419
2.54494000011255
2.58789000011166
2.48051000011401
2.13689000011436
1.78790000011213
1.66441000011218
1.4228100001128
1.3261600001133
1.58925000011368
2.02414000011413
2.46441000011328
3.09796000011193
3.72614000011163
4.19325000011304
4.4187500001135
4.48855000011827
4.14493000011862
3.54359000011755
2.80803000011656
1.89528000011705
0.880528000116101
0.0644289001165816
-0.472478999883606
-0.923480999883395
-1.18656999988343
-1.1972999998834
-1.15434999988429
-1.07917999988422
-0.869789999883324
-0.746301999883144
-0.579859999883411
-0.257715999883658
0.289930000116328
1.06845000011708
2.22817000011491
4.01070000011532
6.2925600001181
8.89119000011124
11.7959000001138
15.0925000001153
18.2388000001083
21.3206000001228
24.0588000001153
26.249400000117
28.0158000001102
29.2829000001075
29.8735000001034
30.077600000106
29.8360000001267
29.1219000001147
27.9085000001069
26.2977000001119
24.4132000001264
21.9595000001136
19.0924000001105
16.1019000001252
12.79450000012
9.33682000011322
6.09927000011521
3.24292000011701
0.687242000116385
-1.10602999988441
-2.20668999988266
-2.74896999988414
-2.58788999988246
-1.89527999988422
-1.12213999988307
-0.209393999883105
0.617444000117757
1.12214000011772
1.3583800001179
1.12214000011772
0.735563000118418
-0.0322144998817748
-0.961064999882183
-1.71809999988182
-2.38923999988401
-2.9744699998846
-3.14627999988443
-3.06573999988177
-2.73822999988261
-2.15299999988201
-1.34226999988277
-0.499323999883018
0.472479000117346
1.43354000011823
2.33018000012089
3.13554000011936
3.82815000012124
4.3382100001254
4.45633000012458
4.35969000012119
4.08587000012631
3.5597000001253
2.94225000012375
2.28723000012542
1.74495000012394
1.3154200001245
1.27247000012358
1.6322000001237
2.4966200001254
3.84963000012431
5.47646000012173
7.23751000012271
9.28313000012713
11.4254000001238
13.277700000137
14.7918000001373
16.0052000001597
16.9019000001426
17.1703000001435
17.1435000001511
16.8106000001426
16.0374000001466
14.9475000001403
13.718000000139
12.3596000001417
10.7596000001504
9.22407000014209
7.72610000014538
6.26571000014519
5.03082000014547
4.17177000014635
3.39326000014626
2.92615000014484
2.72749000014664
2.75971000014397
2.64159000014479
2.49125000014465
2.17984000014621
1.3905900001464
0.0483217001456069
-1.7234699998553
-3.83888999985356
-6.39993999985745
-8.99319999985164
-11.5112999998528
-13.7662999998574
-15.5112999998528
-16.574299999862
-16.8749999998545
-16.2950999998429
-15.1192999998602
-13.6910999998508
-11.9085999998497
-9.87909999986005
-8.20931999984896
-7.01737999985198
-6.2603399998552
-6.08315999985643
-6.62006999985169
-7.55965999985347
-8.71937999984948
-10.0884999998525
-11.3770999998524
-12.2951999998477
-12.9931999998516
-13.1756999998615
-12.8374999998487
-11.9998999998497
-10.9958999998489
-9.70191999986127
-8.35964999985299
-7.07106999985263
-6.07242999985465
-5.12746999985393
-4.46169999985432
-4.18787999985216
-4.04827999985719
-3.90331999985574
-3.81740999985414
-3.64559999985431
-3.23754999985613
-2.85634999985268
-2.28185999985362
-1.63756999985526
-1.17045999985385
-0.89663599985488
-0.724824999854718
-1.00938999985374
-1.72883999985424
-2.5503099998532
-3.55432999985351
-4.83753999985493
-5.91134999985661
-6.53416999985348
-6.80261999985669
-6.67912999985128
-5.80933999985427
-4.51538999985496
-2.96372999985397
-0.998647999853347
0.998648000146204
2.93688000015027
4.81606000015017
6.33551000014995
7.64556000015
8.61737000016728
9.4281000001647
10.115300000165
10.7543000001606
11.414700000154
12.1395000001648
12.8428000001586
13.6965000001655
14.5502000001579
15.2911000001623
15.8280000001541
16.1555000001681
16.1931000001787
15.6616000001814
14.8777000001719
13.6482000001706
11.9999000001699
10.1583000001701
8.10194000016782
6.05095000017172
4.05902000017522
2.59863000017504
1.36375000017506
0.569122000174502
0.365097000174501
0.493955000174537
0.907374000174968
1.57314000017504
2.49662000017634
3.15165000017441
3.68319000017436
4.14493000017683
4.40264000017487
4.46707000017341
4.40801000017382
4.43486000017583
4.56908000017575
4.82680000017717
5.33149000017147
6.11001000017131
7.11403000017162
8.34354000017629
9.62675000017043
10.9637000001676
12.3274000001693
13.3046000001777
14.1368000001676
14.7703000001784
15.2106000001804
15.3180000001739
15.1408000001684
15.1139000001713
15.1086000001815
15.2106000001804
15.6240000001708
16.4079000001657
17.5998000001709
19.1408000001684
21.0951000001805
23.1461000001873
25.2186000001675
27.1622000001662
28.7514000001829
29.7930000001797
30.2011000001803
29.9917000001878
28.9608000001754
27.5380000001751
25.7232000001823
23.5756000001857
21.320600000181
19.2213000001793
17.3636000001861
15.8012000001763
14.6415000001725
13.991800000178
13.5623000001797
13.3529000001727
13.395800000173
13.4120000001712
13.3851000001741
13.3475000001781
13.0415000001813
12.7301000001753
12.2630000001809
11.6455000001733
10.8724000001675
10.2549000001745
10.0992000001715
10.0133000001806
10.2227000001731
10.8616000001784
12.0589000001783
13.4818000001687
15.1032000001724
16.9716000001645
18.7381000001624
20.2897000001685
21.567600000184
22.2978000001749
22.2924000001804
21.7662000001874
20.6387000001851
18.9260000001814
16.9663000001747
14.8240000001679
12.6818000001804
10.71130000017
9.1864900001674
8.12878000017372
7.53818000017782
7.46302000017749
7.946230000176
8.62811000017973
9.66434000017762
10.8241000001726
11.8603000001749
12.8052000001771
13.6697000001732
14.1529000001756
14.3838000001706
14.5072000001674
14.4965000001685
14.3301000001811
14.169000000169
14.1099000001705
13.8415000001696
13.7395000001707
13.744800000175
13.7609000001685
13.5569000001706
13.3636000001716
13.0630000001693
12.5099000001792
11.795900000172
11.0335000001796
10.0348000001686
8.99320000017178
8.02677000017138
7.06034000017826
6.13685000017722
5.36908000017138
4.67647000017314
4.12345000017376
3.62950000017372
3.4630500001731
3.24829000017417
3.22145000017554
3.38789000017641
3.6992900001751
4.03755000017554
4.73553000017273
5.37981000017317
5.95967000017117
6.52880000017467
6.99591000017244
7.05497000017203
6.91537000017706
6.57712000017636
5.91135000017675
4.92881000017223
3.93553000017346
2.96910000017306
1.91139000017392
0.96106500017504
0.18791800017425
-0.520799999826522
-1.32078999982696
-2.11541999982728
-3.08184999982768
-4.31136999983573
-5.67510999982915
-7.24287999983062
-8.99319999983709
-10.6521999998367
-12.0481999998447
-13.1327999998466
-13.7072999998345
-13.6642999998439
-13.0306999998429
-11.8441999998468
-10.077799999839
-8.0052899998409
-5.92208999983995
-3.85499999983949
-2.0080299998408
-0.62281299983988
0.370466000160377
0.966434000160916
0.950326000161112
0.585229000161235
0.0107382001606311
-0.86442099983924
-1.85232999983964
-2.87245999983861
-3.82277999983853
-4.88585999984207
-6.00799999984156
-6.9905399998388
-7.99991999984195
-9.24017999983334
-10.5394999998389
-11.8280999998387
-13.1702999998379
-14.6038999998418
-15.8011999998416
-17.0252999998629
-18.1098999998649
-18.9205999998667
-19.5487999998441
-20.0588999998581
-20.32199999984
-20.418599999859
-20.4400999998616
-20.4614999998594
-20.386399999843
-20.3755999998539
-20.4453999998514
-20.4990999998408
-20.6118999998434
-20.8158999998413
-20.9339999998629
-21.0037999998603
-20.9661999998498
-20.7567999998573
-20.2682999998506
-19.5326999998651
-18.3944999998494
-16.805199999857
-14.7219999998488
-12.1394999998593
-9.22406999985105
-5.93819999985135
-2.45366999985345
1.14898000014728
4.77848000015365
7.98382000015408
10.6522000001569
12.7569000001531
14.1797000001534
14.657600000166
14.34620000016
13.3583000001672
11.6670000001614
9.55159000016283
7.25362000016321
4.68183000016143
2.08857000015996
-0.118119999839109
-2.0080299998408
-3.5972799998417
-4.7086799998433
-5.35296999983984
-5.66437999984191
-5.42276999983733
-4.80531999983941
-3.91405999983908
-2.86708999983966
-1.50333999983923
-0.225500999838914
1.03086000016265
2.19595000016488
3.10333000016544
3.62413000016386
3.80667000016547
3.65634000016507
3.11406000016359
2.1744800001652
1.01476000016373
-0.0966433998364664
-1.47649999983696
-2.68990999983725
-3.69391999983782
-4.54223999984242
-5.13283999983832
-5.27779999984341
-5.15430999983801
-4.77847999984078
-3.99995999984094
-2.95298999984152
-1.84158999983993
-0.41341899984036
1.21341000016037
2.71138000016072
4.28989000016009
5.82545000015671
7.09792000016023
8.12878000015917
8.97710000016377
9.36904000016511
9.4764200001664
9.27239000015834
8.63884000015969
7.70462000015686
6.56638000015664
5.31002000015724
3.76372000015908
2.11005000015939
0.429526000159967
-1.3315299998394
-3.18922999983988
-5.04692999983672
-6.88315999983752
-8.74621999984083
-10.6199999998353
-12.2199999998411
-13.599899999841
-14.7595999998448
-15.4145999998436
-15.5971999998437
-15.4951999998448
-14.8454999998357
-13.70189999984
-12.2521999998426
-10.5931999998429
-8.82675999983621
-7.03348999984155
-5.21873999983654
-3.54895999984001
-2.22279999983948
-1.20266999984051
-0.381203999839272
0.161072000160857
0.365097000160858
0.343621000160965
0.128858000161017
-0.316774999838799
-0.896635999840328
-1.43890999984069
-2.05635999983861
-2.73822999983895
-3.48452999984147
-4.19861999984278
-4.98249999983818
-5.88450999984343
-6.7006099998398
-7.68851999984327
-8.82138999983727
-9.86835999983305
-10.8991999998398
-11.8870999998471
-12.7246999998461
-13.2239999998419
-13.5407999998424
-13.7125999998389
-13.546199999837
-13.0629999998346
-12.5904999998456
-11.8548999998457
-11.0495999998384
-10.2763999998424
-9.40661999983422
-8.53145999983826
-7.59186999983649
-6.41604999983974
-5.35833999983879
-4.18250999983866
-2.85634999983813
-1.50333999983923
-0.424156999839397
0.467110000160574
1.1973000001617
1.5624000001626
1.56777000016154
1.12214000016138
0.553015000162304
-0.365096999837988
-1.42280999983814
-2.45903999984148
-3.38251999983913
-4.39726999984123
-5.19189999983791
-5.95966999983648
-6.74892999984149
-7.70998999984295
-8.77843999983452
-10.217399999834
-11.9515999998403
-13.8682999998418
-16.0749999998661
-18.3944999998494
-20.4722999998485
-22.2010999998602
-23.6346999998495
-24.5634999998438
-24.6279999998515
-24.048099999869
-22.947399999859
-21.3688999998558
-19.5648999998521
-17.6910999998508
-15.6883999998536
-14.018699999855
-12.6119999998482
-11.6078999998572
-10.6951999998564
-10.2548999998544
-9.79318999985117
-9.28849999984959
-8.858979999859
-8.3489099998551
-7.6724099998537
-6.87778999985312
-6.20664999985456
-5.46571999985463
-4.79457999985607
-4.57444999985455
-4.58518999985245
-4.90196999985346
-5.65900999985752
-6.82409999985248
-8.39186999986123
-10.2173999998486
-12.3649999998597
-14.6414999998524
-16.9877999998571
-19.3608999998542
-21.5084999998508
-23.242699999857
-24.6171999998624
-25.6426999998512
-25.9486999998626
-25.6587999998592
-24.9715999998443
-23.999799999845
-22.4910999998683
-20.805199999857
-19.0655999998562
-17.347499999858
-15.9085999998497
-14.7488999998604
-13.8575999998575
-13.2078999998485
-13.0575999998546
-12.9179999998596
-12.9286999998585
-13.2615999998525
-13.5461999998515
-13.7286999998614
-13.8306999998604
-13.8467999998538
-13.6212999998534
-13.2776999998605
-12.880399999849
-12.1609999998473
-11.2803999998578
-10.2548999998544
-9.23480999984895
-7.84958999985247
-6.37845999985439
-4.77847999985534
-3.02278999985356
-1.12213999985397
0.896636000146827
3.12480000014693
5.48720000014873
7.68315000014263
9.80930000013905
12.1663000001427
14.2978000001458
16.1233000001521
17.6535000001313
18.8830000001471
19.4683000001532
19.613200000138
19.2052000001422
18.2388000001374
16.805200000148
14.9851000001509
12.7623000001477
10.4053000001441
8.24153000014485
6.20128000014665
4.34895000014512
3.0227900001446
2.19595000014669
1.72884000014528
1.42817000014475
1.55703000014546
1.55166000014469
1.31005000014557
0.8322070001459
0.0375835001450469
-1.29931999985456
-3.09795999985363
-5.08987999985402
-7.44153999985429
-9.76634999985981
-11.9031999998551
-13.734099999856
-15.2964999998512
-16.3595999998506
-17.175699999847
-17.7554999998538
-18.1098999998649
-18.2977999998548
-18.7809999998426
-19.3071999998647
-19.8172999998496
-20.386399999843
-20.9876999998523
-21.4601999998558
-21.7178999998432
-21.6319999998668
-21.1863999998604
-20.3541999998561
-19.2964999998512
-17.9111999998568
-16.1984999998531
-14.4588999998523
-12.7515999998577
-10.9260999998514
-9.13816999986011
-7.38784999985364
-5.82007999985217
-4.2415699998528
-2.95835999985502
-1.65903999985494
-0.445632999853842
0.542277000145987
1.25099000014779
1.74495000014758
2.16374000014912
2.32481000014741
2.33018000014999
2.16374000014912
1.84696000014992
1.49797000014951
1.04697000014858
0.49932400014859
-0.166440999851147
-0.714086999851133
-1.24025999985133
-1.89527999985148
-2.43755999984933
-2.93687999985195
-3.45231999985117
-3.98384999985137
-4.5314999998518
-5.19189999985247
-6.09926999985328
-7.16771999985212
-8.49387999984901
-10.1045999998605
-11.8548999998602
-13.5514999998559
-15.2857999998523
-16.8749999998545
-18.0507999998517
-18.7595999998448
-18.9796999998507
-18.6897999998473
-17.8521999998484
-16.7460999998439
-15.3716999998578
-14.0400999998528
-12.8857999998581
-11.9031999998551
-11.3394999998563
-11.1407999998482
-11.5058999998582
-11.9354999998613
-12.6119999998482
-13.3421999998536
-14.0078999998514
-14.5018999998574
-14.6521999998513
-14.6306999998487
-14.3568999998533
-14.0615999998554
-13.8414999998495
-13.7447999998549
-13.8843999998498
-14.3998999998585
-15.2534999998607
-16.3380999998481
-17.6212999998534
-18.8185999998532
-19.6668999998656
-20.155499999848
-20.0749999998661
-19.1084999998566
-17.2346999998554
-14.7326999998477
-11.5327999998553
-7.83884999985457
-3.97848999985581
-0.171809999854304
3.38789000014731
6.46437000014703
8.60126000014134
9.94890000014857
10.4106000001484
10.0616000001464
8.7945500001515
6.79725000014878
4.19862000014837
1.28858000014588
-1.71809999985635
-4.8858599998639
-7.94622999986314
-10.6199999998644
-12.8374999998632
-14.5233999998745
-15.8279999998631
-16.3648999998695
-16.3756999998877
-16.0266999998712
-15.1836999998777
-14.1045999998896
-13.0360999998811
-12.0535999998829
-11.3018999998894
-10.764999999883
-10.5662999998895
-10.7327999998815
-11.2964999998803
-12.2145999998902
-13.1004999998841
-14.029399999883
-15.0118999998813
-15.5702999998903
-15.9246999998868
-15.8655999998882
-15.4414999998844
-14.5877999998775
-13.5622999998886
-12.3166999998793
-10.9474999998783
-9.69117999987793
-8.82675999987987
-8.26837999987765
-8.07508999988204
-8.29521999988356
-8.86970999988262
-9.60527999988699
-10.5609999998851
-11.360999999888
-11.7743999998784
-11.7260999998834
-11.205299999885
-10.2173999998777
-8.57440999988467
-6.66838999988249
-4.53149999988091
-2.41607999988264
-0.601336999883642
0.740932000117027
1.62146000011853
1.9489700001177
1.5999800001191
0.714087000118525
-0.526168999882429
-1.91675999988365
-3.3127199998853
-4.41874999988067
-5.40128999988519
-6.12611999988439
-6.49120999988372
-6.77039999988483
-7.00127999988035
-7.35026999988622
-7.98381999988487
-9.12742999987677
-10.7058999998844
-12.7139999998908
-15.060299999881
-17.658899999893
-20.1071999998821
-22.2171999998973
-23.9030999998795
-24.638699999894
-24.5634999998729
-23.6185999998706
-21.6534999998694
-18.7702999998874
-15.2964999998803
-11.5595999998768
-7.51133999988087
-3.46841999988101
0.241608000120323
3.59728000012183
6.3784600001236
8.65495000012743
10.3462000001309
11.6133000001282
12.3381000001245
12.7462000001251
12.9932000001281
13.0737000001245
13.0093000001361
12.8697000001266
12.735400000136
12.4938000001275
12.2522000001336
12.0106000001251
11.6455000001297
11.0173000001378
10.437500000131
9.56232000012824
8.50462000013795
7.32879000013054
5.97041000013269
4.27378000013414
2.47514000012961
0.821469000131401
-1.08991999986938
-3.0281599998707
-4.6710999998686
-6.24959999987186
-7.39858999986609
-8.04824999987613
-8.18246999986877
-7.89790999986872
-7.07643999986612
-5.49255999986781
-3.52747999986968
-1.18119999986811
1.47650000013527
4.23620000013761
6.88316000013583
9.4227300001512
11.7529000001523
13.578400000144
14.9797000001417
15.8119000001461
15.9515000001411
15.6562000001431
14.7381000001478
13.2133000001486
11.1408000001393
8.82139000014286
6.32477000014478
3.6509700001443
1.15972000014517
-0.783884999855218
-2.50198999985878
-3.5006399998565
-3.84962999985873
-3.52747999985877
-2.78654999985883
-1.48722999985876
-0.0161071998572879
1.36911000014152
2.65769000014188
3.72077000014178
4.28989000014553
4.48855000014737
4.20936000014626
3.63486000014382
2.86709000014525
2.11542000014379
1.46039000014571
0.789254000145775
0.375835000145344
0.198656000145547
0.225501000145414
0.311406000145325
0.65502700014531
0.928850000145758
0.971803000145883
1.00402000014583
0.907374000145865
0.526169000145273
0.0590598001454055
-0.735562999854665
-1.71809999985453
-2.81339999985357
-3.89794999985315
-5.20262999985425
-6.73281999985193
-8.20394999985001
-9.50325999985216
-10.9474999998492
-12.0964999998541
-12.9394999998476
-13.503199999861
-13.6910999998508
-13.2561999998579
-12.2199999998556
-10.754299999855
-8.67642999986128
-6.23886999985552
-3.65096999985326
-0.982540999855701
1.51408000014635
3.75835000014558
5.48183000014251
6.69524000014644
7.23751000014454
7.14087000014842
6.71671000014612
5.9059800001487
4.88586000014766
3.77446000014606
2.84561000014583
1.96508000014546
1.26710000014464
0.944957000145223
0.80536100014524
0.665765000145257
0.703349000145863
0.724825000145756
0.569122000145398
0.306037000145352
-0.0805360998547258
-0.773146999854362
-1.71273999985533
-2.7382299998535
-3.91942999985622
-5.37444999985746
-6.73818999985087
-8.05897999985609
-9.46030999984941
-10.61469999986
-11.5380999998597
-12.2682999998506
-12.8535999998567
-13.0843999998615
-13.154199999859
-13.1273999998521
-12.8857999998581
-12.5474999998551
-12.1984999998531
-11.8441999998613
-11.2427999998617
-10.6307999998535
-9.84151999985625
-8.73011999984737
-7.38784999985364
-5.79322999985743
-3.85499999985404
-1.70736999985456
0.504693000144471
2.87782000014704
5.27243000014278
7.36100000014267
9.13817000015115
10.7220000001398
11.8173000001407
12.3381000001391
12.6442000001407
12.5046000001457
11.9355000001524
11.0227000001469
10.0455000001384
8.77844000014011
7.44154000014532
6.11001000014221
4.69794000014372
3.13554000014483
1.77180000014596
0.483217000144577
-0.794622999856074
-1.95970999985548
-2.88318999985859
-3.64559999985795
-4.23619999986113
-4.46169999986159
-4.402639999862
-4.15029999986291
-3.62412999986191
-2.74359999986336
-1.90064999986134
-0.993278999862014
0.0536908001377014
1.030860000139
1.7879000001376
2.62548000013703
3.24829000013779
3.71003000013661
4.26305000013963
4.71942000013951
5.04156000013609
5.37981000013679
5.82008000013593
6.09927000013704
6.43215000013879
6.63081000014063
6.57712000013998
6.38920000013604
5.98652000013681
5.44424000013532
4.49929000013799
3.36641000013697
2.1207900001391
0.510062000137623
-1.15971999986323
-2.82412999986627
-4.61740999986796
-6.53952999987087
-8.42944999986503
-10.2011999998649
-11.9944999998697
-13.5944999998756
-14.8561999998637
-15.9085999998642
-16.7138999998861
-16.9501999998756
-16.7031999998726
-16.0534999998927
-14.7434999998804
-12.9984999998851
-10.9904999998835
-8.70326999988174
-6.09389999988343
-3.6617099998839
-1.37447999988217
0.762409000119078
2.29796000011993
3.42010000011942
4.22546000012517
4.48855000012554
4.32748000012361
3.89258000012342
3.25366000012218
2.58253000012337
1.93287000012424
1.43354000012368
1.16509000012411
1.004020000124
1.13824000012391
1.5624000001244
2.05636000012237
2.68991000012466
3.41473000012411
4.23083000012412
5.05230000012671
6.03484000012395
7.04960000012215
8.25764000012714
9.64286000013817
11.1355000001349
12.7032000001345
14.3354000001273
16.0804000001517
17.642800000147
18.9260000001523
19.8495000001567
20.2414000001445
20.1287000001466
19.5005000001402
18.3193000001484
16.434700000158
14.2817000001523
11.7905000001483
8.98246000014478
6.10464000014326
3.199970000147
0.257716000145592
-2.6362199998548
-5.23484999985521
-7.58113999985653
-9.65896999985853
-11.3018999998603
-12.4776999998576
-13.191799999855
-13.3689999998605
-12.9125999998505
-11.9729999998526
-10.7488999998604
-9.13816999986011
-7.29656999985309
-5.5945799998517
-4.19861999985733
-2.99057999985598
-2.21205999985614
-1.91675999985455
-2.13151999985348
-2.6362199998548
-3.39325999985522
-4.17713999985426
-4.73015999985364
-5.03618999985338
-4.83753999985493
-3.93015999985437
-2.41607999985354
-0.322144999852753
2.20669000014823
4.98787000015
7.61335000015242
10.0939000001672
11.9945000001608
13.1113000001642
13.3314000001556
12.8643000001612
11.4254000001529
9.31535000016447
7.00128000015684
4.48318000016297
1.99730000015916
-0.102011999842944
-1.76642999984324
-2.82412999984444
-3.45767999984309
-3.62949999984266
-3.60801999984324
-3.38788999984536
-3.07110999984434
-2.93151999984184
-3.04426999984207
-3.25365999984206
-3.43620999984341
-3.80666999984533
-4.24156999984552
-4.47243999984494
-4.63887999984581
-4.85900999984733
-4.99323999985063
-5.05766999984917
-5.22410999985004
-5.37444999985019
-5.55698999984452
-5.9435699998503
-6.27644999984477
-6.37308999984816
-6.53952999984904
-6.65228999984538
-6.51805999984936
-6.26033999984793
-6.06168999984948
-5.85765999984869
-5.65900999985024
-5.63215999984823
-5.8469199998508
-6.07778999985021
-6.52879999984725
-7.04959999984567
-7.43616999984806
-7.72072999984812
-7.88179999985005
-7.80126999985077
-7.43079999984911
-6.98516999984713
-6.38382999984606
-5.79322999985015
-5.3261199998451
-5.19189999984519
-5.28853999984858
-5.77175999985047
-6.88851999984763
-8.279119999861
-9.91667999984929
-11.9246999998577
-14.018699999855
-15.9622999998537
-17.9595999998564
-19.8655999998446
-21.4655999998504
-22.9044999998587
-24.402499999851
-25.6587999998592
-26.9741999998514
-28.5258999998623
-30.0614999998652
-31.5217999998422
-33.0412999998662
-34.4157999999006
-35.4949999998789
-36.1338999998989
-36.4613999998546
-36.208999999857
-35.1298999998835
-33.7875999998651
-32.005099999893
-29.7714999998861
-27.4144999998971
-24.9607999998843
-22.5393999998923
-20.3165999998746
-18.5715999998793
-16.9179999998887
-15.5971999998874
-14.7488999998895
-14.1904999998806
-13.6696999998821
-13.3743999998842
-13.1649999998772
-12.6817999998893
-12.1233999998803
-11.4844999998895
-10.453599999877
-9.18111999987741
-7.86569999988569
-6.41067999988445
-4.86974999988161
-3.62412999988373
-2.60399999988294
-1.78252999988399
-1.37984999988294
-1.31004999988363
-1.39058999988447
-1.64830999988408
-2.06708999988405
-2.44292999988465
-2.57715999988432
-2.66305999988253
-2.598629999884
-2.2603799998833
-1.98655999988296
-1.98118999988401
-1.90064999988317
-2.07782999988194
-2.62010999988343
-3.48989999988407
-4.60666999988462
-6.06168999988586
-7.76367999987997
-9.39050999988103
-11.1783999998879
-13.1488999998837
-14.8991999998834
-16.4669999998878
-18.0883999998914
-19.5648999998812
-20.5205999998725
-21.3688999998849
-21.9057999998913
-21.8789999998698
-21.4547999998904
-20.7138999998861
-19.5111999998917
-17.9970999998914
-16.4454999998852
-14.8883999998798
-13.4280999998882
-12.4132999998837
-11.7045999998809
-11.4038999998884
-11.5595999998768
-12.2414999998873
-13.0092999998888
-13.8145999998815
-14.727399999887
-15.3447999998898
-15.6239999998797
-15.6293999998888
-15.2534999998898
-14.534099999888
-13.5461999998806
-12.4723999998823
-11.3287999998865
-10.4052999998821
-9.77171999988786
-9.29923999987659
-9.08984999988752
-9.30997999988904
-9.78245999988576
-10.2065999998886
-10.6521999998804
-11.2266999998828
-11.4844999998895
-11.4307999998855
-11.4038999998884
-11.0656999998901
-10.3944999998785
-9.72876999988512
-9.18111999987741
-8.5690499998891
-8.06434999988414
-7.88179999988643
-7.68851999988692
-7.61871999988216
-7.74220999988029
-7.94622999988496
-8.03750999987824
-8.16635999988648
-8.29521999988356
-8.25763999987976
-8.19320999988122
-8.21468999987701
-8.17172999988543
-8.03750999987824
-7.96233999988181
-7.85495999988052
-7.63482999988628
-7.47374999988097
-7.44153999988339
-7.33952999988105
-7.43616999988444
-7.81736999988061
-8.41870999988168
-9.34755999987829
-10.727399999887
-12.3327999998874
-14.0615999998845
-15.8977999998897
-17.6964999998745
-18.9903999998933
-19.9192999998922
-20.3004999998957
-19.8816999998817
-18.8024999998743
-17.3313999998791
-15.3662999998778
-12.9447999998811
-10.5287999998836
-8.30595999988145
-6.17443999988609
-4.41337999988173
-3.18922999988354
-2.25500999988435
-1.6053499998834
-1.35300999988431
-1.33689999988383
-1.2939499998829
-1.36910999988322
-1.4120699998839
-1.32078999988335
-1.05233999988377
-0.864420999883805
-0.413418999883561
0.252347000116515
0.896636000117724
1.62146000011853
2.57716000012078
3.3342000001212
4.09124000012525
4.92344000012235
5.58384000012302
5.84692000012728
6.05632000012702
6.11001000012038
5.64290000012261
4.96640000012121
4.27915000012581
3.32883000012225
2.42682000012428
1.63757000012447
0.993279000123948
0.375835000123516
0.220132000123613
0.268454000123711
0.402681000123721
0.612075000123696
0.773147000123572
0.789254000123947
0.569122000123571
0.338252000123703
-0.246976999876551
-1.1221399998758
-1.91675999987638
-2.65231999987736
-3.35029999987455
-3.85499999987587
-4.0697599998748
-4.10196999987966
-4.03217999987828
-3.81203999987702
-3.72076999987621
-3.88720999987709
-4.13955999987957
-4.47780999987299
-5.19189999987429
-5.83618999987812
-6.22812999987946
-6.50731999987329
-6.40530999987823
-5.78785999987304
-4.60129999987839
-3.32882999987487
-1.59461999987616
0.246977000124389
1.83085000012397
3.15165000012348
4.11808000012388
4.53150000012101
4.41875000012078
4.05365000012534
3.19997000012518
2.11542000012196
1.03086000012445
0.0322145001237004
-0.762408999876243
-1.27246999987619
-1.42280999987634
-1.27246999987619
-0.810729999876457
0.193287000124656
1.38522000012563
2.74897000012788
4.20936000013171
5.73417000013433
7.04960000012943
7.98382000013225
8.60663000012573
8.63884000013059
7.96234000012919
6.72745000012947
4.96103000012954
2.55568000013227
-0.112750999869604
-2.88855999986845
-5.76101999986713
-8.42407999986608
-10.6146999998746
-12.4723999998678
-14.0078999998659
-14.9045999998634
-15.3340999998618
-15.4575999998633
-15.1407999998628
-14.6897999998619
-14.1313999998674
-13.3421999998682
-12.4078999998746
-11.6615999998758
-10.7971999998699
-9.83614999987185
-8.9824599998683
-8.08582999986538
-7.12475999986782
-6.05094999986613
-5.2026299998688
-4.19861999987188
-2.95835999986957
-1.82011999986935
-0.66576499986877
0.488586000130454
1.82549000013023
3.14091000012922
4.53687000013451
5.92209000013099
7.07644000012806
8.1932100001286
9.18112000012479
9.80930000012449
9.87373000013758
9.58380000012403
8.73012000012386
7.19456000013452
5.26706000012928
2.8670900001307
0.118120000130148
-2.5932599998705
-5.23484999986977
-7.55428999986907
-9.43346999987261
-10.7273999998724
-11.6347999998688
-11.8602999998693
-11.484499999875
-10.8938999998645
-10.1743999998725
-9.26165999987279
-8.27911999987555
-7.51133999986632
-6.72207999986858
-6.03483999986929
-5.33148999986588
-4.7086799998724
-3.91942999987077
-3.15164999986882
-2.55567999987034
-1.89527999986967
-1.14897999986897
-0.601336999869091
-0.279191999868999
0.042952600130775
0.182549000130848
0.316775000130747
0.703349000131311
1.25636000013037
1.99730000013187
3.1033300001327
4.73553000012907
6.64155000013125
8.85898000013549
11.3663000001252
13.739500000127
16.0911000001361
18.1475000001374
19.7797000001592
21.0307000001485
21.7287000001525
21.9649000001373
21.7394000001368
21.2132000001438
20.3649000001315
19.2589000001317
17.9971000001533
16.7354000001505
15.3878000001423
13.9166000001424
12.4294000001391
10.9905000001454
9.4817900001508
7.935490000149
6.43752000014501
5.06841000014538
3.68319000014526
2.54494000014529
1.52482000014606
0.526169000145273
-0.268453999854501
-0.918111999854773
-1.66440999985389
-2.33554999985427
-3.06036999985372
-4.0375499998554
-5.256329999851
-6.34087999985786
-7.58113999985653
-9.05225999985123
-10.4535999998479
-11.7582999998558
-12.8696999998501
-13.7823999998509
-14.4266999998508
-14.6306999998487
-14.6897999998473
-14.5555999998614
-14.1528999998554
-13.6535999998596
-13.1112999998586
-12.2521999998571
-11.4844999998604
-10.6360999998578
-9.46567999984836
-8.16635999985738
-6.78650999985257
-4.93954999985726
-2.70600999985618
-0.504692999853432
1.99730000014824
4.57982000015181
7.12476000015158
9.54622000016388
11.8925000001618
13.9381000001595
15.6240000001562
17.1703000001726
18.3998000001884
19.3502000001608
20.0911000001652
20.6978000001691
21.0253000001831
21.2401000001701
21.4011000001628
21.304500000173
21.009200000175
20.7407000001695
20.3112000001711
19.5703000001668
18.7273000001733
17.8951000001689
16.8911000001826
15.4898000001704
14.2066000001796
12.8804000001692
11.3502000001754
9.93279000018083
8.5744100001757
7.09255000017583
5.78786000017135
4.70868000017799
3.53285000017422
2.31407000017498
1.25099000017508
0.0859052001742384
-1.38521999982549
-2.83486999982415
-4.34894999982498
-5.98651999982394
-7.6240899998229
-9.14353999982995
-10.5823999998247
-11.8280999998242
-12.6065999998245
-13.1756999998324
-13.3904999998194
-13.2830999998259
-12.7729999998264
-12.1716999998316
-11.3340999998181
-10.2065999998304
-9.22406999982195
-8.13414999982342
-6.94221999982256
-5.65363999982219
-4.38653999982489
-3.03352999982599
-1.51944999982516
-0.0697979998258234
1.43354000017462
3.17312000017409
4.76237000017136
6.24960000017745
7.64020000017626
8.83213000016985
9.63212000016938
10.2764000001771
10.518000000171
10.1905000001716
9.46031000016956
8.48851000017021
7.14624000017648
5.29391000017495
3.27514000017618
1.17046000017217
-1.28320999982679
-3.76371999982803
-5.99725999982911
-8.19857999983651
-10.1743999998434
-11.5380999998451
-12.5743999998376
-13.0843999998469
-12.826699999845
-12.0159999998432
-10.7756999998383
-9.02004999984638
-6.88315999983752
-4.75162999983877
-2.57178999984171
-0.542276999840396
1.12214000015956
2.30870000016148
3.22681000016019
3.73688000016045
3.74762000015835
3.76372000015908
3.58117000016136
3.44695000016145
3.59191000015926
4.3167400001621
5.46035000016127
7.10866000015812
9.54622000016388
12.3489000001573
15.7636000001658
19.6401000001642
23.7528000001621
27.758100000181
31.6614000001864
35.3607000001939
38.6037000001525
41.2238000001526
43.3875000001863
44.9338000001735
45.5673000001698
45.5620000001509
45.0734000001685
43.7633000001661
41.8197000001674
39.4251000001677
36.3325000001932
32.9017000001622
29.1219000001729
25.181000000186
20.9287000001641
16.7998000001826
12.7677000001713
8.8750800001726
5.19727000017156
1.72347000017544
-1.75568999982715
-5.1650499998359
-8.38112999983423
-11.8495999998413
-15.5380999998451
-19.1729999998643
-22.9903999998642
-27.0762999998406
-31.0278999998409
-34.7163999998593
-38.2975999998744
-41.4438999998965
-44.1230999999098
-46.2599999998929
-47.7525999998907
-48.4397999998764
-48.3806999998633
-47.6129999998957
-46.1149999998743
-43.7686999998987
-40.7834999999031
-37.2559999998775
-33.0358999999007
-28.3486999998859
-23.6077999998815
-18.7380999998713
-13.8145999998815
-9.240179999877
-5.04155999988143
-1.42280999988361
1.54629000011846
3.70466000011947
5.30465000012191
6.22276000012062
6.58786000012333
6.57712000012543
6.3301400001219
6.06706000012491
5.86840000012307
5.93283000012161
6.01873000012711
6.35162000012497
6.96906000012677
7.4308000001256
7.69926000012492
7.89791000012337
7.69926000012492
6.80799000012485
5.59458000012091
4.11271000012493
2.23890000012398
0.214763000123639
-1.91675999987638
-3.99995999987732
-5.99725999987277
-7.66703999987658
-9.20259999988775
-10.7381999998906
-12.2092999998858
-13.69109999988
-15.5112999998819
-17.5783999998821
-19.7957999998762
-22.3245999998762
-25.2292999998899
-28.1500999998825
-31.0385999998834
-33.6962999998941
-36.0479999998934
-37.8358999998891
-39.1190999998944
-39.7794999998878
-39.7418999999063
-39.0331999998889
-37.8948999998975
-36.2680999998702
-34.3835999998846
-32.5687999998918
-30.7056999998749
-29.0412999998953
-27.8815999998769
-27.0010999998776
-26.4050999998872
-26.2171999998973
-26.2976999998791
-26.2171999998973
-25.9970999998914
-25.5137999998697
-24.622599999886
-23.0547999998962
-20.9232999998785
-18.2923999998893
-15.2534999998898
-12.0535999998829
-8.99856999987969
-6.21201999988261
-3.89257999988331
-2.35165999988385
-1.56776999988324
-1.57313999988401
-2.42144999988523
-3.86572999988493
-5.72343999988516
-7.7207299998845
-9.85761999987881
-11.7958999998809
-13.1649999998772
-14.1796999998769
-14.6199999998789
-14.4105999998865
-13.589099999881
-12.3971999998903
-10.6575999998895
-8.59051999988151
-6.4053099998855
-4.02680999988661
-1.68051999988165
0.322145000118326
2.23890000012034
3.81204000012076
4.89660000012373
5.47109000012279
5.72344000012527
5.48183000012068
4.88586000012583
4.22546000012517
3.4737900001237
2.88319000012416
2.70601000012539
3.0335300001243
3.94090000012511
5.30465000012191
7.31805000012537
9.82004000013694
12.4348000001337
14.9851000001363
17.3743000001414
19.3448000001372
20.7837000001455
21.7823000001372
22.2656000001589
22.3837000001513
22.4052000001539
22.5286000001361
22.7273000001442
23.3125000001455
24.3219000001554
25.5192000001553
26.8454000001366
28.3165000001318
29.5353000001342
30.3675000001385
30.7272000001394
30.6306000001496
29.7501000001503
28.5689000001585
27.0065000001341
25.0736000001489
23.0656000001472
21.1595000001544
19.2106000001368
17.3367000001599
15.5542000001442
13.8576000001485
12.1556000001437
10.4106000001484
8.78381000013906
7.12476000014431
5.42814000014914
4.19325000014214
3.14091000014378
2.52347000014561
2.51810000014666
3.17849000014394
4.51002000014705
6.46974000014598
9.07374000015261
12.0106000001397
15.2482000001473
18.5179000001517
21.4817000001494
23.908500000136
25.6910000001371
26.7971000001417
26.85610000015
26.281600000133
25.1004000001412
23.4468000001507
21.5407000001578
19.8656000001356
18.4965000001539
17.5354000001389
17.3260000001465
17.6911000001419
18.4911000001593
19.8871000001382
21.5729000001447
23.2213000001502
24.8588000001328
26.2387000001327
27.3447000001324
27.9675000001444
28.3487000001478
28.3219000001554
27.7635000001465
27.1568000001425
26.4803000001411
25.6481000001368
24.8266000001458
24.0910000001313
23.3877000001376
22.9421000001312
22.6092000001518
22.5179000001517
22.4213000001328
22.4911000001593
22.5877000001492
22.5716000001412
22.4588000001386
22.2602000001352
21.7770000001474
21.1058000001358
20.4562000001315
19.6240000001562
18.5555000001332
17.6911000001419
16.9072000001324
15.9837000001426
14.9797000001417
14.120700000145
13.1113000001496
11.9891000001517
10.7382000001526
9.26703000014822
7.65093000014895
6.11538000014843
4.67110000014509
3.51138000014544
2.78118000014729
2.52883000014481
2.79192000014518
3.84426000014719
5.5301500001442
7.70462000014231
10.222700000144
12.960900000151
15.9086000001407
18.7220000001544
21.2132000001438
23.4682000001485
25.2186000001384
26.5662000001466
27.4628000001539
27.9675000001444
28.1286000001419
27.9997000001313
27.7205000001413
27.1407000001345
26.3729000001331
25.3904000001494
24.015900000144
22.1797000001534
20.0857000001415
17.3206000001519
13.9596000001475
10.1851000001479
6.14222000014706
1.61609000014141
-2.92614999986108
-7.25898999986384
-11.135499999873
-14.4481999998679
-17.0628999998735
-18.7219999998924
-19.5809999998892
-19.5272999998706
-18.5823999998975
-17.009199999884
-14.7917999998899
-12.1609999998764
-9.26165999988734
-6.23349999988568
-3.09258999988378
0.0536908001158736
2.8724600001151
5.76102000011451
8.64958000011393
11.1408000001102
13.514000000112
15.8978000001225
18.2656000001298
20.477700000105
22.528600000107
24.4400000001187
26.0561000001035
27.4467000001168
28.4829000001191
28.9340000001248
28.8964000001142
28.5689000001294
27.6776000001119
26.4105000001146
25.0360000001092
23.4682000001194
21.7984000001161
20.2897000001103
18.7703000001202
17.1220000001194
15.409200000111
13.7448000001168
11.8925000001182
9.72877000011795
7.5596600001154
5.1919000001144
2.79729000011503
0.730194000116171
-1.15971999988324
-2.77043999988382
-3.98384999988411
-4.77310999988549
-5.23484999988432
-5.61604999988049
-5.84691999988718
-6.27644999988115
-7.13549999988027
-8.24152999988291
-9.72339999988617
-11.7152999998798
-14.2172999998875
-16.7568999998912
-19.4306999998807
-22.0077999998757
-24.203799999872
-26.0131999998703
-27.2533999998705
-27.6131999998761
-27.1567999998806
-26.0721999998786
-24.203799999872
-21.8198999998858
-19.2266999998828
-16.4830999998958
-13.9273999998841
-11.8280999998824
-10.480399999884
-9.64285999989079
-9.60527999988699
-10.4105999998865
-11.7958999998809
-13.3850999998831
-15.3286999998818
-17.1111999998975
-18.6306999998924
-19.9997999998741
-21.084399999876
-21.5836999998719
-21.8843999998935
-22.0936999998812
-22.3245999998762
-22.4373999998788
-22.6359999998822
-22.9957999998878
-23.1943999998912
-23.4252999998862
-23.6453999998921
-23.4681999998866
-22.9151999998721
-22.0668999998888
-20.7997999998915
-19.0977999998722
-17.0521999998891
-14.8615999998874
-12.5850999998802
-10.131399999882
-7.86569999988569
-5.50329999988026
-3.31808999988425
-1.50333999988288
0.102012000115792
1.53019000011591
2.53957000011724
3.2107100001158
3.66708000011567
3.48453000011796
2.88856000011583
1.99730000011732
0.902005000116333
-0.633550999884392
-2.21742999988783
-3.67244999988543
-5.10061999988829
-6.33550999988802
-7.08717999989312
-7.62408999988838
-8.06971999989764
-8.22541999990062
-8.3542799998977
-8.69789999989734
-9.55695999989985
-10.6360999999015
-12.4186999998929
-14.496499999892
-16.7353999999177
-19.2856999999203
-21.7286999999196
-23.8171999999031
-25.3312999999034
-26.4426999999268
-27.0064999999013
-26.9043999999121
-26.4050999999163
-25.8788999999233
-25.4332999999169
-25.0842999999004
-25.1487999999081
-25.2238999999245
-25.460199999914
-25.9540999999153
-26.1580999999132
-25.7876999998989
-25.1164999999164
-23.7420999999158
-21.6373999999196
-19.0225999999093
-16.2521999999008
-13.2830999999132
-10.2709999999061
-7.84958999991068
-5.82544999990932
-4.32210999991366
-3.5757999999114
-3.60801999991236
-3.87646999991193
-4.68719999991299
-5.9918899999102
-7.40395999991597
-8.78380999990623
-10.3246999999101
-11.7099999999191
-13.0790999999153
-14.3944999999076
-15.511299999911
-16.4454999999143
-17.3152999999002
-18.0293999999121
-18.313899999921
-18.5071999999054
-18.5017999999109
-18.1957999998995
-17.5783999999112
-16.6440999999177
-15.5863999999128
-14.2011999999086
-12.6763999999093
-11.2750999999116
-9.94352999991679
-8.90192999991996
-8.45628999991459
-8.2737499999057
-8.53145999991102
-9.52473999990616
-11.0495999999112
-12.6870999999082
-14.3622999999061
-16.2414999999164
-17.6427999999141
-18.8292999999248
-19.5058999999019
-19.6829999999027
-19.2534999999043
-18.716599999927
-17.9648999999044
-16.9232999999076
-16.0266999999003
-15.1998999999196
-14.3085999999166
-13.6374999999098
-13.0306999999157
-12.3434999999154
-11.436099999919
-10.4481999999116
-9.2777599999099
-7.98918999991292
-6.58785999991233
-5.19726999990962
-3.89794999991136
-2.64158999991196
-1.75031999991188
-1.25098999991314
-1.04159999991316
-1.29931999991277
-1.99729999991359
-2.93151999991096
-4.09123999991425
-5.42276999991009
-6.7542999999132
-7.95159999991301
-8.9180399999168
-9.33681999990949
-9.06836999990628
-8.28447999991477
-6.9583199999106
-4.85900999991281
-2.25500999991345
0.687242000087281
3.76372000008632
6.88852000008774
9.65897000009136
12.1556000000855
14.2549000000872
15.7797000000865
16.7408000000869
17.2186000000802
17.2079000000958
16.7730000000738
16.241500000091
15.5327000000834
14.3945000000822
13.1757000000944
12.0375000000931
10.7543000000878
9.29387000008137
7.82274000009056
6.36772000008932
4.76774000009027
3.15702000008605
1.44965000008779
-0.375834999913423
-2.31943999991563
-4.15565999991668
-6.11537999992288
-8.0536099999299
-9.63748999992094
-11.0924999999261
-12.16099999992
-12.6172999999253
-12.5635999999213
-12.0750999999291
-10.9743999999337
-9.42272999993293
-7.64555999992444
-5.92208999992727
-4.19324999992386
-2.49661999992895
-1.20266999992782
-0.24160799992751
0.504693000072621
0.966434000072695
1.18657000007261
1.51945000007254
1.75032000007195
1.9919300000729
2.40535000007367
2.78655000007348
3.00131000007241
3.30735000007189
3.38252000007196
2.97447000007378
2.41072000007262
1.5248200000733
0.204025000071852
-1.22414999992907
-2.79191999993054
-4.52612999993289
-6.23349999993661
-7.54891999993561
-8.48313999993843
-9.28312999993796
-9.52473999993526
-9.15963999993983
-8.60662999993656
-7.66703999994206
-6.33013999994
-4.89659999994183
-3.51137999994171
-1.96507999994174
-0.660395999941102
0.553015000059531
1.54629000006025
2.58789000006072
3.4791600000608
4.27378000006865
5.14357000006567
6.4160500000653
7.73684000006324
9.3797800000757
11.436100000079
13.7717000000703
16.536800000089
19.5595000000903
22.7058000000834
25.8467000000819
28.9393000000855
31.8333000000857
34.1312000001199
35.9674000001396
37.180900000094
37.6265000001295
37.4654000001028
36.6601000000956
35.2695000001113
33.6373000001186
32.0051000001258
30.3997000001254
28.9340000001248
28.0534000001207
27.7152000001224
27.8601000001072
28.6387000001268
29.8843000001216
31.2104000001273
32.4453000001376
33.8144000000902
34.6252000001259
34.9312000001082
34.6789000001154
33.8520000001299
32.5205000001006
30.6359000001103
28.7621000001091
26.8024000001024
24.8857000001299
23.301800000103
22.2065000001166
21.4011000001046
20.9287000001059
20.8535000001139
20.9233000001113
21.2132000001147
21.6481000001077
21.9756000001216
22.2602000001061
22.5018000001146
22.77560000011
22.7541000001074
22.77560000011
22.7541000001074
22.5501000001095
22.1260000001057
21.7233000001288
21.1971000001067
20.4830000001239
19.736700000125
18.9099000001152
18.1851000001188
17.5622000001022
17.0253000001248
16.6495000001159
16.5045000001264
16.5475000001024
16.8159000001033
17.1220000001194
17.4602000001178
17.8361000001023
17.9059000001289
17.7663000001048
17.5461000001233
16.8750000001164
15.865600000121
14.6468000001187
13.1972000001115
11.5811000001122
9.85762000011164
8.24153000011574
6.57175000011921
5.17042000011861
3.76372000011543
2.37850000011531
1.27784000011707
0.155703000116773
-0.955695999882664
-2.28185999988273
-3.46304999988206
-4.70330999988073
-5.94356999988668
-6.89925999988191
-7.49522999988403
-7.93012999988423
-7.94622999988496
-7.36099999988073
-6.44825999988097
-5.06840999988344
-3.47378999988359
-1.90601999988394
-0.348989999883997
1.06308000011632
2.11005000011573
2.79729000011503
2.93688000011753
2.85098000011567
2.49125000011554
1.88455000011709
1.3905900001173
0.810730000116564
0.402681000116445
0.230870000116511
0.397312000116472
0.740932000116118
1.26173000011659
1.900650000116
2.50199000011708
3.09796000011556
3.60265000011714
3.76372000011543
3.86037000011493
3.94627000011678
3.69929000011689
3.50601000011739
3.15702000011515
3.03353000011703
2.94225000011647
2.96910000011485
3.17312000011589
3.46842000011748
3.79594000011639
4.20399000011821
4.74626000011631
5.06304000011733
5.32612000011432
5.41740000011487
5.41740000011487
5.16505000011966
4.84291000011581
4.25768000011885
3.4899000001169
2.68454000011479
1.59462000011627
0.467110000116008
-0.526168999884248
-1.51407999988623
-2.31406999988758
-2.73822999988624
-2.76506999988851
-2.13688999988881
-1.15971999988687
0.418788000113636
2.42145000011806
4.79995000011695
7.35027000011905
9.97037000011187
12.3650000001217
14.6093000001129
16.3005000001285
17.6535000001022
18.5126000001037
19.006500000105
19.3502000001026
19.4575000001059
19.5434000001114
19.6347000001115
19.8226000001305
19.9139000001305
20.0535000001255
20.1662000001234
19.9085000001069
19.1569000001182
18.0723000001162
16.526000000129
14.3891000001167
12.0375000001222
9.43884000011894
6.70598000011523
4.1664000001183
1.78253000011682
-0.059059799883471
-1.46575999988272
-2.43755999988207
-3.01741999988371
-3.18385999988459
-3.02278999988266
-2.94761999988259
-2.88318999988405
-2.91003999988243
-3.14627999988443
-3.62949999988268
-4.34357999988424
-5.16504999988683
-6.21738999988156
-7.2482499998805
-8.20931999987806
-8.92876999988221
-9.53010999989056
-9.66433999988658
-9.40661999987788
-8.83749999987776
-7.74757999988651
-6.308659999886
-4.51001999988512
-2.75433999988309
-0.703348999883019
1.24563000011767
2.74360000012166
3.99459000011848
5.0254600001208
5.52478000012343
5.68048000012641
5.73417000012705
5.55162000012206
5.40666000012425
5.46572000012384
5.73417000012705
6.39457000012044
7.29121000012674
8.43482000012591
9.71266000013566
11.1247000001313
12.4992000001366
13.6536000001361
14.4697000001324
15.0656000001327
15.1837000001251
14.9314000001323
14.3730000001378
13.5301000001346
12.3811000001297
11.2428000001382
10.0778000001301
8.88045000012789
7.91402000012749
7.28584000012779
6.81336000013107
6.3462500001333
6.27108000012959
6.36236000013014
6.3462500001333
6.31403000013233
6.35699000013119
6.14759000013146
5.62679000013304
5.13284000012936
4.37580000013259
3.60802000013064
3.02279000013004
2.28723000013269
1.61072000013155
1.10066000013103
0.504693000130828
0.048321700131055
-0.558383999868965
-1.15971999986868
-1.8469599998698
-2.81875999986732
-3.87109999986933
-4.81068999986746
-5.98114999986865
-7.0388599998696
-7.76367999986542
-8.47776999986672
-8.79991999987396
-8.79991999987396
-8.56904999987455
-8.08045999986643
-7.30730999986554
-6.45899999987159
-5.59994999987248
-4.66572999986965
-3.88183999986722
-3.46304999986751
-3.1731199998685
-2.88855999986845
-2.98520999986795
-3.13553999986834
-3.32882999986759
-3.49526999986847
-3.52210999987074
-3.55432999986806
-3.4200999998684
-3.23217999986809
-3.06573999986722
-2.96372999986852
-3.19996999987052
-3.50063999986742
-4.11807999986922
-5.03618999986793
-6.01872999987245
-7.11938999986887
-7.94085999987146
-8.66568999986339
-8.97709999987273
-8.56904999987455
-7.64555999986624
-6.41604999986885
-4.53149999986636
-2.22816999986753
0.155703000131325
2.73286000013104
5.33686000013404
7.76368000012735
9.97574000012537
12.1287000001321
14.013300000137
15.7475000001286
17.422700000141
18.7971000001417
19.999800000136
21.1381000001566
21.7770000001474
22.0830000001588
22.0293000001402
21.5461000001524
20.6226000001479
19.3931000001321
17.6911000001419
16.0750000001572
14.3032000001404
12.6603000001487
11.1999000001524
9.92742000015278
8.84287000013865
8.15026000014041
7.48986000014702
6.93685000014375
6.34625000014785
5.61068000014347
4.66573000014614
3.65634000014688
2.42145000014716
1.00939000014478
-0.53690799985452
-1.86306999985391
-3.35566999985531
-4.83216999985598
-6.04557999985263
-7.044229999854
-8.18783999985317
-9.06299999984913
-9.82003999986046
-10.6253999998589
-11.4790999998513
-12.2521999998571
-13.245499999859
-14.1689999998489
-15.1461999998573
-16.1286999998556
-17.0306999998575
-17.6427999998559
-18.1850999998569
-18.4534999998577
-18.2548999998544
-17.6319999998668
-16.4507999998459
-15.0065999998478
-13.089799999856
-11.0119999998569
-8.75158999985433
-6.4053099998564
-4.09660999985499
-2.07245999985389
-0.155702999854839
1.4926000001451
2.81340000014461
3.82278000014412
4.46170000014536
5.00398000014684
5.13821000014286
4.9019700001445
4.49929000014527
3.67782000014631
2.62548000014431
1.48723000014616
0.144965000145021
-1.36910999985412
-2.72211999985302
-3.98921999985396
-5.20262999985425
-6.14221999985602
-6.73281999985193
-7.44690999985323
-7.84421999985352
-8.11266999985673
-8.40259999985574
-8.76232999985223
-8.858979999859
-8.96635999986029
-8.81064999985392
-8.28984999985551
-7.48448999985703
-6.34624999985681
-4.79994999985502
-2.70600999985618
-0.273822999854019
2.32481000014377
4.97713000014483
7.6079800001462
9.89521000014793
11.9945000001462
13.61600000014
14.7435000001424
15.3233000001492
15.5542000001442
15.4254000001383
14.8562000001402
14.0723000001453
13.4012000001385
12.6334000001516
11.8496000001469
11.1623000001418
10.453600000139
9.74487000014051
8.99320000014268
8.08583000014187
6.90463000014279
5.58384000014485
3.8872100001463
1.92213000014635
-0.139595999853555
-2.12614999985453
-4.1556599998512
-5.95966999985103
-7.2375099998535
-8.35427999985404
-9.09520999985398
-9.36903999985952
-9.30460999986099
-9.17574999984936
-8.858979999859
-8.44018999984837
-8.06971999985399
-7.87106999985554
-7.62945999985095
-7.33952999985195
-7.0334899998561
-6.63080999985687
-5.99725999985094
-5.20262999985425
-4.17713999985426
-2.67379999985496
-1.0147599998545
0.859052000145311
3.0227900001446
5.58384000014485
8.07509000014397
10.561000000147
13.2240000001475
15.5757000001468
17.6374000001524
19.2857000001532
20.402500000142
20.885700000159
20.853500000143
20.0374000001466
18.8401000001468
17.175700000138
15.2911000001477
12.8697000001412
10.6308000001445
8.37039000014192
5.97041000014724
3.85500000014508
1.76106000014624
-0.397311999855447
-2.52882999985377
-4.61740999985341
-6.43214999985503
-8.46702999985428
-10.3246999998519
-11.9515999998548
-13.2078999998485
-14.2065999998595
-14.8239999998477
-15.0226999998558
-14.9850999998598
-14.4212999998563
-13.4924999998475
-12.3380999998481
-10.8615999998583
-9.07910999986052
-7.00127999985125
-4.92343999985314
-2.48050999985571
0.241608000145789
2.88319000014599
5.63216000014654
8.34354000014719
10.7811000001384
12.9073000001517
14.5556000001525
15.6240000001417
16.2200000001467
16.1717000001518
15.5435000001453
14.5395000001445
13.4388000001491
12.1771000001463
10.99590000014
10.2174000001396
9.88984000014898
10.0026000001526
10.4482000001444
11.189200000139
11.9086000001407
12.3220000001456
12.4133000001457
11.9677000001393
10.5824000001448
8.55294000013964
5.73954000014783
2.52883000014481
-1.14360999985365
-4.63887999985309
-7.93012999985513
-10.7595999998593
-12.9716999998491
-14.4105999998574
-15.1675999998552
-15.4360999998607
-15.2320999998483
-14.7488999998604
-14.1904999998515
-13.5998999998556
-13.1756999998615
-12.8911999998527
-12.5850999998511
-12.3434999998572
-12.1340999998502
-11.7743999998493
-11.2750999998534
-10.700599999851
-10.0293999998539
-9.26702999985719
-8.77843999984907
-8.38112999984878
-8.06971999985399
-7.90327999985311
-8.09656999984873
-8.24689999985276
-8.25763999985065
-8.02676999985124
-7.46301999985735
-6.59322999985307
-5.3422299998565
-3.8496299998551
-2.06708999985494
-0.327513999855
1.14898000014546
2.17984000014621
2.91004000014436
3.02816000014718
2.55031000014424
1.81475000014507
0.703349000144954
-0.35972799985575
-1.19192999985717
-1.70199999985562
-1.75568999985626
-1.36910999985594
-0.703348999856644
0.41878800014365
1.6107200001461
2.84561000014583
3.63486000014382
4.14493000014772
4.28989000014553
3.99996000014653
3.16775000014604
2.18521000014516
0.971803000145883
-0.365096999854359
-1.33689999985472
-2.0133999998543
-2.50198999985514
-2.43218999985402
-1.8201199998548
-0.68724199985445
0.902005000145436
2.72749000014664
4.78385000014532
6.95295000014448
8.99857000014163
10.9314000001468
12.4348000001482
13.4066000001476
14.0777000001399
14.0777000001399
13.718000000139
13.0307000001485
12.0858000001463
10.9744000001519
10.1690000001399
9.39051000014297
8.80528000014601
8.56905000015104
8.65495000014198
8.89656000013929
9.35293000013917
9.7556100001384
10.1046000001515
10.0616000001464
9.73950000014156
9.20797000014863
8.17710000014631
6.62007000014273
4.79995000014605
2.8241300001464
0.730194000145275
-1.25635999985388
-3.0764799998542
-4.5798199998535
-5.75564999985363
-6.48046999985672
-6.71670999985508
-6.52342999985558
-6.02946999985579
-5.14893999985361
-4.31673999985651
-3.35029999985272
-2.60399999985384
-2.09393999985332
-1.79863999985537
-1.6751499998536
-2.03487999985373
-2.47513999985313
-3.03889999985404
-3.46841999985554
-3.72076999985438
-3.58653999985472
-3.00130999985413
-1.83084999985476
-0.144964999853983
2.08857000014541
4.74626000014541
7.6079800001462
10.7328000001435
13.6589000001404
16.2092000001576
18.6629000001412
20.6119000001345
21.8951000001398
22.6951000001573
23.1515000001527
23.2159000001557
22.9850000001315
22.7541000001365
22.4320000001462
22.0884000001533
22.0132000001322
22.3085000001593
22.6629000001412
23.1407000001345
23.8280000001541
24.6816000001563
25.2883000001311
25.8736000001372
26.3085000001593
26.4749000001466
26.2548000001407
25.5461000001524
24.3004000001529
22.9367000001366
21.2347000001464
19.2804000001343
16.9985000001325
14.8348000001424
12.8214000001462
10.910000000149
9.26703000014822
8.12341000014567
7.17309000014211
6.56101000014314
6.52880000014557
6.52343000014662
6.80262000014773
7.43080000014743
8.20395000014105
8.92340000014519
9.69655000013881
10.4804000001459
11.205300000147
11.7422000001388
12.0965000001452
11.9569000001502
11.7529000001523
11.3502000001463
10.5019000001485
9.29924000013852
8.05361000014818
6.87779000014416
5.57310000014695
4.26842000014585
3.33957000014561
2.4858800001457
1.7073700001456
1.04160000014599
0.408050000145522
-0.230869999854804
-0.842944999854808
-1.51944999985426
-2.09393999985332
-2.77580999985366
-3.14090999985274
-3.28050999985498
-3.25902999985556
-3.04963999985557
-2.60936999985279
-2.27111999985573
-1.78252999985489
-1.44964999985496
-1.29394999985379
-1.1650899998549
-1.1382399998547
-1.1382399998547
-1.02548999985447
-0.547645999854467
0.493955000146343
1.88991000014721
3.75298000015027
6.20128000015393
8.73012000015297
11.3234000001539
13.7556000001641
15.9247000001633
17.5569000001706
18.636100000178
19.1783000001742
19.0549000001629
18.5341000001645
17.6696000001684
16.5368000001763
15.3663000001688
14.2227000001731
13.0307000001776
11.8979000001709
10.8992000001745
9.99722000017937
9.15964000017266
8.35428000017419
7.87643000017124
7.53281000017159
7.21604000017396
7.21604000017396
7.38248000017484
7.62946000017109
7.87643000017124
7.98919000017486
8.02140000017243
7.82274000017787
7.43080000017653
6.66839000017353
506.668390000239