500
2058
-10.1344
-9.44295
-8.67711
-7.93729
-7.41495
-7.02087
-6.6268
-6.12677
-5.73083
-5.3572
-4.95941
-4.50399
-4.15267
-3.92775
-3.84782
-3.83109
-3.9798
-4.21401
-4.44637
-4.78282
-5.10254
-5.38137
-5.58584
-6.03382
-6.45764
-6.96883
-7.68262
-8.43546
-9.15297
-9.84075
-10.2683
-10.4114
-10.3835
-9.86305
-8.82767
-7.44655
-5.755
-3.80692
-1.8793
0.163579
2.14697
3.88128
5.30516
6.55988
7.38521
7.70121
7.82018
7.46328
6.86287
5.95018
4.70103
3.40913
2.04288
0.64688
-0.633868
-1.82353
-3.00576
-4.18427
-5.26984
-6.40002
-7.87037
-9.38161
-11.1475
-13.2183
-15.6404
-18.0717
-20.6909
-23.2616
-25.5871
-27.5686
-28.8531
-29.6635
-29.5929
-28.8177
-27.1838
-24.8528
-22.0032
-18.6312
-14.9656
-11.155
-7.42238
-3.92775
-0.71008
2.21761
4.73821
7.11196
9.30354
11.2572
13.0993
14.9507
16.6404
18.1944
19.6146
20.6128
21.2132
21.3507
20.7169
19.3711
17.5271
15.0734
12.0621
8.74403
5.39624
1.95365
-1.31978
-4.40919
-7.25695
-9.8519
-12.142
-14.4823
-16.8802
-19.2558
-22.0051
-25.0461
-28.0668
-31.2993
-34.5895
-37.6008
-40.0879
-42.0137
-43.0695
-43.2238
-42.3297
-40.4579
-37.7179
-34.0876
-29.6505
-24.8454
-19.6387
-14.1477
-8.62506
-3.00204
2.58008
7.74397
12.774
17.3505
21.3935
24.8324
27.6355
29.7509
31.277
32.2603
32.7511
32.8161
32.6841
32.4406
31.9071
31.1171
30.1431
28.6486
26.7377
24.2729
21.1983
17.6553
13.8559
9.83145
5.71596
1.77148
-1.85699
-5.25683
-8.29047
-11.2274
-14.0529
-16.8839
-20.1852
-23.7691
-27.4812
-31.4722
-35.6323
-39.7273
-43.6253
-47.0475
-50.0365
-52.5404
-54.4234
-55.8733
-56.9328
-57.3585
-57.4273
-57.2507
-56.5481
-55.3119
-53.6408
-51.6407
-49.0625
-45.7983
-42.1661
-38.2588
-34.1508
-29.8791
-25.4774
-21.2597
-17.1423
-13.3317
-9.78684
-6.57103
-3.82923
-1.59489
0.191461
1.49451
2.40535
2.82917
3.1619
3.31433
3.36823
3.47047
3.79763
4.37945
5.17132
6.29592
7.50603
8.88344
10.1623
11.3501
12.4134
12.932
13.0082
12.603
11.7442
10.3371
8.39085
6.28849
3.95191
1.50567
-0.749116
-2.6154
-4.02627
-4.97614
-5.39438
-5.17689
-4.5486
-3.49835
-2.13954
-0.67848
0.855071
2.1637
3.46118
4.54117
5.48918
6.32566
7.12497
7.96145
8.82396
9.76268
10.694
11.8353
12.9097
13.8187
14.6384
15.2965
15.7296
15.9173
15.9898
15.9415
15.8411
15.8969
15.8578
16.0474
16.6497
17.1776
17.7409
18.4082
19.0439
19.3488
19.3023
18.9751
18.1219
16.7557
14.908
12.6439
9.80357
6.68628
3.24183
-0.169155
-3.7177
-7.07106
-10.0731
-12.5472
-14.2574
-15.1738
-15.2128
-14.2797
-12.5454
-10.2516
-7.26438
-3.95563
-0.503748
2.80872
5.87954
8.74031
11.1531
13.261
14.9767
16.4675
17.7873
18.7037
19.3079
19.622
19.5477
18.9807
17.7892
16.1162
13.9953
11.5751
8.98568
6.50597
4.13408
2.10422
0.639444
-0.342028
-0.645021
-0.503748
0.0948013
0.918271
1.89603
2.9407
3.6768
4.07088
3.99653
3.30875
2.0689
0.232356
-2.3849
-5.55238
-8.93177
-12.4022
-15.5902
-18.2985
-20.3098
-21.4102
-21.5273
-20.676
-18.7911
-16.146
-13.09
-9.62512
-6.10074
-2.85333
-0.0167296
2.57636
4.98172
6.8796
8.46334
9.99317
11.484
13.0045
14.5678
16.2278
17.6869
19.2335
20.5552
21.6426
22.4623
22.8137
22.6278
22.0404
20.8154
19.267
17.3728
15.092
12.7852
10.6177
8.59532
6.7439
5.0096
3.50951
2.11351
0.873659
-0.330875
-1.73988
-3.37753
-5.22523
-7.08036
-9.01542
-10.917
-12.4785
-13.7927
-14.947
-15.9861
-16.7928
-17.4899
-18.161
-18.9677
-19.912
-20.7968
-21.5199
-21.9288
-21.9121
-21.1704
-19.6406
-17.2204
-14.0808
-10.3371
-6.24759
-1.87372
2.27895
6.07844
9.53961
12.3781
14.5213
16.0363
17.172
18.0736
18.6071
19.0662
19.3543
19.5718
19.9882
20.425
21.0496
21.6835
22.3489
23.0293
23.5182
23.678
23.4457
22.4679
20.6592
17.9342
14.0659
9.35001
3.9073
-2.23062
-8.6232
-14.8894
-20.7578
-25.944
-30.1673
-33.4388
-35.7122
-36.993
-37.3201
-37.0376
-36.3089
-35.1508
-33.6805
-31.8997
-29.7918
-27.4701
-24.7413
-21.5534
-17.8914
-13.7796
-9.18829
-4.25491
0.836482
5.87954
10.7534
15.2723
19.1796
22.4809
24.9736
26.6689
27.4998
27.8456
27.7433
27.3846
26.8883
26.5592
26.4496
26.8288
27.2321
27.7693
28.2694
28.3437
27.7545
26.3176
23.8081
20.4213
15.7853
10.3891
4.46867
-1.45548
-7.1733
-12.4376
-16.672
-19.8079
-21.9716
-23.2895
-23.6669
-23.4289
-22.9921
-22.4586
-22.0627
-21.8619
-21.9697
-22.3173
-22.6724
-23.0386
-23.2059
-22.9512
-22.2839
-21.1314
-19.4882
-17.4156
-14.7723
-12.0193
-9.16784
-6.27362
-3.46118
-0.866224
1.31049
3.22139
4.87018
6.10446
7.22535
8.15849
9.23104
10.2534
11.3557
12.5045
13.7964
15.092
16.1553
16.9471
17.3338
17.3003
16.5289
14.9972
12.958
10.3371
7.26438
3.92961
0.399653
-3.19722
-6.5543
-9.59352
-12.3539
-14.6663
-16.3802
-17.7483
-18.7316
-19.4659
-20.1611
-20.741
-21.505
-22.5794
-24.1483
-25.9235
-27.9069
-30.2286
-32.4685
-34.1545
-35.2103
-35.3088
-34.266
-31.8886
-27.9794
-22.823
-16.7724
-9.96343
-2.74552
4.39246
11.0416
16.804
21.6017
25.3138
27.9162
29.4888
30.3048
30.4442
30.2714
30.0539
29.5353
28.9311
28.3419
27.7043
26.8752
25.719
24.245
22.6148
20.663
18.6331
16.527
14.3559
12.4617
10.6475
8.876
7.33502
5.82749
4.12293
2.31613
0.53349
-1.54656
-3.59873
-5.60071
-7.57109
-9.22361
-10.3296
-11.1773
-11.484
-11.1903
-10.43
-9.38719
-8.07112
-6.73647
-5.36836
-4.25491
-3.24741
-2.51688
-2.20645
-1.97038
-1.93134
-2.08005
-2.29754
-2.46298
-2.55778
-2.52246
-2.41093
-2.15627
-1.97596
-1.55028
-1.07999
-0.645021
-0.143131
0.563231
1.27703
2.01871
3.00762
4.11735
5.08767
6.18439
7.18631
7.86851
8.26816
8.25887
7.58782
6.41117
4.58764
2.07819
-0.92013
-4.34227
-7.89267
-11.6067
-15.2072
-18.4286
-21.2597
-23.5256
-25.2432
-26.3734
-26.9849
-27.0407
-26.7024
-26.154
-25.2302
-24.1056
-22.8936
-21.5608
-19.8599
-18.1963
-16.4155
-14.2667
-12.0862
-9.94113
-7.58596
-5.01889
-2.48528
-0.061342
2.54476
5.05793
7.61385
10.0378
12.2963
14.2871
16.1292
17.7371
19.0365
20.0737
20.86
21.4864
21.9456
22.3861
22.7616
23.1018
23.3397
23.4698
23.5349
23.4717
23.1631
22.4586
21.5868
20.4548
19.0644
17.3765
15.5772
13.6532
11.4654
9.25335
6.92607
4.50771
2.10608
-0.195179
-2.70834
-5.21593
-7.60827
-9.91138
-12.2331
-14.3912
-16.4192
-18.2967
-19.8711
-21.031
-21.8898
-22.2913
-22.0478
-21.2132
-19.7112
-17.6721
-15.118
-12.1216
-8.94292
-5.54866
-2.13582
1.02237
3.99467
6.60077
8.76633
10.7088
12.2238
13.4655
14.4117
15.2128
15.7537
16.0846
16.1701
15.921
15.5009
14.8411
13.828
12.5156
11.2888
10.1159
8.86671
8.01722
7.39636
7.14542
7.03203
7.16772
7.31643
7.25695
6.97068
6.29406
4.92781
3.10985
0.652456
-2.25478
-5.53751
-9.0526
-12.4729
-15.9136
-19.096
-21.9121
-24.2654
-26.18
-27.3883
-28.0854
-28.1783
-27.5816
-26.4031
-24.6669
-22.1947
-19.2856
-15.9136
-12.2424
-8.30906
-4.47425
-0.540925
3.2251
6.61193
9.6846
12.4915
14.737
16.6887
18.2967
19.6294
20.6909
21.6091
22.3712
22.9847
23.3936
23.6427
23.7375
23.7171
23.4308
22.8638
22.0385
20.8637
19.5551
18.0234
16.3895
14.5994
12.8521
10.8817
9.06003
7.467
5.755
4.25119
2.9407
1.6079
0.390358
-0.717516
-1.65809
-2.56707
-3.29016
-3.94262
-4.39618
-4.53373
-4.48912
-4.23074
-3.61174
-2.80872
-1.71944
-0.407088
0.949872
2.39606
3.6452
4.75122
5.86281
6.82384
7.56366
8.17336
8.76633
9.37604
10.0211
10.8873
11.6587
12.3929
13.1049
13.6272
13.6923
13.5733
13.1235
12.1327
11.1048
9.98388
8.85184
7.93914
7.2681
6.89633
6.80711
6.85915
6.89261
6.6807
6.08959
4.94454
3.23812
0.72681
-2.16928
-5.47617
-8.90761
-12.1848
-15.0139
-17.2724
-18.529
-18.8023
-18.1424
-16.6181
-14.2537
-11.1977
-7.79415
-4.18799
-0.704504
2.43509
5.1044
7.24022
8.78864
9.73479
10.2069
10.2478
9.9783
9.77011
9.51731
9.29982
9.32956
9.52288
9.87978
10.1344
10.3928
10.5508
10.4653
10.2999
9.94113
9.56564
9.2422
9.27008
9.33514
9.79985
10.5025
11.352
12.3242
13.2387
13.9191
14.2295
14.0678
13.5826
12.6104
11.3371
9.88536
8.24771
6.58218
4.90736
3.30875
1.73431
-0.00185885
-1.89231
-3.61732
-5.59885
-7.53949
-9.45225
-10.9932
-12.1253
-12.6383
-12.4004
-11.4338
-9.59352
-7.22906
-4.38317
-1.24543
1.72315
4.46496
6.70859
8.22541
9.06747
9.21246
8.82582
8.06183
6.91492
5.8089
4.82743
3.95935
3.30875
2.8459
2.54662
2.41465
2.20274
2.02429
1.8793
1.72129
1.65809
1.60976
1.68969
2.028
2.48528
2.8459
3.34593
3.70097
3.72699
3.30503
2.49272
1.1878
-0.592973
-2.72879
-5.09325
-7.45213
-9.74409
-11.8297
-13.6365
-15.0771
-16.04
-16.6163
-17.0233
-17.1516
-17.2055
-17.3003
-17.1628
-17.0326
-16.7817
-16.2222
-15.3745
-14.0715
-12.3744
-10.1902
-7.44097
-4.38317
-1.06326
2.40907
5.80519
8.84069
11.4635
13.4227
14.8968
15.672
15.8746
15.6775
15.1905
14.5641
14.0603
13.7871
13.7164
13.9284
14.4507
15.0028
15.5827
15.8374
15.8467
15.3615
14.157
12.287
10.0155
7.23092
4.21587
0.894106
-2.56707
-5.92601
-9.19201
-12.2108
-14.9805
-17.6888
-19.9696
-21.9902
-23.8137
-25.3027
-26.3641
-26.9756
-27.1968
-26.8158
-26.0518
-24.7822
-23.323
-21.4586
-19.5068
-17.4527
-15.4916
-13.6756
-12.0621
-10.6159
-9.45782
-8.42802
-7.52462
-6.73647
-6.08773
-5.38137
-4.71776
-4.05973
-3.43144
-2.83474
-2.08005
-1.19152
-0.211909
0.951731
2.47041
4.22516
6.18067
8.28861
10.4913
12.6885
14.499
15.8374
16.6962
17.0029
16.7519
15.7036
14.1942
12.3521
10.298
8.17522
5.98364
3.82923
1.98153
0.126402
-1.48336
-2.96486
-4.29022
-5.79032
-6.94466
-8.00606
-8.9169
-9.61583
-9.96343
-10.0545
-9.75152
-9.19015
-8.31463
-7.1101
-5.82006
-4.55418
-3.14331
-1.6488
-0.321581
1.08371
2.53175
4.00954
5.52636
7.19746
9.19759
11.1457
13.1755
15.2946
17.2334
19.0755
20.7243
22.0664
23.0795
23.7635
24.271
24.6372
24.7208
24.8063
24.8677
24.8695
24.784
24.6911
24.1409
23.3434
22.1389
20.5068
18.3729
15.8578
12.8409
9.5898
6.31079
3.08755
0.0557655
-2.58566
-4.73263
-6.24202
-7.17888
-7.71608
-7.63243
-7.09894
-6.24202
-5.09139
-3.95005
-2.52803
-0.966602
0.537207
2.0057
3.74558
5.23266
6.6175
7.941
9.12137
10.0099
10.5731
10.878
10.9096
10.6977
10.4244
9.89651
9.27194
8.82396
8.44661
8.0358
7.70493
7.46142
7.23464
7.08965
6.92607
6.72346
6.59706
6.48552
6.2922
6.06542
5.83679
5.64161
5.46688
5.13042
4.64526
4.1917
3.66751
3.18607
2.70463
2.25293
1.82167
1.44247
0.801164
0.191461
-0.64688
-1.75475
-3.18049
-4.74192
-6.25503
-7.76441
-8.93363
-9.73108
-10.0006
-9.72364
-8.79607
-7.5841
-6.17138
-4.77352
-3.44445
-2.50387
-1.99083
-1.9332
-2.22318
-2.6154
-3.0355
-3.26414
-3.08197
-2.44253
-1.33465
0.0948013
1.94622
3.92217
5.99665
7.97446
9.71435
11.1345
12.3409
13.2592
14.0269
14.5455
14.8708
14.9043
14.9414
14.6533
14.1384
13.432
12.2907
11.0471
9.60467
8.04882
6.1751
4.50399
2.69161
0.96846
-0.801164
-2.44067
-4.24189
-5.93531
-7.66775
-9.34443
-10.9579
-12.4822
-13.8614
-14.9842
-15.6738
-15.9935
-15.9117
-15.302
-14.4024
-13.0993
-11.4189
-9.53218
-7.41309
-5.06165
-2.78641
-0.434971
1.8384
4.10806
6.35169
8.39456
10.324
11.9505
13.3856
14.6217
15.7742
16.7445
17.4249
18.0624
18.8562
19.412
20.0533
20.663
21.2318
21.6482
22.1296
22.1742
21.9846
21.531
20.6537
19.4194
17.7093
15.7482
13.4153
10.8073
7.84806
4.67129
1.42016
-1.95365
-5.51892
-8.96337
-12.2628
-15.3968
-18.1665
-20.5496
-22.388
-23.7375
-24.5331
-24.613
-24.3156
-23.375
-22.1556
-20.6351
-19.0049
-17.265
-15.3894
-13.4562
-11.6847
-9.84075
-7.94844
-5.96133
-3.90544
-1.68412
0.539066
3.03736
5.65648
8.13618
10.5229
12.8855
15.0678
16.9732
18.345
19.4975
20.3061
20.5793
20.5347
20.2522
19.8339
19.2391
18.4695
17.6814
16.9787
16.1274
15.1478
13.8112
12.1606
10.0991
7.61571
4.58578
1.13947
-2.83474
-6.9112
-11.1345
-15.2165
-19.1127
-22.5739
-25.4607
-28.0184
-30.1617
-31.7882
-33.1005
-34.2307
-35.2308
-36.2624
-36.9446
-37.3573
-37.5841
-37.1472
-36.0375
-33.9054
-30.9759
-27.0555
-22.2504
-16.8839
-11.0787
-5.20664
0.457277
5.91858
10.6029
14.6124
17.949
20.5124
22.6073
24.2636
25.5536
26.4774
27.0723
27.5351
27.6913
27.4385
26.7284
25.5257
23.8528
21.8675
19.3766
16.7148
13.815
10.7051
7.45399
4.1285
0.75841
-2.66745
-6.29406
-10.1549
-13.8057
-17.4434
-20.9399
-24.2022
-26.8864
-29.1412
-30.7584
-31.6952
-32.106
-32.0112
-31.474
-30.9368
-30.1022
-29.4702
-29.1356
-29.1077
-29.275
-29.7472
-30.2751
-30.6431
-30.7231
-30.3197
-29.2639
-27.5593
-25.0722
-21.9047
-18.1089
-14.051
-9.9876
-6.04126
-2.41279
0.711939
3.13774
4.9371
6.35355
7.32572
8.11202
8.9485
9.84075
10.9895
12.4506
14.2667
16.1292
17.9546
19.648
20.9771
21.6556
21.8024
21.2188
20.0142
18.0327
15.5772
12.7517
9.6623
6.34611
3.03736
-0.351322
-3.5281
-6.64539
-9.57865
-12.3335
-14.9043
-17.1516
-19.2224
-20.9697
-22.4809
-23.4977
-24.1074
-24.3993
-24.3993
-23.862
-22.8583
-21.6575
-19.8934
-17.6609
-15.0771
-12.0249
-8.69384
-5.10626
-1.42202
2.31055
5.92229
9.2329
12.1123
14.6459
16.7631
18.4621
19.8153
21.0124
22.1203
23.1724
24.1781
25.2171
26.1707
27.1076
27.7415
28.2118
28.2396
27.9478
27.3121
26.2525
25.1484
23.7617
22.23
20.7317
19.0551
17.3561
15.4954
13.5194
11.2144
8.67897
5.84608
2.81244
-0.325299
-3.58014
-6.76435
-9.87792
-12.8409
-15.592
-18.1275
-20.4678
-22.611
-24.5851
-26.3064
-27.8623
-28.8586
-29.3066
-29.0445
-28.0705
-26.0722
-23.23
-19.4696
-15.0288
-10.0564
-4.89621
0.254662
5.18619
9.54891
13.3242
16.2389
18.4863
20.1648
21.0924
21.6166
21.7244
21.5831
20.9938
20.1964
19.1108
17.5866
15.6943
13.59
11.1958
8.49494
5.8089
3.23812
0.890389
-1.28075
-3.03922
-4.41105
-5.4929
-6.3647
-7.12497
-7.93171
-8.93363
-10.1865
-11.5565
-13.1625
-14.9024
-16.6144
-18.1498
-19.2725
-19.8748
-19.7782
-18.9974
-17.5011
-15.3392
-12.5063
-9.39276
-6.11561
-2.69719
0.496313
3.3292
5.64904
7.63801
9.1065
10.2051
11.0899
11.7888
12.3911
13.1253
14.1905
15.5102
16.8746
18.358
19.8823
21.3136
22.5404
23.3955
23.8156
23.7356
23.0869
22.0144
20.5496
18.7539
16.646
14.5195
12.4041
10.2999
8.26444
6.42418
4.86647
3.37567
2.01313
0.637585
-0.819752
-2.2046
-3.88314
-5.71968
-7.8239
-10.0304
-12.3818
-14.8336
-17.2501
-19.3766
-21.1556
-22.5627
-23.323
-23.4122
-22.8155
-21.5534
-19.4659
-16.7854
-13.4042
-9.55634
-5.34419
-0.799305
3.82365
8.56186
13.1476
17.5122
21.4381
24.8863
27.8716
30.1319
31.6952
32.6618
33.0317
32.9704
32.2901
31.2807
29.9832
28.5538
26.9347
25.0852
23.2784
21.3823
19.2949
17.068
14.8968
12.6123
10.3724
8.00049
5.78288
3.73443
1.78078
-0.0539066
-1.88116
-3.52995
-5.12299
-6.62866
-8.1715
-9.56564
-10.8129
-11.8111
-12.6383
-13.2499
-13.4581
-13.4748
-13.235
-12.9971
-12.8354
-12.6402
-12.6606
-12.7591
-12.9097
-13.3577
-13.5213
-13.5956
-13.2294
-12.5082
-11.3557
-9.78684
-7.88896
-5.75686
-3.43701
-1.09672
1.00192
2.85333
4.40361
5.60629
6.51527
7.21791
7.76441
8.21983
8.85184
9.495
10.2553
11.1029
12.1141
13.1718
14.0101
14.6403
14.9117
14.9303
14.4674
13.4488
12.0881
10.5099
8.71986
6.76435
4.74378
2.72693
0.816035
-0.827188
-2.50201
-3.99467
-5.32189
-6.57103
-7.79601
-8.8444
-9.67531
-10.456
-11.0341
-11.3576
-11.629
-11.6829
-11.4171
-10.9746
-10.285
-9.35559
-8.18823
-6.6807
-4.97986
-2.96115
-0.75841
1.61906
3.99467
6.25317
8.48379
10.2924
11.8241
12.9339
13.5287
13.8131
13.6923
13.2257
12.6829
11.9766
11.4059
11.0211
10.4802
10.0434
9.58237
9.03772
8.13247
6.86287
5.37765
3.48348
1.24357
-1.12832
-3.58572
-5.97434
-8.0451
-9.74595
-11.3334
-12.6476
-13.8614
-15.1459
-16.6664
-18.4658
-20.5979
-23.2784
-26.1484
-29.1728
-31.9703
-34.3348
-36.2085
-37.0264
-36.8071
-35.5207
-33.0931
-29.565
-25.0313
-19.9696
-14.4507
-8.75518
-3.1619
2.01871
6.94838
11.3483
15.1385
18.3784
21.2002
23.7412
25.9421
27.9924
29.8513
31.448
32.8719
33.7586
33.976
33.4742
32.1432
30.0018
27.1095
23.4717
19.3952
15.0957
10.7479
6.78666
3.31061
0.574384
-1.4908
-2.87378
-3.54483
-3.75302
-3.62476
-3.39984
-3.266
-3.48348
-4.13036
-5.09139
-6.69743
-8.93177
-11.5156
-14.4042
-17.2706
-20.1722
-22.5739
-24.4309
-25.641
-26.2265
-25.9774
-24.9867
-23.2486
-21.1295
-18.6294
-15.8969
-12.9487
-9.94856
-6.90934
-3.93147
-1.00378
1.90718
4.78654
7.47071
10.0415
12.3186
14.1979
15.7463
16.8449
17.5754
18.003
18.1331
18.0085
17.752
17.384
16.9657
16.5661
16.0437
15.3876
14.6254
13.6124
12.4078
10.7534
8.96895
6.86659
4.47425
2.0057
-0.505607
-3.00018
-5.39066
-7.49116
-9.17528
-10.5137
-11.2999
-11.5918
-11.4895
-10.9189
-10.1028
-9.23104
-8.20682
-7.27925
-6.47809
-5.8405
-5.29772
-4.70103
-4.08017
-3.1935
-2.16556
-0.74354
0.940578
2.95185
5.136
7.25137
9.32027
11.0806
12.3688
13.261
13.7053
13.6979
13.1216
12.3037
11.1735
10.1791
9.22733
8.07298
7.35361
6.84614
6.5004
6.27547
6.21042
6.26618
6.13792
5.76801
5.11184
4.01511
2.47785
0.604126
-1.78821
-4.48912
-7.35732
-10.3556
-13.1421
-15.698
-18.0048
-19.7484
-20.821
-21.4846
-21.5236
-21.0589
-20.1388
-18.7093
-17.0122
-15.0176
-12.7666
-10.3742
-7.82575
-5.28471
-2.74738
-0.234215
2.12652
4.02813
5.6602
7.22349
8.17336
8.6641
8.89088
8.78306
8.39828
7.86107
7.28669
6.63609
6.0487
5.39624
4.79955
4.11549
3.24927
2.18415
0.793729
-1.00192
-3.15261
-5.67693
-8.37969
-11.246
-14.1997
-16.8895
-19.2279
-21.176
-22.6538
-23.5721
-23.9308
-24.0349
-23.7133
-23.2375
-22.5553
-21.992
-21.2374
-20.6648
-19.9194
-19.0086
-17.9342
-16.5902
-14.815
-12.5844
-10.1344
-7.49302
-4.5486
-1.58932
1.08185
3.50579
5.45758
6.99671
8.03395
8.54699
8.67339
8.46148
8.16407
7.78672
7.30899
6.93537
6.62308
6.24573
5.96876
5.68994
5.21965
4.66385
4.02813
3.2251
2.28267
1.37741
0.236074
-0.923848
-2.25107
-3.5504
-5.17689
-6.92235
-8.77005
-10.7293
-12.6866
-14.6106
-16.5549
-18.3245
-19.7577
-20.9938
-22.0162
-22.9382
-23.5535
-23.8528
-24.0554
-24.2004
-24.1799
-23.8844
-23.204
-22.0924
-20.6221
-18.5829
-16.0214
-12.9302
-9.5582
-5.74756
-1.9109
1.85327
5.42784
8.65294
11.3501
13.4469
14.934
15.8523
16.356
16.4675
16.3058
16.0047
15.7259
15.211
14.7463
14.3094
13.7982
13.0064
12.1401
11.0639
9.56006
7.83877
5.81634
3.60431
1.21755
-1.40715
-4.05229
-6.59891
-9.13438
-11.4412
