500
2058
-1.22912
-2.38645
-3.70137
-5.17561
-6.72864
-8.26242
-9.68764
-10.859
-11.7852
-12.4733
-12.9075
-12.953
-12.883
-12.7132
-12.4523
-12.1021
-11.899
-11.7624
-11.5663
-11.5611
-11.6084
-11.6399
-11.7117
-11.955
-12.1844
-12.447
-12.7674
-13.1877
-13.5081
-13.8793
-14.1699
-14.373
-14.4921
-14.5253
-14.4465
-14.3082
-14.2119
-14.0894
-14.0281
-13.9773
-13.9248
-13.86
-13.6639
-13.305
-12.7184
-11.9708
-10.8415
-9.49854
-7.85271
-6.17887
-4.4525
-2.72963
-1.16959
0.171587
1.26064
2.04503
2.36894
2.38295
2.14308
1.58805
0.630318
-0.39745
-1.49525
-2.6666
-3.84844
-4.69762
-5.35595
-5.62734
-5.32444
-4.50677
-3.14984
-1.2799
1.22387
3.94999
6.97727
10.0641
12.9075
15.5391
17.7382
19.4155
20.361
20.7865
20.6009
19.883
18.6469
17.2795
15.7334
14.0281
12.3682
10.817
9.25342
7.70914
6.23665
4.62408
3.02903
1.31141
-0.63382
-2.66134
-4.62233
-6.60258
-8.54256
-10.2409
-11.6154
-12.7534
-13.4923
-13.8005
-13.8582
-13.5693
-12.7254
-11.7537
-10.5596
-8.88048
-7.09633
-5.20538
-2.93973
-0.621564
1.6826
3.92023
6.15961
8.01379
9.53881
10.6699
11.3895
11.4788
10.971
10.1008
8.85071
7.14185
5.2544
3.2724
1.18185
-0.766887
-2.5738
-4.38071
-5.87947
-7.21714
-8.5233
-9.69989
-10.7189
-11.7274
-12.6851
-13.4398
-14.0263
-14.6059
-14.795
-14.7022
-14.4763
-13.916
-13.0038
-11.9953
-10.7924
-9.34096
-7.90524
-6.41699
-4.80793
-3.12007
-1.60731
-0.0735371
1.52502
3.02553
4.4665
5.84795
7.16286
8.41825
9.425
10.3967
11.3475
12.1319
12.855
13.4415
13.783
14.1401
14.2662
14.0631
13.7777
13.2542
12.391
11.5068
10.4965
9.29369
8.10659
7.04906
5.97927
4.87446
3.89046
3.05179
2.15184
1.20286
0.320412
-0.665336
-1.72637
-2.93448
-4.19687
-5.72364
-7.25391
-8.84546
-10.6699
-12.5451
-14.338
-16.1064
-17.7049
-19.1389
-20.1597
-20.9458
-21.408
-21.4658
-21.2312
-20.6972
-19.778
-18.6819
-17.444
-15.9295
-14.324
-12.6344
-10.7627
-8.95227
-7.24515
-5.70963
-4.24064
-3.04128
-2.20611
-1.52327
-1.0838
-0.866687
-0.556781
-0.106804
0.439472
1.23087
2.34618
3.7644
5.28942
6.98252
8.66337
10.1551
11.5663
12.6326
13.4503
13.9248
14.2872
14.4098
14.3835
14.429
14.4395
14.3222
14.0894
13.9265
13.4695
12.8357
11.9988
10.9273
9.55457
8.0313
6.39423
4.68711
3.06054
1.63883
0.0962986
-1.20286
-2.10281
-2.89596
-3.55779
-3.96225
-4.24589
-4.52778
-4.79392
-4.98476
-5.27891
-5.60808
-5.92499
-6.27517
-6.73915
-6.96676
-7.12259
-7.07882
-6.87922
-6.38022
-5.73414
-4.83594
-3.6716
-2.56679
-1.46024
-0.320412
0.81241
1.5828
2.30591
2.74013
2.9835
2.9835
2.84869
2.5703
2.10106
1.51802
0.83167
0.133067
-0.45523
-1.12057
-1.82617
-2.43723
-2.89946
-3.28816
-3.6681
-3.83443
-3.86245
-3.80817
-3.59806
-3.12182
-2.60181
-1.92597
-0.91221
0.0787897
1.1836
2.35494
3.59281
4.74314
5.88822
6.88622
7.71789
8.43576
9.06082
9.47228
9.73841
10.008
10.1096
10.1184
10.1954
10.2917
10.4983
10.7942
11.2389
11.8622
12.5871
13.417
14.303
15.0769
15.7159
16.0941
16.0609
15.5916
14.6496
13.2892
11.6399
9.72791
7.64961
5.59582
3.7574
2.22362
0.948979
0.148825
-0.353678
-0.518261
-0.551528
-0.404454
-0.295899
-0.231117
-0.379942
-0.548026
-1.0908
-1.71937
-2.46174
-3.40022
-4.32643
-5.07581
-5.79893
-6.54305
-7.1401
-7.5358
-7.88773
-8.07858
-8.05932
-7.99278
-7.76517
-7.3397
-6.78817
-6.00203
-4.98126
-3.64884
-2.18335
-0.616311
1.06454
2.75589
4.34569
5.76391
6.82844
7.47277
7.7389
7.5358
6.81619
5.75165
4.44724
2.8697
1.28865
-0.17859
-1.41997
-2.48976
-3.03078
-3.18486
-2.89421
-2.12557
-1.01201
0.287145
1.71762
3.36345
4.97601
6.19287
7.41849
8.40249
8.93651
9.33046
9.49504
9.51255
9.44777
9.31295
9.13611
8.82795
8.54956
8.17487
7.5253
6.62709
5.51003
3.98151
2.21312
0.280141
-1.81216
-3.92898
-5.80243
-7.39223
-8.54956
-9.13261
-9.08708
-8.44276
-7.35371
-5.61508
-3.50702
-1.34818
0.922715
3.15334
5.19487
6.83545
8.19063
9.19214
9.73666
10.1166
10.1656
9.94327
9.69464
9.3217
8.74391
8.06282
7.26091
6.17361
4.90773
3.43873
1.65458
-0.41671
-2.49326
-4.57856
-6.58157
-8.3202
-9.61585
-10.5018
-10.7417
-10.5316
-9.84697
-8.83496
-7.69163
-6.50278
-5.5538
-5.04079
-4.70462
-4.97776
-5.60808
-6.38897
-7.20488
-7.98403
-8.55306
-8.45852
-7.90349
-6.87572
-5.39097
-3.42123
-1.1836
1.23437
3.63483
5.9495
8.15036
10.1919
12.0041
13.8197
15.5583
17.2532
18.9691
20.7777
22.5934
24.353
26.0234
27.6149
28.8055
29.6915
29.9996
29.6687
28.5884
26.7552
24.1727
20.811
16.7139
12.2579
7.41324
2.5843
-2.14133
-6.52029
-10.3985
-13.5151
-15.877
-17.6857
-18.815
-19.4278
-19.5889
-19.6274
-19.5556
-19.4471
-19.3455
-19.3017
-19.1809
-18.9656
-18.5576
-17.7802
-16.6859
-15.1837
-13.1211
-10.5596
-7.60584
-4.28266
-0.672339
3.02202
6.88447
10.6926
14.38
17.6804
20.8478
23.6264
25.801
27.5344
28.9403
29.751
30.0854
29.9138
29.301
28.3766
27.256
25.7958
24.2182
22.6459
21.0544
19.3998
17.768
16.1694
14.5568
12.8235
11.0113
9.07308
6.96151
4.73789
2.4705
-0.0210106
-2.41272
-4.7554
-6.97727
-8.97328
-10.6944
-12.1424
-13.1316
-13.7619
-13.9073
-13.7567
-13.2962
-12.3892
-11.3667
-10.2742
-9.0188
-7.78268
-6.72514
-5.66586
-4.61533
-3.79066
-2.82417
-1.73162
-0.688097
0.511258
1.92422
3.3617
4.82543
6.32769
7.65486
8.65462
9.33746
9.55107
9.23591
8.31144
6.94225
4.98652
2.51952
-0.131316
-3.05529
-6.08432
-9.02405
-11.7012
-14.1804
-16.2324
-17.845
-18.9778
-19.918
-20.4258
-20.7322
-20.9756
-21.1577
-21.275
-21.394
-21.6076
-21.5919
-21.4658
-21.1472
-20.2647
-19.0584
-17.5158
-15.5216
-13.2419
-10.8835
-8.49529
-6.31018
-4.50327
-3.1621
-2.34793
-2.04678
-2.40396
-3.14634
-4.13559
-5.461
-6.72864
-7.9245
-8.99429
-9.69289
-9.91
-9.68589
-9.09759
-7.86497
-6.14735
-4.13734
-1.84193
0.898203
3.57005
6.12284
8.6196
10.6506
12.0951
12.96
13.291
12.7587
11.4735
9.64737
7.15061
4.27215
1.17484
-2.02927
-5.23514
-8.20814
-10.8537
-13.1036
-14.9455
-16.2727
-17.2742
-17.9448
-18.2617
-18.3843
-18.4175
-18.2617
-18.0831
-17.789
-17.2952
-16.7174
-16.1099
-15.2642
-14.2837
-13.2332
-12.1967
-10.9745
-9.75242
-8.72115
-7.59358
-6.38722
-5.24214
-3.94649
-2.34618
-0.885947
0.726617
2.61057
4.57506
6.47126
8.38848
10.332
12.1634
13.9353
15.8
17.5771
19.2877
21.0351
22.7282
24.2252
25.5209
26.4681
27.0021
26.8148
26.1494
24.859
22.9103
20.5431
17.796
14.7407
11.6959
8.66862
5.86371
3.23738
1.02427
-1.01901
-2.82593
-4.33519
-5.76041
-7.10683
-8.3202
-9.44076
-10.6384
-11.484
-12.0776
-12.6922
-12.911
-12.9338
-12.6694
-12.377
-11.9218
-11.414
-11.0971
-10.831
-10.6611
-10.6926
-10.8047
-10.9483
-11.0778
-11.1934
-11.2074
-10.9308
-10.6786
-10.2952
-9.8067
-9.22365
-8.67738
-7.96652
-7.28017
-6.55531
-5.74815
-4.75365
-3.71012
-2.46524
-1.13982
0.220611
1.40421
2.61057
3.46675
4.11107
4.46825
4.54004
4.34744
4.14259
3.85194
3.6716
3.67685
3.97275
4.48401
5.17386
6.02829
6.9475
7.71264
8.21689
8.45151
8.35171
7.76342
6.83895
5.53979
3.93599
2.22362
0.421963
-1.2974
-2.92748
-4.21438
-5.31568
-5.99327
-6.09658
-5.8392
-5.17386
-4.04804
-2.4775
-0.607556
1.41471
3.73113
5.97051
8.20289
10.2654
12.1336
13.6674
14.8685
15.6406
15.9768
15.8683
15.2835
14.282
12.7849
11.0516
8.78768
6.24365
3.68386
1.11531
-1.50576
-3.9745
-6.15085
-7.99453
-9.55107
-10.6226
-11.4998
-12.1039
-12.5101
-12.7849
-13.1316
-13.4118
-13.6849
-14.1874
-14.5691
-14.8808
-15.0436
-15.0699
-14.8843
-14.338
-13.5326
-12.4488
-11.1129
-9.67538
-8.19238
-6.59733
-5.04605
-3.63133
-2.20436
-0.756382
0.716111
2.31292
4.20212
6.10008
8.44801
11.1094
13.8512
16.6719
19.5171
22.3028
24.761
26.7973
28.3345
29.1347
29.2678
28.7355
27.5852
25.752
23.4461
20.7585
17.8205
14.851
11.913
8.98553
6.32419
3.97275
1.92772
0.0962986
-1.42872
-2.6806
-3.80292
-4.64159
-5.28066
-5.79542
-6.22614
-6.38372
-6.56231
-6.64635
-6.72164
-6.81094
-6.92124
-7.10333
-7.37822
-7.81069
-8.35521
-8.85772
-9.31295
-9.73666
-9.95727
-9.96253
-9.74717
-9.29019
-8.45852
-7.35721
-6.16661
-4.74664
-3.05529
-1.55654
-0.0210106
1.37619
2.58605
3.59456
4.3562
4.8622
5.09507
5.23514
5.14059
4.93924
4.72388
4.44724
4.17235
3.93248
3.74164
3.51928
3.23738
2.99226
2.81017
2.50551
2.30066
2.24638
2.16759
2.22362
2.45999
2.74714
3.12007
3.58756
4.08656
4.55055
4.97426
5.48026
5.86021
6.21739
6.75491
7.3327
7.76167
8.46377
9.16762
9.7209
10.1516
10.5176
10.6926
10.6401
10.409
10.1008
9.74366
9.47578
9.35847
9.37073
9.58433
10.1534
10.866
11.6591
12.6922
13.6219
14.345
15.0068
15.322
15.3307
15.1591
14.6689
13.7637
12.6011
11.2232
9.65437
7.87197
6.08432
4.25114
2.41097
0.681094
-0.866687
-2.32517
-3.52803
-4.4665
-5.17386
-5.68337
-5.86896
-5.8532
-5.63084
-5.19662
-4.63459
-4.02878
-3.33193
-2.6806
-2.14483
-1.91021
-1.74913
-1.77189
-2.08355
-2.50376
-2.77515
-3.0728
-2.99926
-2.59131
-1.7789
-0.493749
1.16259
3.20587
5.38572
7.64261
9.87848
11.7764
13.2349
14.2925
14.7985
14.8843
14.5201
13.7619
12.7027
11.5051
10.0676
8.59158
7.05081
5.5573
4.04104
2.50026
1.0838
-0.232867
-1.55303
-2.60707
-3.47375
-4.1601
-4.57331
-4.63459
-4.47351
-4.03579
-3.34069
-2.49851
-1.54428
-0.448226
0.665336
1.67384
2.59831
3.46325
4.13559
4.61183
5.04079
5.33144
5.46801
5.60283
5.80768
6.06506
6.5413
7.17162
8.01729
9.06607
10.36
11.6994
13.0056
14.1927
15.2152
15.7369
15.842
15.5251
14.7932
13.382
11.8587
10.0746
8.09608
6.14035
4.34044
2.5843
1.04703
-0.332668
-1.70711
-2.94148
-4.10582
-5.29467
-6.40823
-7.41849
-8.27292
-8.85422
-9.06607
-8.90674
-8.48128
-7.73365
-6.51504
-5.22814
-3.90622
-2.54578
-1.27814
-0.234618
0.679343
1.57579
2.24463
2.95199
3.78891
4.71513
5.66061
6.76366
7.94726
9.08883
10.0186
10.9185
11.3037
11.3895
11.2477
10.7994
10.0431
9.35672
8.67037
8.08733
7.85621
7.94551
8.42
9.18338
10.2357
11.6031
12.904
14.0123
14.9841
15.5338
15.7212
15.6056
14.9858
14.1314
13.2419
12.2614
11.3632
10.8362
10.5666
10.5438
10.9168
11.5891
12.4803
13.3995
14.4255
15.4393
16.39
17.3075
18.1286
18.836
19.6957
20.5851
21.345
22.0856
22.9191
23.6072
24.1079
24.3705
24.4126
24.1937
23.6177
22.849
21.8353
20.5764
19.3823
18.1847
16.8768
15.6266
14.5498
13.5011
12.5538
11.7064
10.9448
10.2899
9.65087
9.0258
8.46902
7.94551
7.40449
6.77242
6.10708
5.57831
4.93224
4.30542
3.67335
3.09906
2.46349
1.8822
1.20636
0.378191
-0.565535
-1.56004
-2.74889
-4.11282
-5.47676
-6.8407
-8.10484
-9.20439
-10.0606
-10.6646
-10.9518
-10.9098
-10.7732
-10.4125
-9.9205
-9.38123
-8.82445
-8.34821
-7.80544
-7.29068
-6.73039
-6.16486
-5.53454
-4.96025
-4.45425
-4.00252
-3.72413
-3.58581
-3.61382
-4.10407
-4.64509
-5.34019
-6.17361
-7.16461
-7.88248
-8.60909
-9.12035
-9.3217
-9.10284
-8.68963
-7.89998
-6.72339
-5.28417
-3.57005
-1.63708
0.367685
2.3777
4.42798
6.32769
7.95251
9.34446
10.2322
10.6244
10.5491
9.88198
8.79469
7.16286
4.99702
2.49326
-0.304654
-3.25139
-6.2349
-9.27093
-12.0811
-14.7267
-17.1289
-19.2212
-20.7427
-21.8633
-22.6512
-22.9436
-22.6687
-22.2712
-21.4326
-20.312
-19.1249
-17.894
-16.4863
-15.2169
-14.0876
-12.9285
-11.8465
-10.817
-9.9205
-8.85947
-7.82295
-6.76366
-5.69737
-4.68361
-3.63133
-2.61232
-1.73162
-0.845677
0.0245124
0.945477
2.06779
3.3652
4.93924
6.77942
8.93476
11.5068
14.1594
17.0396
19.8305
22.4376
24.5824
26.1179
26.9899
27.1544
26.2615
24.6262
22.2222
19.1196
15.5286
11.6871
7.65311
3.78891
0.255629
-2.98175
-5.86371
-8.24316
-10.0851
-11.4735
-12.6501
-13.34
-13.7952
-14.0001
-13.9668
-13.6534
-13.0528
-12.1564
-11.0411
-9.78218
-8.2309
-6.60608
-4.962
-3.44224
-2.15884
-1.13457
-0.437721
-0.0875442
0.00525265
-0.306405
-0.770389
-1.38845
-1.99251
-2.6771
-3.0798
-3.21637
-3.21987
-2.93098
-2.23238
-1.21161
0.0875442
1.79991
3.64534
5.83394
8.29568
10.8467
13.6061
16.3357
19.2545
21.8178
24.2672
26.4558
28.1577
29.3571
29.8998
29.7475
29.0857
27.7743
25.857
23.4723
20.6744
17.7732
14.7652
11.6801
8.66687
5.69212
2.89596
0.27839
-2.16059
-4.42273
-6.49403
-8.29393
-9.78569
-11.0551
-11.892
-12.4103
-12.6711
-12.6799
-12.5136
-12.2562
-11.8867
-11.5191
-11.323
-11.0341
-10.7119
-10.3145
-9.90825
-9.07133
-8.05056
-6.73215
-5.09332
-3.16735
-1.06279
1.22737
3.41597
5.63434
7.66887
9.38298
10.8782
12.0356
12.8988
13.5816
14.0771
14.3765
14.6356
14.865
14.9998
15.1259
15.2257
15.2047
14.9578
14.4851
13.7182
12.6834
11.3457
9.67013
7.69688
5.62559
3.43698
1.15908
-1.00151
-3.01852
-4.90247
-6.6376
-7.98228
-9.13086
-10.0256
-10.6226
-10.8572
-10.9185
-10.6191
-10.0448
-9.2254
-8.37272
-7.30819
-6.19638
-5.19137
-4.31943
-3.59631
-3.21112
-3.01502
-3.09031
-3.42123
-3.99552
-4.69762
-5.41373
-6.24715
-6.98953
-7.5323
-7.87897
-7.935
-7.69163
-7.08933
-6.09658
-4.62408
-3.00977
-1.09255
1.01551
3.0693
5.06005
6.78817
8.20814
9.09584
9.37248
9.1256
8.35171
6.98077
5.32268
3.51052
1.51451
-0.385194
-1.93298
-3.25314
-4.14259
-4.72213
-4.99002
-5.1616
-5.27016
-5.52579
-5.94425
-6.77592
-7.8387
-9.19039
-10.7907
-12.2754
-13.6744
-14.9473
-15.7947
-16.2149
-16.2552
-15.9698
-15.3027
-14.6286
-13.9143
-13.2402
-12.7569
-12.5171
-12.4996
-12.6204
-12.9338
-13.3365
-13.6096
-13.8355
-13.9668
-13.8845
-13.6114
-13.2367
-12.7062
-12.0198
-11.3177
-10.5543
-9.86273
-9.10109
-8.44101
-7.76167
-7.07707
-6.53955
-6.05981
-5.55905
-5.17386
-4.99352
-4.89022
-5.0618
-5.49427
-6.06156
-6.95276
-8.08558
-9.37073
-10.7592
-12.2632
-13.6271
-14.7039
-15.6161
-16.1431
-16.0538
-15.4638
-14.4465
-12.8637
-10.8187
-8.44976
-6.09482
-3.65935
-1.35518
0.570788
2.0748
3.11832
3.55429
3.48776
2.99226
2.21312
1.20461
0.168085
-0.877192
-1.85594
-2.58781
-3.23563
-3.85544
-4.4525
-5.19662
-6.22089
-7.49378
-9.03631
-10.9623
-13.0511
-15.1889
-17.297
-19.2982
-20.797
-21.8073
-22.2957
-22.1172
-21.3905
-20.1912
-18.6469
-16.7052
-14.6461
-12.7569
-11.0148
-9.51955
-8.34296
-7.5393
-6.99653
-6.72164
-6.71464
-6.75666
-6.76366
-6.73915
-6.47652
-5.97401
-5.20187
-4.04629
-2.5843
-0.957733
0.899954
2.92748
4.88496
6.7409
8.45151
9.83646
10.8992
11.4945
11.8937
11.8955
11.7099
11.5558
11.3195
11.0691
11.1181
11.421
11.8552
12.482
13.2752
13.93
14.4238
14.851
14.9018
14.6724
14.1401
13.3085
12.2842
11.0533
9.93801
8.76492
7.67587
6.62534
5.68162
4.81318
4.03754
3.22163
2.46349
1.73337
1.11881
0.406205
-0.260882
-0.808908
-1.38145
-1.92247
-2.53878
-3.01677
-3.59106
-4.24939
-4.86746
-5.38572
-5.82869
-5.91098
-5.81118
-5.30343
-4.27566
-2.78566
-0.8912
1.38495
4.13384
6.99478
9.9135
12.8322
15.6109
18.1059
20.3505
22.1977
23.6632
24.831
25.7205
26.4523
26.7955
26.9881
27.0897
26.9566
26.7307
26.4296
25.7853
25.1935
24.4721
23.7315
22.9751
22.2695
21.5901
20.8268
20.0879
19.2685
18.2267
16.868
15.1626
13.0213
10.5211
7.69163
4.71513
1.6931
-1.0838
-3.3722
-5.21413
-6.32419
-6.64285
-6.23139
-5.15985
-3.6716
-1.91547
-0.117309
1.61957
3.1691
4.32993
5.19662
5.94775
6.55531
7.08057
7.68988
8.4235
9.26742
10.332
11.3317
12.2579
12.9881
13.4958
13.5046
13.1386
12.5048
11.4525
10.1236
8.81395
7.39223
6.06681
4.9515
4.10582
3.49476
3.10081
2.8697
2.82768
2.7664
2.75939
2.59306
2.30941
1.83668
1.12757
0.322163
-0.780894
-1.95399
-3.23913
-4.69937
-6.18412
-7.67237
-9.19214
-10.6366
-11.9953
-13.1894
-14.1436
-15.0191
-15.5899
-15.856
-15.8718
-15.7124
-15.4813
-15.0226
-14.5481
-14.1611
-13.811
-13.4748
-13.1947
-12.8567
-12.3297
-11.6136
-10.6436
-9.34621
-7.60584
-5.53454
-3.21112
-0.623314
1.8752
4.34744
6.55706
8.44451
9.86973
10.6489
11.1251
11.0603
10.4895
9.67188
8.7299
7.65836
6.47827
5.43999
4.49277
3.62258
2.83118
2.24988
1.71411
1.1976
0.738873
0.260882
-0.0700353
-0.463984
-0.847427
-1.21511
-1.60556
-2.02052
-2.65609
-3.48426
-4.54179
-5.92324
-7.42725
-9.08883
-10.9413
-12.6746
-14.2032
-15.4235
-16.1572
-16.2885
-15.772
-14.7354
-13.0826
-10.9465
-8.7159
-6.31368
-3.85369
-1.68085
0.0910459
1.56704
2.85919
3.72938
4.24064
4.72914
5.05305
5.50653
5.91974
6.48352
7.04205
7.70739
8.20639
8.60034
8.75267
8.69138
8.20289
7.38347
6.29618
4.98476
3.49126
1.96274
0.351928
-1.15208
-2.60181
-3.85544
-5.06355
-6.14385
-7.17162
-8.31845
-9.45477
-10.6314
-11.864
-13.0563
-13.9966
-14.7389
-15.2484
-15.3027
-14.7967
-13.7935
-12.3122
-10.3792
-8.1311
-5.7534
-3.25489
-1.06629
1.00151
2.62107
3.89747
4.77816
5.36471
5.74815
6.04055
6.31894
6.84245
7.58132
8.57057
9.84872
11.3545
13.0318
14.6654
16.0416
17.311
18.0131
18.2179
17.81
16.7997
15.3272
13.382
11.1881
8.68088
6.25065
3.93073
1.91021
0.281892
-0.941975
-1.75964
-2.16934
-2.2779
-2.15884
-1.84543
-1.45673
-1.16609
-0.940224
-0.945477
-0.894701
-1.04353
-1.31141
-1.47599
-1.61782
-1.67735
-1.59155
-1.35869
-1.0943
-0.660083
-0.231117
0.157579
0.428966
0.663585
0.880694
0.789648
0.651329
0.418461
-0.0962986
-0.660083
-1.36919
-2.38996
-3.62433
-4.89022
-6.53605
-8.37623
-10.3127
-12.2404
-14.1121
-15.8648
-17.3267
-18.4648
-19.1774
-19.3403
-19.0531
-18.3703
-17.1376
-15.5864
-13.9545
-12.0583
-10.0466
-8.27818
-6.69363
-5.23864
-4.12683
-3.39846
-2.85569
-2.59831
-2.60181
-2.71912
-2.88896
-3.14984
-3.472
-3.70837
-3.957
-4.28091
-4.52778
-4.76415
-4.97951
-5.01978
-4.80793
-4.52778
-3.76265
-2.53528
-1.02076
0.744125
2.86269
5.19487
7.3397
9.39524
11.1129
12.3682
12.9443
13.1001
12.5486
11.5156
10.0553
8.2204
6.06856
3.87646
1.6896
-0.635571
-2.87145
-4.79917
-6.68662
-8.40424
-9.83821
-11.0533
-11.9971
-12.5661
-12.841
-12.8795
-12.6361
-11.9918
-11.1899
-10.3092
-9.24116
-8.13986
-7.2329
-6.26991
-5.41898
-4.88847
-4.47351
-4.18461
-4.0673
-4.16885
-4.20037
-4.30367
-4.50152
-4.59432
-4.52778
-4.4525
-4.25815
-3.92548
-3.48601
-2.93273
-2.25164
-1.65458
-1.04002
-0.390447
0.215359
0.665336
1.13457
1.57579
2.06604
2.63333
3.18836
3.74689
4.29492
4.83069
5.22464
5.17736
4.83069
4.03228
2.71387
0.737122
-1.53903
-4.17235
-7.05431
-9.81545
-12.3542
-14.5621
-16.2202
-17.2094
-17.6734
-17.5263
-16.8137
-15.7334
-14.352
-12.6834
-11.1496
-9.53181
-7.93675
-6.30318
-4.87446
-3.43173
-1.8927
-0.523514
0.756382
2.01527
3.18836
4.19862
5.06531
5.82694
6.45901
6.90723
7.44125
