500
2058
-6.45298
-6.89436
-6.68029
-5.78649
-4.83753
-3.56415
-1.6309
0.196414
1.76331
3.47808
4.83311
5.4687
5.80856
5.75118
4.79339
3.49794
2.05242
0.134621
-2.10097
-4.08277
-6.17712
-8.48333
-10.5843
-12.5175
-14.8635
-17.205
-19.3457
-21.7821
-24.4282
-26.6285
-28.6654
-30.5391
-31.6183
-31.7308
-31.2983
-29.7843
-26.9242
-23.3623
-19.2751
-14.2146
-8.97547
-3.97904
0.973243
5.71367
9.41464
12.469
15.082
16.8475
17.8296
18.7189
19.1559
19.0963
19.0919
19.1978
18.805
18.4232
18.1584
17.5272
16.5319
15.6249
14.4
12.7073
11.0279
9.37933
7.36664
5.60332
4.33215
3.19559
2.39669
2.54676
3.24414
4.3476
6.30512
8.97547
11.712
14.8414
18.2753
21.3738
24.0089
26.5689
28.3874
29.3871
29.9852
30.1794
29.5085
28.6059
27.6812
26.271
24.6268
23.2718
21.749
19.8886
18.2246
16.6489
14.6781
12.842
11.2817
9.6265
7.88084
6.55229
5.32967
3.94373
2.86897
1.97959
0.829795
-0.0463449
-0.567174
-1.10566
-1.43449
-1.0549
-0.366346
0.540691
2.2069
4.45353
6.89657
9.77436
13.2215
16.6091
19.9592
23.5631
26.9242
29.7777
32.4282
34.7168
36.0983
36.981
37.4246
37.0296
35.7319
34.0812
31.6536
28.3653
24.8232
20.9236
16.3598
11.6745
7.25629
2.7498
-1.68166
-5.32525
-8.52305
-11.392
-13.3562
-14.6075
-15.5895
-15.9228
-15.5278
-15.0312
-14.3647
-13.045
-11.5862
-10.1032
-8.15009
-5.8196
-3.53987
-0.913657
2.11642
5.12884
8.02871
11.2221
14.1308
16.693
19.1559
21.4533
23.0864
24.448
25.7325
26.5115
26.7741
27.0169
26.7984
26.0083
25.1013
24.1126
22.6097
21.1178
19.8621
18.4982
17.0373
16.1722
15.296
14.3118
13.5592
12.9545
11.7517
10.5512
9.4323
7.84774
5.93656
4.16442
2.10759
-0.253794
-2.50263
-4.80442
-7.48139
-10.2908
-12.9854
-15.9625
-18.9904
-21.5725
-24.0309
-26.3813
-27.9438
-28.7802
-29.2922
-29.1289
-28.1645
-27.0081
-25.7589
-23.9316
-22.2257
-20.8022
-19.2089
-17.5184
-16.1104
-14.4839
-12.394
-10.3283
-8.22291
-5.49077
-2.80276
-0.47007
2.05683
4.42263
6.07118
7.50126
8.80333
9.57133
9.99285
10.6704
11.0985
11.3346
11.7871
12.3542
12.6897
13.0384
13.4842
13.4974
13.2039
13.12
12.6345
11.7451
10.9992
10.1981
8.90485
7.80802
6.87891
5.67615
4.25711
2.99697
1.55366
-0.258207
-1.88469
-3.49794
-5.36718
-7.00691
-8.16333
-9.28443
-10.1782
-10.3084
-10.4055
-10.4585
-10.0944
-9.71036
-9.79202
-9.89354
-9.96416
-10.4982
-11.306
-11.8312
-12.544
-13.2701
-13.7578
-13.9101
-14.2036
-14.1992
-13.8284
-13.5283
-13.2546
-12.5352
-11.8334
-11.2044
-10.0701
-8.80774
-7.74843
-6.55008
-5.21049
-4.20194
-3.65904
-3.11614
-3.25297
-3.97242
-4.87504
-5.91891
-7.47477
-8.93133
-10.0304
-11.1493
-12.0519
-12.3542
-12.5749
-12.7824
-12.608
-12.2836
-12.2064
-12.0166
-11.5377
-11.1735
-10.7079
-9.79423
-8.65547
-7.47036
-5.70263
-3.73408
-1.86483
0.128
2.32166
4.21739
5.7578
7.37988
8.5716
9.28002
9.8803
10.2444
10.0988
9.92664
9.84278
9.39036
8.8894
8.69298
8.3774
7.85436
7.52774
7.14374
6.32056
5.51725
4.57049
3.13821
1.408
-0.0551725
-1.80525
-3.6458
-5.17518
-6.26098
-7.33133
-7.85877
-7.76608
-7.52553
-7.12388
-6.22567
-5.53049
-4.96994
-4.3498
-3.89297
-3.86208
-3.99449
-4.25049
-4.87725
-5.86594
-6.65822
-7.81022
-9.36388
-10.8734
-12.469
-14.3912
-16.1016
-17.4588
-18.6814
-19.5355
-19.5465
-19.2155
-18.4916
-17.1167
-15.4814
-13.8858
-12.0188
-10.101
-8.65547
-7.31146
-5.71146
-4.28359
-3.03008
-1.4389
0.34207
1.88469
3.57959
5.31422
6.60967
7.49022
8.28029
8.47009
8.1214
7.68664
7.15698
6.39339
5.87036
5.72691
5.59229
5.5658
6.05794
6.41767
6.54346
6.72222
6.7465
6.19036
5.70043
5.32525
4.72718
4.32773
4.46456
4.67642
5.09132
5.90125
6.79726
7.3225
7.94926
8.34209
8.12802
7.45712
6.78622
5.74677
4.42484
3.31035
2.45628
1.56469
1.20717
1.36166
1.61987
2.10759
3.17573
4.05849
4.81546
5.67174
6.3625
6.47063
6.36912
6.14401
5.34732
4.19973
3.13159
1.68828
-0.0397242
-1.58897
-3.1978
-5.14208
-6.79063
-8.24278
-9.79864
-11.2861
-12.3322
-13.3495
-14.2455
-14.6207
-14.7708
-14.8547
-14.4309
-13.5415
-12.6191
-11.5068
-9.9443
-8.37298
-6.97822
-5.30098
-3.67449
-2.58207
-1.51173
-0.560553
-0.229518
-0.158897
-0.0706208
-0.366346
-0.982071
-1.4389
-1.77656
-2.29297
-2.304
-1.75669
-1.07697
0.0529656
1.95531
4.19311
6.67588
9.61326
12.7691
15.6138
18.5711
21.5482
24.0927
26.3239
28.5485
30.3294
31.6999
33.0792
34.1628
34.6417
34.9772
34.8602
33.8693
32.0619
29.7777
26.2577
21.6674
16.5672
10.8182
4.27697
-2.13407
-8.21188
-14.08
-19.2177
-23.0687
-26.0481
-28.0078
-28.778
-28.6809
-28.2483
-27.1802
-25.706
-24.4194
-23.3314
-22.0778
-21.1509
-20.6478
-19.9835
-19.3038
-18.8889
-18.1363
-17.1211
-15.978
-14.5324
-12.341
-10.0348
-7.56305
-4.46677
-1.18511
2.03256
5.54153
9.19395
12.4094
15.5013
18.6196
21.1774
23.2232
25.1432
26.6108
27.3325
27.7452
27.7761
27.0897
25.9598
24.682
22.8878
20.6676
18.4916
16.2913
13.7578
11.4626
9.46319
7.39312
5.45105
4.09822
2.73214
1.4698
0.739312
0.258207
-0.0308966
0.233932
1.11007
2.24
3.94373
6.4596
9.0836
11.8908
14.8635
17.5471
19.4362
20.9016
21.5416
20.9678
19.4737
17.472
14.6869
11.4869
8.47229
5.75339
3.2618
1.6949
0.898209
0.576001
0.798898
1.81628
2.80939
3.60828
4.43366
4.87946
4.61022
3.98566
2.92414
1.08359
-1.15421
-3.46263
-6.23008
-9.2094
-11.9967
-14.6649
-17.45
-19.776
-21.7556
-23.5366
-24.9689
-25.8936
-26.7521
-27.4914
-27.8533
-28.1954
-28.6765
-28.7449
-28.4536
-28.2064
-27.4274
-25.8472
-23.9581
-21.6365
-18.6395
-15.4152
-12.3498
-9.26898
-6.33381
-4.13794
-2.6218
-1.33959
-0.851864
-0.933519
-1.03945
-1.29324
-1.77656
-1.86262
-1.64856
-1.44331
-0.971036
-0.0066207
0.920278
1.87587
3.17132
4.60801
6.02043
7.83671
10.037
12.3454
15.0665
18.3548
21.568
24.8078
28.1137
30.9496
32.9115
34.346
34.8403
33.887
31.8677
29.0053
24.9203
19.9261
14.5964
9.0174
3.07421
-2.37683
-7.15698
-11.5774
-15.146
-17.5603
-19.381
-20.4381
-20.5198
-20.0762
-19.4009
-18.1165
-16.5187
-15.0687
-13.5504
-11.7341
-10.2842
-9.05712
-7.7065
-6.62291
-5.94981
-5.23918
-4.6036
-4.2218
-3.74511
-2.87339
-1.93766
-0.684139
1.216
3.57518
6.21463
9.62209
13.4952
17.4544
21.6497
26.2268
30.4751
34.3901
38.2279
41.5471
44.0895
46.4023
48.1193
48.9535
49.2536
49.2536
48.4194
46.9915
45.2944
42.9772
39.9493
36.7912
33.3286
29.2481
25.0792
21.0428
16.6952
12.3697
8.33326
4.57049
0.734898
-2.64607
-5.6276
-8.47671
-10.9065
-12.6235
-14.1396
-15.2872
-15.7374
-15.7639
-15.6999
-14.9738
-13.9829
-13.1752
-12.2262
-11.1051
-10.4629
-10.1142
-9.8163
-9.91561
-10.5843
-11.1735
-11.9018
-12.9633
-14.0138
-14.6693
-15.4836
-16.1589
-16.3509
-16.426
-16.5694
-16.2097
-15.7374
-15.3689
-14.9253
-14.1506
-13.5106
-13.0693
-12.266
-11.573
-11.0831
-10.3173
-9.44112
-8.73491
-7.88305
-6.5236
-5.3407
-4.16663
-2.55559
-1.01517
0.273656
1.792
3.11614
3.88415
4.49987
5.03394
4.80001
4.07835
3.37877
2.25545
0.538484
-1.09242
-2.77849
-4.78898
-6.7487
-8.26926
-9.92664
-11.4251
-12.3697
-13.0075
-13.4135
-13.0318
-11.9217
-10.5313
-8.42374
-5.36277
-2.01711
1.69931
5.9476
10.1363
13.9145
17.5736
20.8045
22.9981
24.4436
25.3727
25.1278
24.0464
22.5634
20.4227
17.6067
14.8591
12.01
8.80554
5.7556
3.07642
0.123586
-2.83587
-5.49077
-8.33767
-11.5355
-14.5898
-17.6309
-20.9854
-24.1258
-26.7123
-29.1377
-31.1173
-32.1281
-32.5032
-32.4172
-31.3248
-29.6012
-27.6326
-25.3065
-22.4376
-19.6657
-16.8541
-13.7711
-10.7653
-7.98015
-4.83311
-1.54042
1.44552
4.67422
8.15891
11.3037
14.3051
17.4235
20.2196
22.453
24.6886
26.6682
28.0585
29.2304
30.3846
31.0952
31.5234
31.9449
31.9184
31.2585
30.5501
29.2503
27.0875
24.3973
21.3937
17.5382
13.2083
8.83643
4.3167
-0.297932
-4.29904
-7.69105
-10.6902
-12.917
-14.0778
-14.8149
-14.9253
-14.2411
-13.4842
-12.7382
-11.6414
-10.7189
-10.2312
-10.0061
-9.72581
-10.0745
-10.7851
-11.4229
-12.4138
-13.7953
-14.8679
-15.8235
-16.8497
-17.5449
-17.6
-17.4147
-16.7504
-15.2806
-13.6541
-11.9062
-9.61988
-7.30264
-5.41794
-3.65463
-1.96635
-0.898209
-0.22069
0.564967
1.0218
1.10124
1.472
1.96194
2.21794
2.58207
3.18014
3.33683
3.38097
3.42732
3.11835
2.368
1.80083
1.1829
0.311173
-0.240552
-0.218483
-0.214069
0.0551725
1.00855
1.984
2.9109
4.20194
5.57243
6.58981
7.61381
8.86954
9.73905
10.5733
11.7054
12.6257
13.3054
14.2676
15.1967
15.7661
16.3487
17.1256
17.4919
17.7369
18.3129
18.7454
18.7984
19.1912
19.4958
19.4891
19.6194
19.9879
20.0982
20.2571
20.8287
21.376
21.9278
22.8679
23.8058
24.3421
24.6952
24.8607
24.0376
22.4839
20.405
17.3749
13.4466
9.38595
5.07367
0.503173
-3.73849
-7.1967
-10.3768
-12.8111
-14.1838
-14.9363
-15.3953
-15.0511
-14.2897
-13.6276
-12.7493
-11.5642
-10.8271
-10.1562
-9.24029
-8.74154
-8.51643
-7.98457
-7.51229
-7.27174
-6.73326
-5.69601
-4.6676
-3.34787
-1.41021
0.712829
2.90428
5.44884
8.11698
10.4077
12.6566
14.9076
16.5385
17.9399
19.3832
20.5242
21.2613
22.2058
23.0709
23.4969
23.8676
24.2803
24.0486
23.2519
22.3316
20.8022
18.5093
16.1942
13.5592
10.5446
7.72636
5.35174
2.96166
1.14759
0.0971036
-0.622346
-1.09462
-0.856278
-0.308966
0.0926898
0.573794
1.25352
1.37711
1.24911
1.14538
0.659863
-0.256001
-0.862898
-1.44773
-2.15394
-2.51807
-2.21131
-1.87807
-1.24249
-0.0353104
1.08359
1.89793
2.82483
3.2927
3.03449
2.31945
1.38373
-0.324414
-2.304
-4.17325
-6.13739
-8.0905
-9.42567
-10.3768
-11.1294
-11.3832
-11.2155
-11.114
-10.9639
-10.5843
-10.4717
-10.7829
-10.9131
-11.1404
-11.6877
-12.0982
-12.1821
-12.4204
-12.4381
-12.0144
-11.6657
-11.434
-10.8844
-10.4254
-10.4188
-10.3746
-10.1297
-10.2488
-10.2422
-9.79864
-9.14981
-8.34871
-6.85243
-4.9876
-3.13159
-0.995312
1.25793
3.01242
4.32553
5.23036
5.35836
4.6367
3.46042
1.87145
-0.264828
-2.34814
-4.04525
-5.70925
-6.85905
-7.00029
-6.6825
-5.87036
-4.15339
-1.89131
0.485518
3.27504
6.39339
9.22043
12.0055
14.9187
17.4102
19.3965
21.2988
22.8635
23.6094
24.1435
24.5562
24.3245
23.7595
23.3954
22.7774
21.9874
21.7093
21.6409
21.6166
21.9256
22.7112
23.4726
24.3598
25.4632
26.3283
26.7587
27.2155
27.3567
26.783
26.0282
25.2293
23.7352
22.0403
20.3763
18.2908
15.8014
13.4422
10.8425
7.83229
4.94567
2.34152
-0.43476
-2.92414
-4.61463
-5.88801
-6.96719
-7.02677
-6.62953
-6.17712
-5.36718
-4.25711
-3.57297
-3.07201
-2.53132
-2.45187
-2.85573
-3.08966
-3.42511
-4.01877
-4.26153
-4.21077
-4.31449
-4.18208
-3.57959
-3.1338
-2.93297
-2.42097
-1.94869
-1.90014
-1.74566
-1.41904
-1.38373
-1.26455
-0.763588
-0.436966
-0.227311
0.439173
1.09021
1.37269
1.77656
2.27311
2.23118
1.84718
1.57573
0.712829
-0.695174
-2.06125
-3.66125
-5.69822
-7.58512
-9.12112
-10.6527
-11.7694
-12.0872
-12.1424
-11.8621
-10.7962
-9.64195
-8.60912
-7.39312
-6.18153
-5.64525
-5.33629
-5.01187
-4.97877
-5.27008
-5.06263
-4.61684
-3.97463
-2.63945
-0.531863
1.68607
4.28801
7.50126
10.4806
13.0472
15.5322
17.3418
18.1672
18.3769
18.0414
16.5827
14.5148
12.2726
9.51836
6.31174
3.41408
0.622346
-2.16497
-4.44911
-6.02705
-7.41739
-8.16774
-8.16112
-7.81905
-7.25188
-5.99615
-4.57049
-3.30594
-1.90897
-0.397242
0.582622
1.32414
2.12525
2.51145
2.40994
2.432
2.31725
1.7898
1.47862
1.42345
1.03504
0.770208
0.889381
0.948967
0.920278
1.38152
1.88249
2.21794
2.9418
4.11366
5.19725
6.58539
8.53188
10.4055
12.2417
14.3316
16.1788
17.397
18.2687
18.7145
18.0789
16.6798
14.8524
12.1711
8.71064
5.25022
1.59559
-2.38787
-6.02705
-9.04829
-12.0828
-14.6273
-16.2318
-17.4897
-18.5093
-18.6748
-18.5711
-18.3879
-17.781
-16.8166
-16.1964
-15.5476
-14.6891
-14.1484
-13.9918
-13.6188
-13.5151
-13.8593
-14.08
-14.1727
-14.5457
-14.72
-14.4971
-14.3493
-14.2786
-13.6541
-12.9391
-12.3962
-11.4715
-10.2356
-9.22926
-7.95146
-6.08222
-4.19753
-2.18263
0.461242
3.40966
6.1727
9.35726
12.8508
15.8787
18.8513
21.8461
24.2914
26.1827
28.0365
29.2657
29.6872
29.9057
29.9123
29.0494
27.7672
26.4034
24.4679
22.0469
19.648
16.9402
13.6982
10.5446
7.59836
4.33215
1.17628
-1.42124
-4.05408
-6.5876
-8.36636
-9.81188
-11.2089
-11.8775
-12.0011
-12.1689
-11.9746
-11.3104
-10.73
-10.3857
-9.74568
-9.33519
-9.35064
-9.29988
-9.12995
-9.29105
-9.33078
-8.81436
-8.26043
-7.48581
-5.96525
-4.2218
-2.53573
-0.366346
2.14511
4.25491
6.26319
8.43257
10.1562
11.4141
12.736
13.7181
14.1242
14.4177
14.7112
14.3824
13.93
13.5967
12.6897
11.37
10.2643
8.9556
7.12608
5.39808
3.78925
1.81849
-0.101517
-1.73021
-3.59504
-5.60774
-7.19891
-8.84747
-10.7917
-12.469
-13.7666
-15.2916
-16.5606
-17.2204
-17.7965
-18.1429
-17.7898
-17.2006
-16.6864
-15.7771
-14.5236
-13.6784
-12.8618
-11.8797
-11.2883
-11.1603
-10.8668
-10.7962
-11.1493
-11.2022
-11.0191
-11.0102
-10.6152
-9.48305
-8.13905
-6.68029
-4.4116
-1.86042
0.593656
3.24856
6.02705
8.16774
9.97519
11.6149
12.4006
12.3167
11.9283
10.7079
8.43698
5.81739
2.92856
-0.697381
-4.30346
-7.5167
-10.6373
-13.3959
-15.0047
-15.8389
-16.2649
-15.8147
-14.698
-13.8174
-13.034
-12.3432
-12.5529
-13.8306
-15.5079
-17.9267
-21.1046
-24.1104
-26.7234
-29.1973
-30.9076
-31.4086
-31.3314
-30.7311
-29.2436
-27.6525
-26.3835
-25.0792
-23.8941
-23.53
-23.466
-23.2519
-23.3623
-23.5101
-23.0025
-22.208
-21.3716
-19.8754
-17.8516
-15.9735
-13.8549
-11.4671
-9.53823
-8.1214
-6.59643
-5.51946
-5.26346
-5.1796
-5.34291
-6.28084
-7.53877
-8.81216
-10.6395
-13.0406
-15.3004
-17.8185
-20.7427
-23.4947
-25.9046
-28.447
-30.5678
-31.8941
-32.8872
-33.397
-32.885
-31.9515
-30.8812
-29.1863
-27.061
-25.2469
-23.4616
-21.4114
-19.7716
-18.6086
-17.2204
-16.0729
-15.3335
-14.3824
-13.248
-12.4624
-11.4582
-10.0701
-8.81657
-7.71974
-6.13739
-4.65877
-3.60828
-2.46069
-1.38593
-0.944554
-0.834209
-0.803312
-1.472
-2.90207
-4.38291
-6.44636
-9.25574
-12.1071
-15.018
-18.4056
-21.6431
-24.4039
-27.1162
-29.5725
-31.1416
-32.2848
-33.2139
-33.3463
-32.7438
-32.0839
-31.0533
-29.2834
-27.5002
-25.6839
-23.2431
-20.7669
-18.4872
-15.7573
-12.7471
-10.0568
-7.24746
-4.04966
-1.03504
1.64414
4.62125
7.33795
9.54926
11.7231
13.7777
15.1283
16.2936
17.5162
18.1628
18.5336
19.2949
19.9107
20.3388
21.1973
22.3537
23.2453
24.3995
25.8693
26.9087
27.5112
28.1711
28.1336
27.1559
25.7479
23.9007
21.0362
17.7854
14.4486
10.6196
6.61629
3.21325
-0.022069
-3.24635
-5.66291
-7.31146
-8.90705
-10.026
-10.3128
-10.5446
-10.7917
-10.5291
-10.4453
-10.7322
-10.8999
-11.0389
-11.7959
-12.5462
-13.0053
-13.7644
-14.6163
-14.8282
-14.9518
-15.0444
-14.5038
-13.4224
-12.3586
-10.7322
-8.39064
-6.0447
-3.52883
-0.275863
3.05656
6.21463
9.69933
13.354
16.5628
19.6789
22.7863
25.3132
27.1162
28.8685
29.994
30.2412
30.3228
30.2412
29.482
28.7272
28.2572
27.6591
27.0257
27.0213
27.1316
26.997
27.2199
27.6988
27.6326
27.5465
27.6657
27.2883
26.5976
26.2202
25.6309
24.6378
23.872
23.3071
22.3669
21.5217
20.9038
19.9085
18.5247
17.3264
15.7771
13.5018
11.1713
8.67753
5.56801
2.40994
-0.37738
-3.20663
-5.9167
-7.63367
-8.86291
-9.72802
-9.61105
-8.6974
-7.62043
-6.15725
-4.16001
-2.46511
-1.09683
0.361932
1.42566
1.76331
2.03697
2.23338
1.76773
1.37931
1.29324
0.944554
0.430346
0.430346
0.335449
-0.0331035
-0.176552
-0.165518
-0.633381
-1.09021
-1.20055
-1.728
-2.55338
-2.88883
-3.46704
-4.46897
-5.28994
-6.08001
-7.3887
-8.69298
-9.64857
-10.9749
-12.3586
-13.1884
-13.9586
-14.8039
-15.0753
-14.9076
-14.9672
-14.7156
-14.0999
-13.7358
-13.674
-13.3473
-13.2635
-13.5835
-13.6497
-13.5084
-13.6364
-13.3231
-12.266
-11.1404
-9.81188
-7.71974
-5.61877
-3.87532
-1.94207
-0.0838622
0.915864
1.61987
2.25325
2.2069
1.72359
1.61987
1.33076
0.814346
0.723864
1.00193
0.995312
1.16966
1.62428
1.728
1.41904
1.32193
0.807726
-0.216276
-1.10124
-1.856
-2.98152
-3.8069
-3.98787
-4.14456
-4.14015
-3.40304
-2.69904
-2.21794
-1.46759
-0.776829
-0.737105
-0.820967
-0.825381
-1.36166
-2.11642
-2.34152
-2.43642
-2.56663
-2.01049
-0.739312
0.573794
2.4298
4.90815
7.24746
9.48085
11.9746
14.1153
15.605
17.0307
18.3239
18.8227
19.1515
19.6083
19.6856
19.5002
19.648
19.6127
19.0698
18.6196
18.0767
16.757
15.21
13.5415
11.2464
8.6665
6.37132
3.83339
1.05931
-1.28
-3.28608
-5.51725
-7.47036
-9.03947
-10.8933
-13.0295
-14.7509
-16.5959
-18.7256
-20.3918
-21.4886
-22.4839
-22.72
-21.8748
-20.5617
-18.741
-15.8301
-12.65
-9.53602
-6.04029
-2.43642
0.602484
3.35449
6.08663
8.22071
9.77436
11.4891
12.8089
13.4687
14.1926
14.9142
15.1129
15.3115
15.6911
15.7815
15.8147
16.3311
16.7084
16.7195
16.9931
17.2977
16.8364
16.2604
15.6337
14.2323
12.1997
10.1871
7.78815
4.81104
2.12083
-0.311173
-2.98373
-5.12222
-6.43753
-7.59174
-8.4105
-8.29353
-7.88967
-7.54319
-6.61629
-5.35174
-4.54842
-3.65242
-2.47614
-1.73904
-1.49407
-0.986485
-0.840829
-1.28
-1.62869
-1.97518
-2.83366
-3.60608
-3.96359
-4.51973
-5.04277
-4.7978
-4.55946
-4.57932
-4.23725
-3.90842
-4.30346
-4.95449
-5.84829
-7.65574
-10.2202
-12.9258
-16.2406
-20.1203
-23.6734
-26.8801
-30.2235
-32.863
-34.4365
-35.562
-36.0056
-35.1295
-33.8472
-32.1788
-29.6409
-26.613
-23.8367
-20.8398
-17.5824
-14.8326
-12.5043
-10.1451
-8.3465
-7.22319
-6.13518
-5.16415
-4.89932
-4.61684
-4.07615
-3.84884
-3.6789
-2.94621
-2.22235
-1.65518
-0.538484
0.979864
2.40552
4.2858
6.77298
9.26898
11.8775
15.0378
18.0613
20.6544
23.338
25.7545
27.167
28.1534
28.8619
28.5705
27.6436
26.5689
24.8872
22.4596
19.9548
17.2271
13.7998
10.2224
6.6516
2.63945
-1.64414
-5.48415
-9.31754
-13.2392
-16.4326
-18.8712
-21.1222
-22.5766
-23.0246
-23.1018
-22.6494
-21.3407
-19.8665
-18.5313
-16.8166
-15.082
-14.0116
-13.0649
-12.1026
-11.8091
-11.9702
-11.8334
-11.9129
-12.2064
-11.968
-11.2773
-10.5843
-9.29767
-7.26291
-5.19725
-2.98594
-0.211863
2.40111
4.44249
6.45298
8.18981
8.98209
9.31312
9.57574
9.00195
7.91395
7.12388
6.04029
4.51753
3.34566
2.42538
1.2469
0.361932
-0.103724
-0.699588
-1.31531
-1.51173
-1.84276
-2.54676
-2.99918
-3.44277
-4.55284
-5.61656
-6.47946
-7.73519
-9.09685
-9.90236
-10.6328
-11.2949
-11.2397
-10.5424
-9.77216
-8.46567
-6.46622
-4.45573
-2.51145
-0.103724
2.10538
3.76497
5.46429
7.05767
7.89188
8.61133
9.40802
9.66402
9.69712
10.0811
10.2091
9.99064
