500
2058
-9.19448
-9.7224
-10.0391
-10.1293
-10.4967
-10.8662
-10.8948
-10.831
-10.9168
-10.7188
-10.4021
-10.1623
-9.84778
-9.37925
-9.17249
-8.96792
-8.63798
-8.4642
-8.43781
-8.31023
-8.16725
-8.25304
-8.25964
-8.32783
-8.60058
-8.97672
-9.22968
-9.61022
-10.0523
-10.2195
-10.1491
-10.0831
-9.76859
-9.01631
-8.23104
-7.31379
-6.11059
-4.94478
-4.09353
-3.0157
-2.00387
-1.37697
-0.736878
0.0395935
0.499318
0.774272
1.38357
1.78391
2.03027
2.36901
2.59337
2.56258
2.52958
2.53618
2.25023
1.8345
1.38577
0.644494
-0.431129
-1.54635
-3.13008
-5.10756
-7.2566
-9.56622
-12.3466
-15.0675
-17.5861
-20.0035
-22.1657
-23.6197
-24.3896
-24.8471
-24.4028
-23.2942
-21.7808
-19.8539
-17.4981
-15.0169
-12.6523
-10.0743
-7.71633
-5.69926
-3.74378
-1.78391
-0.173771
1.55954
3.6228
5.63327
7.61075
10.0347
12.4653
14.6474
16.8668
18.8465
20.2785
21.2023
21.64
21.3013
20.3005
18.9301
16.99
14.5462
12.0562
9.50683
6.73529
3.98574
1.44516
-1.1834
-3.84717
-6.49993
-9.34626
-12.4389
-15.8242
-19.3986
-23.1732
-27.1347
-30.9137
-34.5959
-37.9085
-40.5591
-42.4486
-43.6738
-43.7926
-42.8665
-41.2982
-38.7862
-35.203
-31.2502
-26.9434
-22.0294
-17.0296
-12.065
-7.02564
-2.21943
2.24363
6.29976
10.0941
13.31
15.932
18.2768
20.2455
21.772
23.1798
24.5128
25.65
26.8158
28.0278
29.0308
29.7831
30.3198
30.4782
30.0031
29.0132
27.6164
25.595
23.1666
20.483
17.4805
14.1723
10.8552
7.35559
3.37204
-0.714882
-4.90079
-9.81918
-14.9663
-19.9331
-25.0935
-30.278
-34.9588
-39.2547
-43.0513
-46.1682
-48.5922
-50.5323
-51.9906
-52.8683
-53.2466
-53.4534
-53.2136
-52.5603
-51.6607
-50.3431
-48.6604
-46.7885
-44.4481
-41.7205
-38.9622
-36.2346
-33.2365
-30.2274
-27.5593
-24.8449
-22.2647
-20.0035
-17.9468
-16.0024
-14.4494
-13.266
-12.1222
-11.1698
-10.633
-9.90717
-9.06471
-8.36962
-7.45237
-6.0644
-4.42787
-2.60877
-0.228762
2.30302
4.8788
7.53156
10.2129
12.5181
14.2427
15.5536
15.9694
15.4766
14.2471
12.0386
8.94153
5.27253
1.201
-3.17408
-7.37098
-11.0158
-14.2119
-16.759
-18.1866
-18.8355
-18.8157
-17.9644
-16.5171
-14.8212
-13.0263
-10.8618
-8.89093
-7.04984
-5.11196
-3.23567
-1.47816
0.380537
2.34701
4.11992
6.0798
8.20025
10.1689
11.9748
13.9545
15.7714
17.3331
18.9895
20.7162
22.2361
23.8969
25.5752
27.2161
28.8944
30.5574
31.9783
33.0517
33.8612
34.1868
33.7226
32.7548
31.27
29.0748
26.2263
23.1996
19.6758
15.9386
12.2256
8.82714
5.34952
2.32722
-0.0747877
-1.99507
-3.33465
-3.83617
-3.6162
-2.76274
-1.04263
1.32858
4.21451
7.54036
11.4557
15.3909
19.2732
23.292
26.9434
30.0294
32.6866
34.8906
36.294
36.8923
36.9209
36.184
34.7037
32.8604
30.476
27.6846
24.8757
22.2141
19.5768
17.4387
15.8814
14.7618
14.2427
14.3746
14.9861
15.734
16.8074
17.8984
18.6089
19.0005
19.0093
18.3362
16.891
14.9949
12.4697
9.30667
5.72126
1.91148
-2.10945
-6.02701
-9.39905
-12.406
-14.9157
-16.4313
-17.2298
-17.4123
-16.6908
-15.2457
-13.563
-11.4865
-9.02731
-6.6517
-4.49166
-2.09405
0.387136
2.58897
4.92499
7.52056
10.1249
12.9647
16.1123
19.3656
22.4033
25.6896
28.6569
31.1271
33.2673
34.8972
35.5703
35.6649
35.0556
33.7182
31.6858
29.2552
26.4968
23.4811
20.4698
17.4981
14.3108
11.2907
8.506
5.72126
2.91452
0.266156
-2.45699
-5.38471
-8.12546
-10.6726
-13.2836
-15.5272
-17.3529
-19.0819
-20.7206
-21.8336
-22.7662
-23.7033
-24.4424
-25.0033
-25.5576
-25.8809
-25.705
-25.2232
-24.262
-22.4737
-19.9969
-17.0582
-13.4002
-9.32646
-5.04817
-0.701684
3.71739
7.8945
11.5789
14.9575
17.8017
20.0915
22.113
23.6087
24.548
25.0605
25.232
25.0275
24.3434
23.6549
22.6475
21.2529
19.8275
18.2218
16.2311
14.0469
11.5965
8.56759
4.94258
0.840261
-3.82517
-9.0955
-14.7508
-20.5864
-26.6112
-32.4293
-37.6754
-42.4024
-46.4739
-49.4434
-51.5397
-52.6527
-52.7165
-51.8938
-50.3519
-47.9697
-44.6592
-40.8209
-36.4832
-31.3558
-25.7863
-19.8231
-13.3782
-6.54172
0.336545
7.23901
14.0909
20.4764
26.1911
31.2964
35.4867
38.4915
40.5041
41.4588
41.3554
40.4953
39.2261
37.429
35.4274
33.6017
31.9871
30.2142
28.6481
27.0841
24.9835
22.4561
19.4294
15.4349
10.7738
5.4573
-0.30575
-6.30856
-11.8868
-16.8492
-21.2441
-24.273
-25.9205
-26.5958
-26.4308
-25.1617
-23.4525
-21.7478
-20.0277
-18.5495
-17.6917
-17.2716
-17.1418
-17.3067
-17.6917
-17.7885
-17.6521
-17.2869
-16.3389
-14.8498
-13.1736
-10.9322
-8.36742
-5.74765
-3.17188
-0.404733
2.17324
4.34208
6.45154
8.38502
9.74219
11.0158
12.1574
13.1384
13.8159
14.6122
15.2413
15.7516
16.3521
16.8096
16.913
16.8382
16.7106
15.9738
14.6584
13.134
11.073
8.40261
5.50129
2.29642
-1.37257
-5.04377
-8.54339
-12.0716
-15.3667
-17.9556
-20.2125
-22.1042
-23.3579
-24.174
-24.7107
-24.8999
-24.7129
-24.6205
-24.2708
-23.4283
-22.5199
-21.3057
-19.2138
-16.4313
-13.0724
-8.89753
-3.84497
1.76851
7.73832
13.9325
19.9331
25.4124
30.3154
34.3253
37.0507
38.7796
39.6089
39.3449
38.1879
36.646
34.5585
32.0971
29.7347
27.1875
24.3896
21.5982
18.8729
15.9078
12.6369
9.41225
6.14139
2.67916
-0.48612
-3.42703
-6.36575
-8.71716
-10.6264
-12.395
-13.7741
-14.6738
-15.5602
-16.3675
-16.7436
-17.078
-17.2979
-17.1528
-16.6645
-15.9606
-14.8476
-13.3078
-11.5459
-9.61681
-7.42598
-5.24613
-3.33465
-1.58814
0.0813866
1.223
2.09405
2.86173
3.17408
3.29286
3.32585
3.22027
2.78034
2.31182
1.8323
1.12841
0.233162
-0.521314
-1.59034
-2.68796
-3.6404
-4.52025
-5.4573
-6.00061
-6.18978
-6.28436
-5.95882
-5.09656
-4.18811
-3.0289
-1.68712
-0.417931
0.477321
1.10202
1.2296
0.582904
-0.930447
-3.07069
-6.0864
-9.93356
-14.0755
-18.6529
-23.5339
-28.118
-32.3193
-36.0477
-39.1249
-41.1794
-42.3782
-42.6598
-41.8679
-40.2358
-37.8514
-34.6707
-30.8521
-26.7234
-22.1152
-17.2935
-12.5643
-7.9011
-3.44243
0.576305
4.00994
7.14002
9.74879
11.5833
12.9955
14.1195
14.8783
15.2479
15.5778
15.7538
15.7604
15.8748
16.1563
16.2861
16.4401
16.847
17.1506
17.3991
17.7357
17.9886
17.927
17.7291
17.4761
16.9284
16.0574
15.0697
13.8951
12.4411
11.0048
9.46504
7.78012
6.15459
4.48286
2.75835
1.01843
-0.574105
-2.17104
-3.69759
-5.25713
-6.71769
-8.19365
-9.48044
-10.6308
-11.7725
-12.7513
-13.3144
-13.618
-13.4838
-12.7953
-11.5195
-9.76859
-7.2852
-4.13312
-0.736878
2.87273
6.82987
10.4219
13.6839
16.6425
18.9719
20.5688
21.6862
22.3285
22.5199
22.3527
22.2713
21.981
21.6686
21.4179
21.1495
20.6238
19.9441
19.1566
18.0216
16.5061
14.8607
13.2
11.4733
9.81698
8.61158
7.46337
6.82987
6.46913
6.27117
6.11939
6.038
5.71686
5.01077
3.94615
2.50759
0.347543
-2.09845
-4.8326
-7.98248
-11.1588
-14.269
-17.3617
-20.3049
-22.6959
-24.6975
-26.2065
-27.0203
-27.0489
-26.4638
-25.1661
-23.0038
-20.1531
-16.8602
-12.9427
-8.75456
-4.49606
-0.292552
3.98354
7.81971
11.172
14.3284
17.023
19.0269
20.8482
22.3615
23.4217
24.3126
25.1397
25.6434
25.9425
26.1999
26.1009
25.65
25.1221
24.2246
22.7948
21.1363
19.1808
16.8624
14.2932
11.8472
9.17029
6.53292
3.99894
1.72891
-0.369539
-2.23483
-3.6668
-4.91839
-5.95002
-6.51313
-6.98165
-7.19061
-7.09383
-6.6913
-6.29096
-5.4771
-4.2717
-3.0465
-1.67832
0.0879855
1.76851
3.34345
5.01517
6.43614
7.49196
8.16725
8.57639
8.66657
8.45761
8.22664
7.79112
7.32479
7.14882
7.09383
7.18402
7.42378
7.8791
8.21125
8.473
8.63798
8.59838
8.28383
7.73832
7.20161
6.39435
5.69486
5.13175
4.41907
3.73278
3.18288
2.34041
1.06902
-0.497118
-2.60877
-5.40451
-8.53679
-12.0364
-15.712
-19.2556
-22.1481
-24.4028
-25.6786
-25.7732
-24.4468
-22.0492
-18.5253
-14.0601
-9.1197
-3.81857
1.65413
6.74629
11.2489
15.1335
18.2328
20.3268
21.7566
22.5155
22.5419
22.0778
21.4927
20.7294
19.8033
18.9807
18.2702
17.3771
16.5765
15.635
14.3658
12.7843
11.062
9.02951
6.6979
4.46306
2.30082
0.318947
-1.35498
-2.435
-3.27526
-3.74598
-3.6558
-3.46883
-3.26866
-2.94751
-2.77594
-2.84853
-2.96071
-3.11029
-3.46003
-3.88456
-4.13532
-4.54225
-4.97338
-5.27033
-5.78285
-6.63631
-7.272
-8.12546
-9.1241
-10.1227
-10.6858
-11.073
-11.0576
-10.2525
-8.85134
-6.92226
-4.41467
-1.37037
1.78831
4.88539
8.02428
10.6594
12.6611
14.2273
15.1291
15.3425
15.2743
14.8432
14.1261
13.431
12.9075
12.3664
11.9132
11.7131
11.6207
11.2731
11.0532
10.864
10.3845
9.89837
9.46944
8.87994
8.33882
8.01548
7.47877
6.87607
6.25137
5.35392
3.85376
1.98407
-0.189169
-3.0421
-6.35915
-9.6784
-13.0065
-16.3411
-19.1346
-21.3321
-23.0258
-23.8507
-23.7693
-23.2722
-22.2559
-20.813
-19.3216
-17.8545
-16.4225
-15.0675
-13.9545
-12.9559
-11.8231
-10.8266
-9.78179
-8.31683
-6.76608
-5.19334
-3.31705
-1.32638
0.373938
1.95548
3.40944
4.47186
5.10976
5.55848
5.69266
5.4639
5.23074
5.10096
4.89199
4.81941
5.10756
5.4837
5.86203
6.47793
6.87167
7.00584
7.03004
6.6429
5.67946
4.53345
3.26646
1.8015
0.160574
-1.29779
-2.63956
-4.06273
-5.16035
-6.15239
-7.43697
-8.72156
-10.0721
-11.9198
-14.0865
-16.3345
-18.7563
-21.4905
-23.965
-26.2549
-28.3951
-30.3
-31.534
-32.5326
-33.1419
-33.2497
-33.1287
-32.9264
-32.3193
-31.5582
-30.7773
-29.8601
-28.6591
-27.5395
-26.2901
-24.7723
-23.1908
-21.6884
-19.9727
-18.0524
-16.1805
-14.2471
-12.0716
-9.92036
-7.76692
-5.4529
-3.24447
-1.2274
0.855659
2.72755
4.20131
5.51009
6.79248
7.76912
8.38062
9.04051
9.53323
9.75539
9.98195
10.0325
9.6806
9.20988
8.4796
7.3028
5.79604
4.19691
2.01487
-0.327746
-2.67476
-5.02177
-7.47437
-9.67181
-11.4821
-13.0724
-14.3658
-15.1049
-15.3953
-15.4986
-15.1467
-14.2866
-13.2484
-11.9484
-10.1007
-8.09027
-5.87083
-3.28626
-0.556508
2.32502
5.27253
8.24204
10.985
13.5102
15.9276
17.8962
19.5196
20.9537
22.0536
22.8454
23.6637
24.3038
24.7305
25.1331
25.5532
25.551
25.3354
24.6843
23.5911
21.8402
19.7813
17.2913
14.401
11.3171
8.40921
5.58268
3.0201
1.10642
-0.380537
-1.53535
-1.95328
-2.00827
-2.09405
-1.91808
-1.52435
-1.28679
-1.04703
-0.739078
-0.281554
0.296951
1.2076
2.52518
4.2563
6.27776
8.74796
11.2973
13.9017
16.5545
18.8333
20.5952
22.0646
23.094
23.5537
23.6065
23.5339
23.2942
22.9686
22.7772
22.6035
22.4583
22.5375
22.7223
22.6915
22.6387
22.7069
22.4209
21.9348
21.4201
20.6744
19.7659
18.9895
18.1558
17.0824
16.1827
15.4964
14.7574
14.0799
13.6619
13.2814
12.7293
12.186
11.7131
10.9234
9.99515
9.02951
7.84171
6.73749
5.81144
5.06137
4.36628
4.15511
4.21011
4.33768
4.51805
4.79081
4.68523
4.33549
3.78778
2.79354
1.39677
0.0461924
-1.17241
-2.39541
-3.21147
-3.40504
-3.21807
-2.59337
-1.50895
-0.178171
1.06682
2.52298
3.91535
4.8656
5.63547
6.39874
6.83207
7.11363
7.50956
7.73392
7.61514
7.67893
7.59975
7.17082
6.6429
5.90603
4.99318
3.94615
3.0377
1.89829
0.897452
0.0461924
-0.611499
-1.41217
-2.02587
-2.64396
-3.46883
-4.43447
-5.36711
-6.50653
-7.94069
-9.23188
-10.4109
-11.4953
-12.2828
-12.5225
-12.4499
-12.1068
-11.172
-9.94676
-8.71496
-7.10263
-5.34292
-3.95055
-2.56918
-1.14161
-0.0197967
1.02063
2.10725
3.13228
3.85816
4.76002
5.73006
6.6891
7.72073
8.85574
9.93356
11.2094
12.4851
13.8027
14.9025
16.0508
17.0472
17.7863
18.1184
18.2768
17.9446
17.144
16.1717
14.6672
12.7843
10.754
8.55659
5.93682
3.19167
0.613699
-2.20844
-5.17575
-7.81311
-10.3471
-12.8437
-14.7332
-16.1409
-17.1792
-17.5729
-17.1396
-16.1453
-14.7486
-12.5467
-10.1689
-7.78452
-5.31872
-2.96731
-1.00303
0.736878
2.15784
3.14548
3.83617
4.56425
5.12296
5.53429
6.10179
6.92226
7.71413
8.54119
9.55522
10.4637
11.3633
12.3752
13.068
13.6048
14.1965
14.643
14.7772
14.9245
15.2413
15.3073
15.2259
15.2677
15.2567
14.8849
14.4978
13.8027
12.5005
10.8552
8.97452
6.41414
3.43803
0.158374
-3.33905
-7.21261
-10.8596
-14.4164
-17.8325
-20.7624
-23.1776
-25.3552
-26.9698
-27.887
-28.4523
-28.7009
-28.4721
-27.6208
-26.4748
-24.9219
-22.5441
-19.8473
-16.4313
-12.4543
-8.04187
-3.44463
1.44076
6.33056
10.6924
14.643
18.3604
21.1319
23.2238
24.9329
25.9887
26.5738
27.1281
27.5131
27.5043
27.3943
27.4207
27.0621
26.3846
25.5488
24.2268
22.3131
20.2389
17.7071
14.7046
11.4623
8.06387
4.2409
0.206766
-3.77018
-7.8835
-12.2366
-16.4929
-20.34
-24.1058
-27.3877
-30.0119
-31.9651
-33.2805
-33.6127
-33.2629
-32.471
-30.9841
-29.0396
-27.2711
-25.2078
-23.1204
-21.4839
-20.0981
-18.6947
-17.5971
-16.7414
-15.6306
-14.4384
-13.2242
-11.6779
-9.73999
-7.70313
-5.4815
-2.91012
-0.481721
1.59254
3.60741
5.32092
6.44714
7.13782
7.56455
7.57995
7.31379
7.12023
6.92006
6.61871
6.6715
6.95745
7.36219
7.8901
8.64677
9.19448
9.65641
9.96876
9.99075
9.46064
8.79415
7.58435
5.85763
3.87576
1.75091
-0.875456
-3.67559
-6.51753
-9.44084
-12.5951
-15.5074
-18.3252
-21.1957
-23.6967
-25.8061
-27.7132
-29.1958
-29.8623
-29.9811
-29.6511
-28.4809
-26.5254
-24.0398
-21.0747
-17.2979
-13.31
-9.13729
-4.57964
-0.164973
3.93295
7.8637
11.3523
14.1195
16.3917
18.1382
19.2072
19.8671
20.3356
20.5028
20.5512
20.8702
21.3761
21.7984
22.4825
23.3601
24.0838
24.5392
25.0495
24.9879
24.4292
23.6703
22.4979
21.0153
19.3722
17.7379
15.9628
14.1481
12.5731
10.853
8.98112
7.06743
4.97998
2.4306
-0.292552
-3.07069
-6.26457
-9.54203
-12.6721
-15.8616
-19.0137
-21.7456
-24.2312
-26.6222
-28.5777
-30.0009
-31.2436
-31.8749
-31.7188
-30.9709
-29.7457
-27.3921
-24.3104
-20.6854
-16.3785
-11.4623
-6.55932
-1.54415
3.55901
8.14526
12.1772
15.7252
18.6991
20.9229
22.5023
23.7165
24.1586
24.1322
23.7319
22.8234
21.3827
19.612
17.4563
14.8937
12.1728
9.35506
6.37455
3.50182
1.03163
-1.45176
-3.73718
-5.52769
-7.13122
-8.79415
-10.2569
-11.5745
-13.1758
-14.8717
-16.2927
-17.8523
-19.4646
-20.681
-21.5982
-22.2933
-22.4561
-21.9656
-21.2177
-20.0497
-18.345
-16.3741
-14.4538
-12.2784
-10.0193
-8.03528
-6.09519
-4.16171
-2.4218
-0.805067
0.985438
2.74295
4.31349
6.12819
7.97588
9.79498
11.7439
13.6597
15.2435
16.6513
18.0194
18.9785
19.4426
19.7791
19.7153
19.0599
18.2614
17.3925
16.1409
14.7244
13.5058
12.2432
10.7782
9.49143
8.26844
6.84747
5.36492
3.90436
2.05006
-0.0747877
-2.05666
-4.41247
-6.86067
-9.1263
-11.0818
-12.8877
-14.2009
-14.8388
-15.0081
-14.5704
-13.4244
-11.8736
-10.0655
-7.82631
-5.4749
-3.12129
-0.717082
1.99067
4.48286
7.00584
9.88297
12.6457
15.4327
18.4
21.2793
23.6373
25.7402
27.5879
28.6173
28.9362
28.9054
28.2257
26.9654
25.4674
23.7495
21.7588
19.8363
18.114
16.1277
14.3372
12.7337
10.9498
8.93053
7.18182
5.35172
3.38964
1.43416
-0.153975
-1.74431
-3.12788
-4.04953
-4.94258
-5.67506
-6.0556
-6.32836
-6.80568
-7.10703
-7.21261
-7.44577
-7.65034
-7.54696
-7.3028
-7.01904
-6.18978
-5.29893
-4.48066
-3.38084
-2.12925
-1.09102
-0.0505917
0.890853
1.77731
2.37561
3.25106
4.12872
4.8634
5.76525
6.83647
7.72293
8.60058
9.57502
10.1425
10.2283
10.1909
9.77079
8.75456
7.62394
6.46693
5.01957
3.80537
2.92332
2.23703
1.73111
1.86749
2.28762
2.55378
2.98711
3.47983
3.625
3.50182
3.19827
2.50319
1.56394
0.734679
-0.175971
-1.26039
-2.07426
-2.57358
-3.0069
-3.33465
-3.30825
-3.30386
-3.43583
-3.46223
-3.51062
-3.77458
-4.07813
-4.2717
-4.58844
-4.95798
-5.00417
-4.96678
-4.8788
-4.31789
-3.54142
-2.77154
-1.58154
-0.0747877
1.43416
3.0223
4.93819
6.6649
8.11886
9.77079
11.0664
11.8934
12.4939
12.8239
12.5841
11.9792
11.216
10.0853
8.52799
7.15102
5.73885
3.84497
2.11825
0.536711
-1.27139
-3.21367
-5.05477
-6.92226
-8.98112
-10.8046
-12.4807
-14.1723
-15.4744
-16.2355
-16.7722
-17.045
-16.836
-16.6007
-16.4951
-16.2531
-16.2553
-16.7216
-17.5663
-18.4748
-19.8781
-21.2771
-22.3813
-23.5163
-24.2136
-24.1542
-23.5669
-22.4935
-20.6018
-17.9072
-15.1225
-11.9132
-8.32563
-4.90519
-1.8235
1.44956
4.39268
6.76828
8.95912
11.0774
12.8965
14.5418
16.3477
17.938
19.2138
20.604
21.4817
21.574
21.0901
19.9639
17.8413
14.9707
11.5701
7.56015
3.14108
-1.09762
-5.07896
-8.82275
-11.7813
-13.9765
-15.679
-16.6535
-16.9548
-16.9328
-16.7524
-16.3103
-16.0024
-16.0398
-15.9914
-16.1541
-16.8888
-17.7137
-18.5055
-19.3414
-20.3686
-20.8526
-21.1033
-21.2133
-20.9339
-20.0541
-19.0137
-17.5069
-15.5734
-13.5014
-11.3039
-8.61378
-5.73445
-2.90132
0.140777
3.45563
6.55272
9.6982
12.8613
15.679
17.9688
19.9243
21.3849
21.9788
22.091
21.8776
21.0219
19.8055
18.5627
17.1352
15.5778
14.3372
13.0878
11.6229
10.2591
8.86014
7.03664
4.71382
2.36461
-0.582904
-4.00994
-7.39078
-10.8244
-14.346
-17.4079
-19.7395
-21.4861
-22.3813
-22.1196
-21.0725
-19.4118
-16.8228
-13.8885
-11.139
-8.19805
-5.4441
-3.34125
-1.69152
-0.211165
0.934846
1.68492
2.82653
3.95275
5.17795
6.81008
8.93053
11.0224
13.1384
15.4503
17.3727
18.7409
19.9375
20.6854
20.7822
20.5006
20.1069
19.1522
18.3208
17.6609
16.7568
15.9518
15.4766
14.9861
14.2251
13.5146
12.7645
11.4535
9.7004
7.69873
5.01297
1.72452
-1.60574
-5.40891
-9.57502
-13.5498
-17.2826
-20.8306
-23.8661
-26.1647
-27.9134
-28.9274
-29.165
-28.7515
-27.9926
-26.6068
-24.5875
-22.5573
-20.2389
-17.5157
-14.797
-12.0562
-9.0669
-6.14579
-3.38964
-0.618098
1.97088
4.17931
6.32176
8.22884
9.63441
10.7386
11.7835
12.5335
12.8965
13.2242
13.5036
13.3914
13.0746
12.7403
11.9022
10.5803
9.14389
7.20601
4.65663
1.92248
-0.919448
-4.08913
-7.21701
-10.1469
-12.8987
-15.4613
-17.5333
-19.3832
-21.1363
-22.4583
-23.6021
-24.7481
-25.771
-26.3671
-27.0599
-27.4713
-27.4537
-27.0225
-26.3407
-25.0957
-23.2678
-21.1473
-18.5033
-15.4327
-12.2806
-8.95912
-5.34952
-1.90709
1.1988
4.16171
7.00145
9.24068
11.0928
12.7557
13.8115
14.5088
15.1071
15.2853
15.0235
14.6804
14.1503
13.2616
12.2564
11.1742
9.84778
8.33663
6.99925
5.55408
4.06273
2.67696
1.48476
0.0835862
-1.15701
-2.32942
-3.71519
-5.29673
-6.73309
-8.26624
-10.0435
-11.7659
-13.266
-14.7926
-16.1035
-17.0076
-17.8567
-18.5033
-18.5847
-18.5143
-18.5847
-18.3846
-17.916
-17.5113
-16.8448
-15.8682
-14.6694
-13.2308
-11.0994
-8.69737
-5.99181
-2.87933
0.578505
3.91535
7.2544
10.5649
13.3848
15.6834
17.7093
19.2798
20.2125
20.8944
21.4135
21.5344
21.2749
21.1055
20.6546
19.8979
19.0225
17.96
16.4511
14.6804
12.8349
10.5253
8.10346
5.77625
3.23567
0.640094
-1.54415
-3.6492
-5.61567
