200
384
0
1
2
3
4
5
7
9
14
16
18
19,9999499999976
20,9999499999976
21,9999499999976
21,9999499999976
20,9999499999976
19,9999499999976
19
18
17
15
13
8
5
4
-1
-3,0000000000291
-4,0000000000291
-7,0000000000291
-9,0000000000291
-9,0000000000291
-10,0000000000291
-10,0000000000291
-9,0000000000291
-8,0000000000291
-7,0000000000291
-7,0000000000291
-5,0000000000291
-4,0000000000291
-3,0000000000291
-2
-1
7
14
17
23,9999499999976
27,9999499999976
29,9999510000052
31,9999499999976
32,9999500000267
34,9999500000267
35,9999500000849
35,9999500000849
34,9999500000849
34,9999500000849
33,9999500000849
32,9999500000849
31,9999500000849
30,9999500000849
28,9999510000926
19,0000000001164
17,0000000001164
15,0000000001164
14,0000000001164
13,0000000001164
13,0000000001164
13,0000000001164
13,0000000001164
13,0000000001164
14,0000000001164
14,0000000001164
14,0000000001164
14,0000000001164
14,0000000001164
14,0000000001164
13,0000000001164
13,0000000001164
12,0000000001164
11,0000000001164
11,0000000001164
11,0000000001164
10,0000000001164
10,0000000001164
9,00000000011642
10,0000000001164
11,0000000001164
12,0000000001164
14,0000000001164
18,0000000001164
19,999950000114
26,999950000114
28,9999510001217
32,9999500001431
34,9999500001431
35,9999500001431
37,9999500001431
38,9999500001431
40,0000000001746
41,0000000001746
41,0000000001746
40,0000000001746
38,9999500002014
37,9999500002014
36,9999500002014
34,9999500002014
30,9999500002014
26,9999500002014
22,9999500002014
19,9999500002014
13,0000000002037
11,0000000002037
10,0000000002037
7,00000000020373
6,00000000020373
4,00000000020373
3,00000000020373
2,00000000020373
1,00000000020373
1,00000000020373
1,00000000020373
1,00000000020373
2,00000000020373
3,00000000020373
4,00000000020373
5,00000000020373
6,00000000020373
7,00000000020373
8,00000000020373
9,00000000020373
9,00000000020373
9,00000000020373
9,00000000020373
8,00000000020373
8,00000000020373
8,00000000020373
8,00000000020373
9,00000000020373
11,0000000002037
12,0000000002037
14,0000000002037
21,9999500002014
29,999951000209
32,9999500002014
49,0000000002328
51,0000000002328
55,0000000002328
63,0000000002328
65,0000000002328
73,0000000003492
75,0000000003492
76,0000000003492
82,0000000003492
85,0000000003492
91,0000000003492
94,0000000004657
96,0000000004657
98,0000000004657
99,0000000004657
100,000000000466
101,000000000466
101,000000000466
100,000000000466
99,0000000004657
97,0000000004657
95,0000000004657
93,0000000004657
92,0000000004657
77,0000000004657
68,0000000004657
58,0000000005239
55,0000000005239
50,0000000005239
40,0000000005239
36,9999500004924
29,9999510005
28,9999510005
24,9999500004924
19,0000000004948
15,0000000004948
13,0000000004948
8,00000000049477
4,00000000049477
-0,999999999505235
-1,99999999950523
-8,99999999953434
-12,9999999995343
-18,9999999995343
-28,9999999995343
-31,9999999995343
-36,9999999994761
-37,9999999994761
-43,9999999994761
-46,9999999994761
-48,9999999994761
-49,9999999994761
-50,9999999994761
-51,9999999994761
-52,9999999994761
-53,9999999994761
-53,9999999994761
-53,9999999994761
-52,9999999994761
-50,9999999994761
-48,9999999994761
-46,9999999994761
-41,9999999994761
-22,9999999995343
11,0000000005239
41,0000000005239
56,0000000005239
57,0000000005239
71,0000000004657
78,0000000004657
84,0000000004657
94,0000000005821
96,0000000005821
121,000000000582
129,000000000698
141,000100000761
161,000100000994
166,000100000994
169,000100000994
170,000100000994
171,000100000994
172,000100000994
173,000100000994
174,000100000994
175,000100000994
175,000100000994
174,000100000994
173,000100000994
173,000100000994
172,000100000994
171,000100000994
169,000100000994
168,000100000994
163,000100000994
162,000100000994
157,000100000994
154,000100000994
152,000100000994
144,000100000994
135,000100000994
131,000100000994
114,000000001048
105,000000001048
98,0000000010477
91,0000000010477
83,0000000010477
78,0000000010477
62,0000000010477
60,0000000011059
44,0000000011059
43,0000000011059
38,9999500011327
34,9999500011327
28,9999510011403
19,9999500011618
10,0000000011642
5,00000000116415
-5,99999999886495
-6,99999999886495
-10,999999998865
-12,999999998865
-15,999999998865
-18,999999998865
-20,999999998865
-22,999999998865
-23,999999998865
-23,999999998865
-23,999999998865
-23,999999998865
-21,999999998865
-20,999999998865
-19,999999998865
-13,999999998865
4,00000000116415
8,00000000116415
12,0000000011642
16,0000000011642
18,0000000011642
19,9999500011618
20,9999500011618
22,9999500011618
21,9999500011618
21,9999500011618
21,9999500011618
21,9999500011618
22,9999500011618
23,9999500011618
24,9999500011618
25,9999500011618
26,9999500011618
27,9999500011618
28,9999510011694
27,9999500011618
26,9999500011618
25,9999500011618
24,9999500011618
22,9999500011618
18,0000000011933
9,00000000119326
7,00000000119326
6,00000000119326
5,00000000119326
4,00000000119326
3,00000000119326
4,00000000119326
4,00000000119326
6,00000000119326
7,00000000119326
8,00000000119326
10,0000000011933
11,0000000011933
15,0000000011933
20,99995000122
24,99995000122
25,99995000122
28,9999510012276
29,9999510012276
32,9999500012491
34,9999500012491
35,9999500012491
37,9999500012491
38,9999500012491
40,0000000012806
40,0000000012806
40,0000000012806
41,0000000012806
41,0000000012806
41,0000000012806
41,0000000012806
40,0000000012806
38,9999500013073
36,9999500013073
35,9999500013073
34,9999500013073
22,9999500013073
20,9999500013073
19,0000000013097
14,0000000013097
13,0000000013097
11,0000000013097
9,00000000130967
9,00000000130967
9,00000000130967
9,00000000130967
10,0000000013097
10,0000000013097
10,0000000013097
11,0000000013097
12,0000000013097
12,0000000013097
12,0000000013097
11,0000000013097
11,0000000013097
10,0000000013097
8,00000000130967
7,00000000130967
5,00000000130967
4,00000000130967
3,00000000130967
2,00000000130967
2,00000000130967
4,00000000130967
5,00000000130967
6,00000000130967
8,00000000130967
9,00000000130967
13,0000000013097
18,9999500013073
22,9999500013073
23,9999500013073
26,9999510013149
27,9999510013149
30,9999500013073
32,9999500013073
33,9999500013073
35,9999500013073
36,9999500013073
38,0000000013388
38,0000000013388
38,0000000013388
39,0000000013388
31,0000000013388