500.0
110
-35.4678
-34.9465
-33.9104
-32.4431
-30.643
-28.6098
-26.4318
-24.1776
-21.8912
-19.593
-17.2837
-14.9527
-12.5878
-10.1845
-7.75411
-5.32877
-2.96254
-0.728819
1.28587
2.9906
4.30007
5.14451
5.47829
5.28596
4.58534
3.42713
1.89141
0.0814138
-1.88466
-3.88285
-5.793
-7.50761
-8.93949
-10.0276
-10.7405
-11.0777
-11.0682
-10.7665
-10.2465
-9.59367
-8.89578
-8.23364
-7.67225
-7.25368
-6.9926
-6.87513
-6.86142
-6.89188
-6.89636
-6.80524
-6.56078
-6.12723
-5.49769
-4.69681
-3.77817
-2.81665
-1.89646
-1.09653
-0.475438
-0.0582919
0.172065
0.27769
0.36107
0.553617
0.998365
1.82911
3.14892
5.01134
7.40724
10.2597
13.4281
16.7217
19.9201
22.8
25.1619
26.8554
27.7985
27.9874
27.4971
26.4706
25.0998
23.6004
22.184
21.0315
20.272
19.9688
20.116
20.6435
21.4314
22.329
23.1785
23.8357
24.1887
24.1699
23.7599
22.9856
21.9106
20.6225
19.2177
17.7881
16.4098
15.1373
14.0019
13.0152
12.1755
11.4766
10.915
10.4971
10.2412
10.1776
