500.0
123
-62.6263
-62.3694
-61.6598
-60.5912
-59.2681
-57.7931
-56.2568
-54.7292
-53.2548
-51.8511
-50.5107
-49.2049
-47.8901
-46.5144
-45.0238
-43.3686
-41.5081
-39.4146
-37.0759
-34.4974
-31.7023
-28.7319
-25.6438
-22.5096
-19.4107
-16.4326
-13.6581
-11.1592
-8.98898
-7.17408
-5.7091
-4.5538
-3.63407
-2.84697
-2.06988
-1.17288
-0.0331741
1.45022
3.34341
5.66808
8.39696
11.4552
14.7279
18.0725
21.3358
24.3716
27.0585
29.3142
31.1051
32.4488
33.4112
34.096
34.6303
35.1475
35.7694
36.5908
37.6685
39.0152
40.6001
42.3553
44.1866
45.987
47.6516
49.0904
50.238
51.0598
51.552
51.7379
51.6605
51.3726
50.927
50.367
49.7207
48.9974
48.189
47.2733
46.2212
45.0041
43.6016
42.0078
40.2352
38.3153
36.297
34.241
32.214
30.2802
28.4944
26.8956
25.5031
24.3143
23.3061
22.438
21.6572
20.9053
20.1243
19.2632
18.2832
17.161
15.8901
14.4813
12.9596
11.3611
9.72863
8.10598
6.53348
5.04337
3.65655
2.38076
1.21045
0.128312
-0.891568
-1.8793
-2.86408
-3.86892
-4.90598
-5.97307
-7.05199
-8.10897
-9.09737
-9.96243
-10.6475
-11.1013
-11.2847
