500.0
59
-23.8166
-23.5475
-22.7087
-21.2576
-19.1809
-16.4955
-13.2474
-9.50772
-5.36732
-0.929854
3.69505
8.39782
13.0734
17.6235
21.9576
25.9918
29.6481
32.8535
35.541
37.6523
39.1419
39.983
40.172
39.7333
38.7195
37.2095
35.3015
33.1033
30.7208
28.2456
25.7456
23.2583
20.7908
18.3242
15.8235
13.2506
10.5783
7.80265
4.95081
2.08345
-0.709793
-3.32083
-5.63809
-7.5634
-9.0278
-10.0036
-10.5104
-10.6136
-10.4163
-10.0446
-9.62975
-9.28893
-9.10856
-9.13191
-9.35318
-9.71884
-10.1358
-10.4849
-10.6386
