500.0
70
-20.5646
-20.4486
-20.0439
-19.4107
-18.6148
-17.7212
-16.7881
-15.8622
-14.9758
-14.1456
-13.3735
-12.6493
-11.9534
-11.2609
-10.5454
-9.78186
-8.95012
-8.0365
-7.03531
-5.94946
-4.79025
-3.57642
-2.33236
-1.08567
0.135889
1.30765
2.41111
3.4363
4.38296
5.26013
6.08402
6.87414
7.64844
8.41784
9.18133
9.92243
10.6078
11.1888
11.6054
11.7926
11.6889
11.2446
10.4297
9.23998
7.69985
5.86259
3.80668
1.62931
-0.562203
-2.6603
-4.56708
-6.20326
-7.51523
-8.47962
-9.1049
-9.43004
-9.52026
-9.46018
-9.34512
-9.271
-9.32384
-9.56981
-10.0467
-10.758
-11.6702
-12.7141
-13.7904
-14.7779
-15.5466
-15.9704
