500.0
61
-20.3698
-20.3176
-19.9919
-19.4485
-18.7416
-17.917
-17.0087
-16.0375
-15.012
-13.9323
-12.7936
-11.5903
-10.3182
-8.97537
-7.56138
-6.07452
-4.50912
-2.85324
-1.08782
0.811911
2.87273
5.11785
7.56036
10.1969
13.0027
15.9299
18.9083
21.8501
24.6571
27.2295
29.4755
31.3192
32.706
33.6055
34.0104
33.9334
33.4012
32.4491
31.1148
29.435
27.4433
25.1709
22.6485
19.9095
16.9935
13.948
10.8292
7.7006
4.62976
1.68381
-1.0755
-3.59632
-5.84014
-7.78343
-9.41747
-10.7464
-11.7842
-12.5506
-13.0678
-13.3568
-13.4357
