500.0
60
-22.0909
-22.0108
-21.6021
-20.8404
-19.6914
-18.1156
-16.0771
-13.5545
-10.5522
-7.10851
-3.30104
0.754992
4.91365
9.0107
12.8795
16.3679
19.3538
21.7566
23.5431
24.7277
25.3662
25.5451
25.3692
24.9475
24.3822
23.7592
23.1438
22.5789
22.0872
21.6744
21.3336
21.0491
20.7993
20.5585
20.2973
19.9834
19.5821
19.0579
18.3761
17.5066
16.4262
15.122
13.5924
11.8475
9.90784
7.80167
5.56179
3.22274
0.818782
-1.61648
-4.049
-6.44195
-8.75295
-10.9318
-12.9196
-14.6507
-16.056
-17.0699
-17.6373
-17.7215
