500.0
71
-10.185
-10.1764
-10.0004
-9.67414
-9.23122
-8.71565
-8.17446
-7.65032
-7.17573
-6.76963
-6.43678
-6.16983
-5.95308
-5.76702
-5.59229
-5.41223
-5.21331
-4.98352
-4.70936
-4.37211
-3.945
-3.39201
-2.66934
-1.72977
-0.52952
0.963286
2.75994
4.84384
7.16598
9.64447
12.1684
14.6062
16.8169
18.6643
20.0301
20.8267
21.0056
20.5618
19.5341
17.9991
16.0628
13.8486
11.4849
9.09296
6.77699
4.61735
2.66724
0.953042
-0.522342
-1.77404
-2.82876
-3.71849
-4.47539
-5.12841
-5.70197
-6.21659
-6.6907
-7.14313
-7.59511
-8.07106
-8.59768
-9.20094
-9.90138
-10.7082
-11.6134
-12.5867
-13.573
-14.4925
-15.2455
-15.7194
-15.8002
