500.0
77
-7.51057
-7.26669
-6.75902
-6.20157
-5.32061
-4.24554
-3.30485
-2.35421
-1.35379
-0.70676
-0.388221
-0.134384
-0.19411
-0.701783
-1.22439
-1.71713
-2.47366
-3.16051
-3.43426
-3.66321
-3.67814
-3.2501
-2.53339
-1.8316
-0.875985
0.214019
1.15471
2.04562
2.99129
3.75778
4.34011
5.04189
5.73372
6.16673
6.82372
7.48071
7.89382
8.26213
8.68021
8.7051
8.45126
8.19245
7.66984
6.76897
5.87806
5.00705
3.86727
2.80216
1.97594
0.970551
-0.0497719
-0.79635
-1.51804
-2.45873
-3.17544
-3.67316
-4.29033
-4.73828
-4.76814
-4.75321
-4.59892
-4.07134
-3.41933
-2.93654
-2.2696
-1.57777
-1.18955
-1.02032
-0.861053
-1.07507
-1.56781
-1.95603
-2.41394
-3.04106
-3.46412
-3.63335
-3.82746
