500.0
81
-17.3791
-17.179
-16.1599
-14.3873
-11.9565
-8.97855
-5.56803
-1.83547
2.11643
6.19209
10.2996
14.3462
18.2352
21.8658
25.1361
27.9507
30.2303
31.9222
33.0092
33.5144
33.5005
33.063
32.3175
31.3827
30.3631
29.3323
28.3224
27.3196
26.2689
25.0854
23.673
21.9451
19.8442
17.358
14.5269
11.4424
8.23692
5.06454
2.07826
-0.593958
-2.86939
-4.72337
-6.19247
-7.36708
-8.37468
-9.35658
-10.4422
-11.7254
-13.2467
-14.9854
-16.8621
-18.751
-20.5012
-21.961
-23.0033
-23.5455
-23.5617
-23.0856
-22.2027
-21.0354
-19.7222
-18.3969
-17.1703
-16.119
-15.2819
-14.6655
-14.2553
-14.0312
-13.9821
-14.1167
-14.4666
-15.0816
-16.016
-17.3105
-18.9708
-20.9501
-23.1379
-25.3602
-27.3907
-28.9744
-29.8587
