500.0
57
-26.7941
-26.6365
-26.1509
-25.3381
-24.2215
-22.8473
-21.2805
-19.598
-17.8794
-16.1967
-14.6053
-13.1368
-11.7959
-10.5609
-9.38848
-8.22211
-7.00187
-5.67523
-4.20651
-2.58371
-0.821861
1.03763
2.93129
4.78086
6.50232
8.01527
9.25144
10.1612
10.7175
10.9167
10.7775
10.3364
9.64403
8.75856
7.74119
6.65129
5.54274
4.46109
3.44153
2.50739
1.66917
0.924039
0.256032
-0.362807
-0.970022
-1.60884
-2.32279
-3.14902
-4.11114
-5.21224
-6.42944
-7.71085
-8.97606
-10.1205
-11.0239
-11.5618
-11.6194
