500.0
103
-23.2298
-22.54
-21.0115
-18.6038
-15.3184
-11.2018
-6.34545
-0.882416
5.02003
11.1717
17.374
23.4368
29.1952
34.5247
39.3528
43.6644
47.5005
50.9502
54.136
57.1946
60.2563
63.4245
66.7594
70.2684
73.9034
77.5672
81.1265
84.4306
87.3326
89.7102
91.4819
92.6179
93.1427
93.1304
92.6921
91.9595
91.0659
90.1282
89.233
88.4282
87.7209
87.0828
86.4598
85.7848
84.9916
84.0258
82.8525
81.4588
79.8502
78.0447
76.0628
73.9183
71.6115
69.1256
66.4293
63.4828
60.2492
56.7064
52.8593
48.7481
44.4514
40.0833
35.7823
31.6963
27.9632
24.691
21.9408
19.7154
17.9556
16.5448
15.3219
14.1011
12.6943
10.9341
8.69388
5.90018
2.53803
-1.35352
-5.69377
-10.3788
-15.3027
-20.3781
-25.5528
-30.8188
-36.2133
-41.8107
-47.707
-53.999
-60.762
-68.0288
-75.7743
-83.9078
-92.2738
-100.663
-108.829
-116.513
-123.467
-129.476
-134.382
-138.086
-140.558
-141.827
-141.971
