500.0
96
-31.1796
-30.8316
-30.0055
-28.7523
-27.1561
-25.3276
-23.3953
-21.4938
-19.7513
-18.2786
-17.159
-16.4424
-16.1423
-16.2365
-16.672
-17.371
-18.2396
-19.1761
-20.0792
-20.854
-21.4172
-21.6999
-21.649
-21.2273
-20.4137
-19.2024
-17.6032
-15.6411
-13.3566
-10.8048
-8.05442
-5.18491
-2.28221
0.566748
3.28061
5.79032
8.04518
10.0172
11.703
13.1224
14.3144
15.33
16.2232
17.0419
17.8191
18.567
19.2738
19.9051
20.4091
20.7249
20.7941
20.5709
20.0334
19.1899
18.0821
16.7831
15.3904
14.0147
12.7665
11.741
11.0053
10.5875
10.4718
10.598
10.8669
11.1511
11.3082
11.1969
10.6916
9.69537
8.14883
6.03368
3.3714
0.217007
-3.35096
-7.24251
-11.3687
-15.6524
-20.0368
-24.489
-28.9996
-33.5784
-38.2461
-43.0239
-47.9226
-52.9329
-58.0177
-63.1081
-68.1044
-72.88
-77.2912
-81.1886
-84.4307
-86.8982
-88.5056
-89.2117
