500.0
89
-29.8587
-29.829
-28.7412
-26.5474
-23.3079
-19.1888
-14.4432
-9.37994
-4.32399
0.425124
4.63
8.14132
10.9089
12.9762
14.4605
15.5217
16.3263
17.0139
17.6711
18.319
18.9158
19.3729
19.5823
19.4489
18.9203
18.0089
16.8004
15.447
14.1456
13.1051
12.5093
12.4817
13.0602
14.1863
15.7129
17.4286
19.0942
20.4871
21.4416
21.8807
21.8298
21.4114
20.819
20.2761
19.9876
20.0911
20.6215
21.4926
22.5034
23.3679
23.7639
23.3938
22.0434
19.6314
16.2346
12.0865
7.54547
3.03693
-1.02012
-4.29064
-6.59001
-7.92646
-8.51006
-8.72447
-9.06434
-10.0482
-12.1211
-15.5653
-20.4352
-26.5312
-33.4193
-40.4964
-47.0924
-52.5916
-56.5546
-58.8153
-59.5353
-59.2003
-58.5553
-58.4834
-59.8452
-63.3042
-69.1654
-77.2583
-86.8872
-96.8637
-105.625
-111.425
-112.576
