500.0
61
-140.616
-140.255
-138.747
-136.16
-132.615
-128.267
-123.29
-117.848
-112.08
-106.082
-99.896
-93.5086
-86.8588
-79.8513
-72.3768
-64.3345
-55.6542
-46.3149
-36.3576
-25.8898
-15.0825
-4.15867
6.62373
16.9927
26.6844
35.463
43.1378
49.5739
54.6973
58.4947
61.0075
62.323
62.5636
61.875
60.4166
58.3512
55.8389
53.0301
50.0618
47.0527
44.0999
41.2754
38.6235
36.1594
33.8691
31.7132
29.6321
27.5554
25.4122
23.1439
20.7147
18.1219
15.4
12.6219
9.89285
7.33973
5.09628
3.28591
2.0048
1.3077
1.1987
