500.0
77
-78.4478
-78.2493
-77.1216
-75.0721
-72.1079
-68.2306
-63.4362
-57.7205
-51.0902
-43.5767
-35.2502
-26.2311
-16.6964
-6.878
2.94726
12.4755
21.3998
29.4377
36.358
42.0031
46.3039
49.2847
51.0571
51.8034
51.7528
51.1519
50.2349
49.1972
48.1758
47.2385
46.3837
45.5493
44.6291
43.4944
42.0153
40.081
37.6141
34.5789
30.9823
26.8686
22.3094
17.3931
12.213
6.85978
1.41685
-4.0393
-9.43576
-14.6978
-19.744
-24.4831
-28.8156
-32.6399
-35.8624
-38.4112
-40.2509
-41.395
-41.9134
-41.9346
-41.638
-41.2398
-40.9718
-41.0564
-41.6808
-42.9754
-44.997
-47.7226
-51.052
-54.8202
-58.8183
-62.8182
-66.5989
-69.9703
-72.7902
-74.9744
-76.4962
-77.3786
-77.6794
