500.0
110
-22.4401
-22.3978
-22.1659
-21.6777
-20.8795
-19.7364
-18.2352
-16.3841
-14.2113
-11.7604
-9.08495
-6.24338
-3.29373
-0.290126
2.71923
5.69266
8.59431
11.393
14.0613
16.575
18.9142
21.065
23.0225
24.7937
26.4001
27.8791
29.2828
30.675
32.1259
33.7042
35.4694
37.4629
39.701
42.1707
44.8275
47.5978
50.3841
53.0733
55.5463
57.689
59.4014
60.6064
61.2548
61.3276
60.836
59.8178
58.3325
56.4553
54.2706
51.866
49.3268
46.7318
44.1496
41.6361
39.2323
36.963
34.8355
32.8397
30.9489
29.1223
27.3086
25.452
23.4989
21.4058
19.1469
16.7198
14.1502
11.4913
8.82131
6.23552
3.83597
1.71881
-0.0386665
-1.38942
-2.32469
-2.87732
-3.11935
-3.15416
-3.10382
-3.0935
-3.23498
-3.61188
-4.26861
-5.20515
-6.37818
-7.70881
-9.09564
-10.4313
-11.6201
-12.5936
-13.3224
-13.8219
-14.1513
-14.4057
-14.7028
-15.1664
-15.9085
-17.0131
-18.5241
-20.4385
-22.7054
-25.232
-27.8933
-30.5459
-33.0421
-35.2438
-37.0331
-38.3194
-39.0425
-39.1724
