500.0
100
-0.753647
-0.369683
0.565718
1.94169
3.62153
5.46477
7.34796
9.18046
10.9128
12.5365
14.0759
15.5743
17.0778
18.6193
20.2081
21.8255
23.4275
24.9552
26.3495
27.5666
28.5921
29.4489
30.1983
30.9318
31.7559
32.7724
34.0566
35.6391
37.4939
39.5358
41.6281
43.5995
45.2692
46.4735
47.0917
47.0664
46.4135
45.2214
43.6382
41.85
40.0527
38.4236
37.095
36.1371
35.5504
35.2702
35.1811
35.1399
35.0009
34.6417
33.9818
32.9945
31.7069
30.1908
28.5457
26.8769
25.2737
23.7909
22.4379
21.1768
19.9294
18.5921
17.0555
15.2254
13.0402
10.4825
7.58268
4.41359
1.07753
-2.31131
-5.64606
-8.84411
-11.8586
-14.6824
-17.3436
-19.8945
-22.395
-24.8948
-27.4179
-29.9522
-32.4467
-34.8173
-36.9598
-38.7681
-40.154
-41.0659
-41.5008
-41.5091
-41.19
-40.678
-40.123
-39.6674
-39.4233
-39.4544
-39.7665
-40.3061
-40.9695
-41.6201
-42.111
-42.3088
