500.0
78
6.87531
6.90607
7.04158
7.30275
7.71212
8.29003
9.05052
9.99762
11.1229
12.4049
13.8104
15.2974
16.8202
18.3339
19.7994
21.187
22.4779
23.6635
24.743
25.719
26.5929
27.3603
28.008
28.5127
28.8433
28.9645
28.843
28.4549
27.7919
26.8668
25.7161
24.3989
22.9929
21.5862
20.2682
19.1187
18.1979
17.5385
17.1416
16.9761
16.9823
17.0795
17.1758
17.1791
17.0082
16.6014
15.9226
14.9642
13.7453
12.3079
10.7104
9.01902
7.3009
5.61653
4.01491
2.53051
1.18242
-0.0247066
-1.09843
-2.05561
-2.91949
-3.71692
-4.47621
-5.22537
-5.9906
-6.79485
-7.65621
-8.58607
-9.58707
-10.6513
-11.7591
-12.8788
-13.9681
-14.9767
-15.8511
-16.5399
-17.0001
-17.2025
