500.0
95
-41.2947
-41.0445
-40.3925
-39.3388
-37.8913
-36.0702
-33.9112
-31.4684
-28.8148
-26.0395
-23.2429
-20.5285
-17.9943
-15.7222
-13.7694
-12.1618
-10.8903
-9.91151
-9.15249
-8.51917
-7.90741
-7.21541
-6.3558
-5.26582
-3.91433
-2.30473
-0.473494
1.51539
3.57916
5.627
7.57116
9.33704
10.8708
12.1441
13.1543
13.9225
14.4873
14.898
15.2061
15.4585
15.6915
15.9276
16.175
16.4298
16.6798
16.9096
17.1065
17.2642
17.3866
17.4876
17.5904
17.7232
17.9145
18.1875
18.5543
19.0118
19.54
20.1015
20.6447
21.1088
21.4304
21.5511
21.425
21.0246
20.3451
19.4056
18.2476
16.9304
15.5245
14.1028
12.7318
11.4629
10.3257
9.32381
8.43337
7.60531
6.77064
5.84819
4.75413
3.412
1.76212
-0.230621
-2.57154
-5.23405
-8.16075
-11.2675
-14.45
-17.5919
-20.5736
-23.2803
-25.61
-27.4782
-28.8217
-29.5998
-29.7942
