500.0
99
-68.9396
-68.8425
-68.3119
-67.3261
-65.9083
-64.1242
-62.073
-59.8724
-57.6408
-55.4784
-53.4518
-51.5838
-49.8507
-48.1865
-46.4949
-44.6654
-42.5926
-40.194
-37.4248
-34.2863
-30.8275
-27.139
-23.3405
-19.5644
-15.937
-12.561
-9.50186
-6.77996
-4.36902
-2.20174
-0.181009
1.80489
3.86551
6.09227
8.5456
11.2468
14.1752
17.2716
20.4456
23.5868
26.5776
29.3054
31.6738
33.6095
35.0669
36.0285
36.5024
36.5176
36.1183
35.3587
34.2971
32.9932
31.5048
29.8872
28.1916
26.4655
24.7507
23.0828
21.488
19.9815
18.5649
17.2249
15.9338
14.6511
13.3283
11.9143
10.363
8.64083
6.73339
4.65046
2.42811
0.127523
-2.16971
-4.36928
-6.37418
-8.09567
-9.46387
-10.4365
-11.0048
-11.1952
-11.0679
-10.7102
-10.2281
-9.73507
-9.34066
-9.1398
-9.20406
-9.57582
-10.2657
-11.2531
-12.4901
-13.9064
-15.4162
-16.9251
-18.3356
-19.553
-20.4883
-21.0612
-21.2017
