500.0
90
-94.7299
-94.4615
-89.7947
-81.5298
-70.7229
-58.5706
-46.2799
-34.9393
-25.4088
-18.2415
-13.6475
-11.5026
-11.3989
-12.7288
-14.7879
-16.8827
-18.426
-19.0081
-18.4346
-16.7285
-14.0986
-10.8822
-7.47375
-4.25151
-1.51532
0.556042
1.92177
2.6697
2.98449
3.1008
3.25104
3.61768
4.29856
5.29093
6.49625
7.74367
8.82711
9.54829
9.75753
9.38466
8.45469
7.08573
5.46999
3.84184
2.439
1.46399
1.05276
1.25574
2.03418
3.2718
4.79903
6.42486
7.9704
9.29793
10.3306
11.0598
11.5392
11.8682
12.1678
12.5537
13.1129
13.887
14.8655
15.9901
17.1675
18.2891
19.2524
19.9797
20.4309
20.6076
20.5482
20.3154
19.9787
19.5957
19.1974
18.7788
18.2983
17.6866
16.8613
15.7474
14.2971
12.5062
10.4237
8.15172
5.83598
3.64839
1.76404
0.337081
-0.520517
-0.753647
