500.0
63
-21.1369
-21.0015
-20.34
-19.1424
-17.4337
-15.2707
-12.736
-9.92968
-6.96066
-3.93661
-0.955241
1.90321
4.58153
7.04858
9.29974
11.3548
13.2535
15.0492
16.8013
18.5673
20.3949
22.3158
24.3401
26.4546
28.6219
30.7835
32.8639
34.7776
36.4359
37.7555
38.6646
39.1097
39.0593
38.506
37.4661
35.9776
34.0959
31.8887
29.4299
26.7941
24.0504
21.2582
18.4637
15.6978
12.9758
10.2985
7.65451
5.02394
2.38283
-0.291854
-3.0172
-5.79982
-8.63217
-11.4903
-14.3334
-17.1051
-19.7371
-22.1541
-24.2803
-26.046
-27.3946
-28.2879
-28.7095
