500.0
81
-77.6794
-77.4725
-76.829
-75.8009
-74.4104
-72.6463
-70.4667
-67.8095
-64.6052
-60.793
-56.3348
-51.2256
-45.4988
-39.2257
-32.5087
-25.4712
-18.2442
-10.9534
-3.70873
3.40313
10.3211
17.0075
23.4427
29.6164
35.5189
41.1339
46.4321
51.3697
55.8889
59.9218
63.3959
66.2402
68.3915
69.7985
70.4252
70.2523
69.2772
67.5141
64.9938
61.7636
57.8893
53.4554
48.5665
43.3463
37.9348
32.4817
27.1373
22.0409
17.3068
13.012
9.18541
5.80224
2.78397
0.00556668
-2.69078
-5.47674
-8.51585
-11.9417
-15.8393
-20.233
-25.0819
-30.2858
-35.6984
-41.1487
-46.4649
-51.4992
-56.1485
-60.3669
-64.1706
-67.6301
-70.8545
-73.9682
-77.0833
-80.2738
-83.5533
-86.8619
-90.0639
-92.9559
-95.2866
-96.7832
-97.1831
