500.0
74
-41.2577
-40.9774
-40.0074
-38.3903
-36.1936
-33.5022
-30.4089
-27.0063
-23.3794
-19.601
-15.7307
-11.8159
-7.8958
-4.00602
-0.183682
3.52921
7.08447
10.4292
13.5098
16.2784
18.6993
20.7561
22.4561
23.8324
24.9418
25.8599
26.6725
27.4655
28.3142
29.2738
30.3724
31.6078
32.9486
34.3382
35.7033
36.9633
38.0399
38.8666
39.3947
39.5966
39.4662
39.0157
38.2705
37.2635
36.0289
34.5975
32.9944
31.2382
29.3419
27.3164
25.1722
22.9231
20.5863
18.1828
15.7344
13.2609
10.7759
8.28344
5.77611
3.23519
0.633529
-2.05921
-4.86949
-7.81194
-10.8818
-14.0493
-17.256
-20.416
-23.4196
-26.1406
-28.447
-30.2119
-31.325
-31.703
