500.0
62
3.58543
3.60483
3.78328
4.11229
4.57576
5.15494
5.8335
6.60201
7.46085
8.42126
9.50415
10.7367
12.1471
13.7586
15.5824
17.6124
19.8206
22.1554
24.5426
26.8897
29.0919
31.0417
32.6382
33.7969
34.459
34.597
34.2187
33.3664
32.1135
30.5572
28.809
26.9839
25.1891
23.5144
22.0239
20.7517
19.6999
18.8409
18.1224
17.4748
16.8194
16.0779
15.1805
14.0722
12.7179
11.1039
9.23804
7.14686
4.87212
2.46589
-0.0142765
-2.50974
-4.96427
-7.32637
-9.55038
-11.5964
-13.4296
-15.0183
-16.3331
-17.3445
-18.0228
-18.3369
