500.0
97
-20.9996
-20.9817
-20.9251
-20.8393
-20.7412
-20.6551
-20.6105
-20.6384
-20.7653
-21.0083
-21.369
-21.8304
-22.3547
-22.8846
-23.3469
-23.6578
-23.7315
-23.4871
-22.858
-21.7979
-20.2862
-18.3304
-15.966
-13.2541
-10.2761
-7.12708
-3.90851
-0.72021
2.34701
5.21765
7.83633
10.1707
12.2124
13.9755
15.494
16.8161
17.9986
19.0994
20.1701
21.249
22.3557
23.4862
24.6123
25.6821
26.6245
27.3565
27.7917
27.8513
27.4746
26.6289
25.3161
23.5772
21.4912
19.1712
16.7545
14.3912
12.2297
10.4027
9.0132
8.12538
7.75781
7.88268
8.42951
9.29343
10.3467
11.4519
12.4757
13.3002
13.8321
14.0081
13.7956
13.1901
12.2095
10.8868
9.26198
7.37516
5.26116
2.947
0.451767
-2.2111
-5.03003
-7.99083
-11.0726
-14.2448
-17.4663
-20.686
-23.8456
-26.8836
-29.7398
-32.3591
-34.6947
-36.71
-38.3783
-39.6812
-40.6069
-41.1469
-41.2947
