500.0
68
-127.476
-127.435
-126.664
-125.113
-122.718
-119.401
-115.075
-109.655
-103.062
-95.2448
-86.187
-75.9249
-64.5551
-52.2407
-39.2106
-25.753
-12.2023
1.07911
13.7231
25.3799
35.7419
44.5646
51.6834
57.0236
60.6036
62.5306
62.9898
62.227
60.5286
58.1978
55.5326
52.8042
50.2404
48.0126
46.2294
44.9355
44.1154
43.7025
43.591
43.6498
43.7374
43.7157
43.4623
42.8795
41.9007
40.4934
38.6578
36.4239
33.8458
30.9941
27.9492
24.7937
21.6064
18.458
15.4084
12.5061
9.78873
7.28466
5.01541
2.99748
1.24366
-0.236713
-1.43852
-2.36262
-3.01794
-3.42353
-3.60972
-3.61791
