500.0
121
-28.1781
-28.0652
-27.8176
-27.5237
-27.2712
-27.1355
-27.1704
-27.4008
-27.8196
-28.3881
-29.0417
-29.698
-30.2676
-30.6653
-30.8206
-30.6853
-30.2383
-29.4861
-28.4596
-27.2085
-25.7928
-24.2748
-22.7108
-21.1451
-19.6062
-18.1057
-16.6402
-15.1939
-13.744
-12.2647
-10.732
-9.12645
-7.43516
-5.65233
-3.77883
-1.82135
0.208467
2.29444
4.41564
6.54568
8.65169
10.6935
12.6237
14.3885
15.9309
17.1943
18.1283
18.6942
18.871
18.6597
18.0858
17.1989
16.0701
14.7859
13.4403
12.1259
10.9251
9.90171
9.09567
8.52057
8.16445
7.99389
7.9609
8.01131
8.09378
8.16792
8.21051
8.21892
8.21124
8.22324
8.30248
8.50043
8.86375
9.42568
10.1989
11.1704
12.2994
13.5183
14.7362
15.8454
16.73
17.2743
17.3733
16.9405
15.9162
14.2724
12.0166
9.19173
5.87522
2.17426
-1.78025
-5.8416
-9.8563
-13.6737
-17.1553
-20.1838
-22.6701
-24.5589
-25.8316
-26.5069
-26.6386
-26.3106
-25.6304
-24.7209
-23.7107
-22.7253
-21.8782
-21.2635
-20.9503
-20.9792
-21.3605
-22.0756
-23.0789
-24.3025
-25.6614
-27.0596
-28.397
-29.5756
-30.5061
-31.1133
-31.3411
