500.0
110
-23.5959
-23.4228
-22.9821
-22.3474
-21.5931
-20.7836
-19.9666
-19.1676
-18.3886
-17.6105
-16.7974
-15.9043
-14.8851
-13.7007
-12.3264
-10.756
-9.00394
-7.10409
-5.10515
-3.06419
-1.03865
0.921833
2.78248
4.52833
6.16612
7.72285
9.24099
10.7709
12.3614
14.05
15.8537
17.7622
19.7343
21.698
23.5552
25.1898
26.479
27.3058
27.5726
27.2129
26.2003
24.5545
22.3423
19.6744
16.6985
13.5879
10.5294
7.709
5.29846
3.4434
2.25356
1.79625
2.09301
3.11962
4.80894
7.05632
9.72683
12.6638
15.6978
18.6565
21.3733
23.6962
25.4954
26.6699
27.1526
26.9135
25.9615
24.3435
22.1413
19.467
16.4554
13.2559
10.0225
6.90448
4.0369
1.53285
-0.522484
-2.07525
-3.10383
-3.6171
-3.65049
-3.26049
-2.51819
-1.50256
-0.294426
1.02857
2.39566
3.74497
5.02429
6.19071
7.20964
8.05368
8.70162
9.13807
9.35361
9.34543
9.11841
8.68602
8.07099
7.30512
6.42832
5.48661
4.52926
3.60541
2.76039
2.03232
1.44932
1.02765
0.770976
0.670886
