500.0
80
-35.8956
-35.6016
-35.0808
-34.4044
-33.6235
-32.7594
-31.7991
-30.6983
-29.3894
-27.7951
-25.8437
-23.4848
-20.7009
-17.5152
-13.9924
-10.2337
-6.36615
-2.52847
1.14409
4.53376
7.55088
10.1397
12.2789
13.9772
15.2657
16.1879
16.7905
17.1157
17.1973
17.0598
16.7216
16.1999
15.5169
14.7047
13.8086
12.8865
12.0051
11.2334
10.6339
10.2534
10.1159
10.2173
10.5251
10.9806
11.5062
12.0147
12.4192
12.6438
12.6307
12.346
11.7805
10.9485
9.88362
8.63297
7.25143
5.7965
4.32457
2.88864
1.53726
0.313959
-0.743711
-1.60606
-2.25456
-2.68616
-2.91808
-2.99169
-2.97408
-2.95609
-3.04577
-3.35723
-3.9956
-5.03984
-6.52576
-8.43225
-10.6733
-13.098
-15.5
-17.6355
-19.2491
-20.1032
