500.0
77
-11.9233
-11.6231
-10.9526
-9.9499
-8.65261
-7.09755
-5.32114
-3.35971
-1.24975
0.972188
3.26987
5.60795
7.95256
10.2717
12.535
14.7137
16.7793
18.7025
20.4525
21.9962
23.299
24.3255
25.0429
25.424
25.4514
25.1219
24.4495
23.4679
22.2301
20.807
19.2821
17.7458
16.2878
14.9885
13.912
13.1
12.5681
12.3052
12.2756
12.4242
12.6835
12.9815
13.2509
13.436
13.4987
13.4216
13.2085
12.8827
12.4816
12.0509
11.6375
11.2819
11.0115
10.8353
10.7397
10.6869
10.6148
10.4386
10.0546
9.34553
8.18722
6.45648
4.0403
0.845683
-3.19018
-8.08992
-13.8271
-20.319
-27.4225
-34.9338
-42.5916
-50.0862
-57.0727
-63.1879
-68.0714
-71.3872
-72.8457
