500.0
115
-4.93002
-4.87838
-4.76362
-4.569
-4.26325
-3.81089
-3.18375
-2.37136
-1.38826
-0.276976
0.894114
2.03775
3.05851
3.86563
4.38589
4.57464
4.42325
3.96196
3.25778
2.40795
1.52997
0.749719
0.189358
-0.0434897
0.135916
0.784222
1.92799
3.56457
5.66503
8.17832
11.0357
14.1551
17.4445
20.8052
24.1349
27.3307
30.2931
32.9311
35.1684
36.9491
38.2448
39.0584
39.4277
39.4234
39.1457
38.7155
38.2632
37.9158
37.7827
37.9443
38.4419
39.2733
40.3931
41.7173
43.1338
44.515
45.7321
46.6694
47.2363
47.3754
47.0671
46.3283
45.2087
43.782
42.1369
40.3667
38.56
36.7928
35.1241
33.5924
32.2163
30.9951
29.9119
28.9359
28.0261
27.1329
26.2012
25.1722
23.9862
22.5848
20.9153
18.9337
16.6097
13.9298
10.9005
7.54947
3.92451
0.0907601
-3.87445
-7.8881
-11.8687
-15.7435
-19.4539
-22.9595
-26.2394
-29.2907
-32.1256
-34.7658
-37.2373
-39.565
-41.7688
-43.861
-45.8462
-47.7223
-49.483
-51.1202
-52.6269
-53.9975
-55.2276
-56.3119
-57.2409
-57.9971
-58.5522
-58.8652
-58.8831
