500.0
89
-31.7898
-31.7656
-31.3631
-30.6229
-29.6172
-28.4412
-27.2002
-25.9949
-24.9074
-23.99
-23.259
-22.694
-22.2437
-21.8362
-21.3928
-20.8424
-20.1342
-19.2472
-18.1935
-17.0157
-15.7793
-14.5607
-13.4322
-12.4491
-11.6379
-10.9897
-10.4599
-9.97264
-9.43119
-8.73153
-7.77715
-6.49293
-4.83598
-2.80185
-0.425466
2.2231
5.04716
7.9346
10.7701
13.4461
15.8722
17.9802
19.7264
21.0899
22.0694
22.6779
22.9376
22.8763
22.524
21.9129
21.0773
20.0547
18.8876
17.6228
16.3112
15.004
13.7493
12.5867
11.543
10.6277
9.83173
9.12775
8.47313
7.81511
7.09742
6.26717
5.28117
4.11055
2.74311
1.18317
-0.550844
-2.43047
-4.42205
-6.49126
-8.60663
-10.7414
-12.8734
-14.9836
-17.0533
-19.0615
-20.9828
-22.786
-24.4359
-25.8951
-27.1279
-28.1051
-28.8071
-29.227
-29.3709
