500.0
79
-8.20489
-7.98792
-6.66893
-4.18842
-0.592058
3.9699
9.25636
14.9607
20.7441
26.2734
31.2572
35.4763
38.8044
41.2163
42.7823
43.6508
44.0213
44.1112
44.1226
44.2124
44.4707
44.9098
45.466
46.0116
46.3777
46.3815
45.8566
44.6793
42.7887
40.1981
36.9945
33.3285
29.3951
25.4088
21.5763
18.0715
15.015
12.4621
10.3986
8.74751
7.38192
6.14463
4.86982
3.40446
1.62648
-0.542458
-3.13071
-6.1171
-9.43727
-12.9943
-16.6716
-20.3463
-23.9006
-27.2311
-30.2539
-32.9072
-35.1509
-36.9654
-38.3491
-39.3177
-39.9039
-40.1586
-40.1527
-39.9786
-39.7495
-39.5964
-39.6614
-40.0864
-40.9988
-42.4952
-44.6241
-47.3718
-50.6519
-54.3024
-58.0904
-61.7258
-64.8831
-67.2288
-68.4529
