500.0
83
-20.1032
-20.0081
-18.8486
-16.6021
-13.346
-9.2531
-4.57421
0.388492
5.31492
9.90225
13.8968
17.1186
19.475
20.9618
21.6529
21.6796
21.2038
20.3898
19.3785
18.2684
17.1056
15.8842
14.5558
13.0461
11.2746
9.17468
6.70907
3.87961
0.728713
-2.66653
-6.20622
-9.78288
-13.2969
-16.6696
-19.8503
-22.819
-25.5811
-28.159
-30.5808
-32.8688
-35.0319
-37.0615
-38.9336
-40.6151
-42.0738
-43.2892
-44.2619
-45.0179
-45.6088
-46.1041
-46.5803
-47.1051
-47.7226
-48.4414
-49.2272
-50.0045
-50.6648
-51.0823
-51.1337
-50.7191
-49.7799
-48.3111
-46.3646
-44.0433
-41.487
-38.8517
-36.287
-33.9146
-31.812
-30.0054
-28.4712
-27.1471
-25.9496
-24.7952
-23.6194
-22.3919
-21.1216
-19.8531
-18.6528
-17.5882
-16.7043
-16.0018
-15.4218
