500.0
82
-4.22648
-3.93633
-2.89388
-1.04359
1.62291
5.06254
9.18134
13.8398
18.8627
24.0517
29.2013
34.1141
38.6164
42.571
45.8873
48.5266
50.503
51.8797
52.7604
53.2768
53.5741
53.794
54.0589
54.4573
55.0333
55.78
56.6392
57.5068
58.2439
58.6923
58.6928
58.1051
56.825
54.799
52.0322
48.5899
44.5914
40.1964
35.5872
30.9459
26.4329
22.1661
18.207
14.5522
11.1341
7.83004
4.47773
0.896043
-3.09206
-7.63772
-12.8483
-18.776
-25.4137
-32.6995
-40.5278
-48.7658
-57.2724
-65.9168
-74.5938
-83.2333
-91.804
-100.309
-108.776
-117.245
-125.749
-134.305
-142.898
-151.477
-159.958
-168.224
-176.144
-183.578
-190.402
-196.511
-201.833
-206.332
-210.007
-212.883
-215.002
-216.414
-217.161
-217.271
