500.0
93
-37.3213
-37.2711
-36.4522
-35.0172
-33.1678
-31.1319
-29.1371
-27.3844
-26.0258
-25.1474
-24.762
-24.811
-25.1757
-25.6966
-26.1981
-26.5137
-26.5112
-26.1106
-25.2958
-24.1155
-22.6755
-21.122
-19.6194
-18.3246
-17.3631
-16.8084
-16.6692
-16.8853
-17.3328
-17.8388
-18.2024
-18.2199
-17.7109
-16.542
-14.6447
-12.0257
-8.76856
-5.02647
-1.00766
3.04511
6.8779
10.2492
12.9512
14.8262
15.7771
15.7715
14.8383
13.06
10.5596
7.48623
3.99956
0.255681
-3.6045
-7.46359
-11.2323
-14.8502
-18.2839
-21.5225
-24.5715
-27.4467
-30.1684
-32.7565
-35.2274
-37.5923
-39.8578
-42.028
-44.107
-46.1031
-48.0325
-49.9226
-51.814
-53.7615
-55.8327
-58.1045
-60.6582
-63.5731
-66.9178
-70.7433
-75.0743
-79.9042
-85.1904
-90.8534
-96.7786
-102.822
-108.815
-114.58
-119.935
-124.707
-128.742
-131.911
-134.119
-135.302
-135.429
