500.0
89
-135.429
-134.498
-132.53
-129.564
-125.651
-120.848
-115.213
-108.807
-101.694
-93.9395
-85.6168
-76.8099
-67.6156
-58.1459
-48.527
-38.8977
-29.4048
-20.1973
-11.42
-3.20606
4.32922
11.0937
17.0222
22.0777
26.2516
29.5613
32.0469
33.767
34.7943
35.2112
35.1064
34.5713
33.6983
32.5791
31.3037
29.9598
28.6316
27.3992
26.3373
25.5139
24.9876
24.8065
25.0055
25.6045
26.6064
27.9963
29.7399
31.7843
34.0586
36.4752
38.9338
41.3248
43.5353
45.4554
46.9859
48.0456
48.5794
48.5648
48.016
46.9869
45.5692
43.888
42.0932
40.3477
38.8132
37.6349
36.9264
36.7566
37.1402
38.0333
39.3345
40.8924
42.5185
44.0048
45.1446
45.7535
45.689
44.867
43.272
40.9607
38.0584
34.7483
31.2543
27.8209
24.6898
22.0788
20.162
19.0562
18.8135
