500.0
77
-31.703
-31.2973
-30.0984
-28.1373
-25.4833
-22.2395
-18.5352
-14.518
-10.345
-6.17342
-2.15239
1.58499
4.9288
7.79845
10.1476
11.9676
13.2888
14.1792
14.7402
15.0985
15.3956
15.7739
16.3617
17.2579
18.5194
20.1515
22.1045
24.2761
26.5217
28.6695
30.541
31.9733
32.8394
33.0663
32.6446
31.631
30.141
28.3339
26.3906
24.4886
22.7771
21.3562
20.2624
19.4644
18.8685
18.3333
17.6918
16.7776
15.4509
13.6205
11.2587
8.40591
5.16593
1.69048
-1.84291
-5.25714
-8.40155
-11.1738
-13.5345
-15.5117
-17.1957
-18.7239
-20.259
-21.9637
-23.9744
-26.3806
-29.2099
-32.4225
-35.9153
-39.5345
-43.0944
-46.4004
-49.2712
-51.5587
-53.1615
-54.0315
-54.1727
