500.0
131
-53.0044
-53.0035
-52.7291
-52.2566
-51.6617
-51.0118
-50.3572
-49.7265
-49.1247
-48.5348
-47.9235
-47.2491
-46.4699
-45.553
-44.4809
-43.2547
-41.8947
-40.4363
-38.9243
-37.4045
-35.9155
-34.4817
-33.109
-31.7835
-30.4741
-29.1382
-27.7294
-26.2067
-24.5422
-22.7272
-20.7751
-18.7204
-16.6145
-14.5178
-12.4916
-10.5887
-8.84589
-7.27936
-5.88334
-4.63272
-3.4889
-2.40799
-1.34983
-0.286393
0.791977
1.87353
2.92589
3.90052
4.74018
5.38812
5.7977
5.94067
5.81302
5.43734
4.86145
4.15362
3.39507
2.67101
2.06168
1.63449
1.43856
1.50196
1.83213
2.41869
3.23813
4.25928
5.44844
6.77339
8.20561
9.72061
11.2965
12.9117
14.5418
16.1575
17.7235
19.1994
20.5416
21.7076
22.6607
23.3746
23.8376
24.0554
24.0506
23.8615
23.538
23.136
22.711
22.313
21.9805
21.7381
21.595
21.5461
21.5753
21.6588
21.7706
21.8865
21.9876
22.0625
22.1081
22.1282
22.1316
22.129
22.1302
22.1406
22.1595
22.1782
22.1798
22.1397
22.026
21.802
21.4271
20.8596
20.0586
18.9866
17.6122
15.9134
13.8804
11.5192
8.8539
5.92856
2.80767
-0.425333
-3.67157
-6.8222
-9.76566
-12.396
-14.6214
-16.372
-17.6057
-18.3116
-18.5102
