500.0
95
-143.444
-142.288
-139.495
-134.948
-128.59
-120.433
-110.557
-99.1077
-86.2923
-72.3709
-57.6449
-42.4441
-27.1128
-11.9944
2.58329
16.323
28.9715
40.3311
50.2687
58.7214
65.6976
71.2741
75.589
78.8288
81.2141
82.9813
84.3646
85.5783
86.8026
88.1723
89.7716
91.634
93.7472
96.0626
98.5075
100.998
103.453
105.802
107.992
109.99
111.781
113.361
114.73
115.883
116.802
117.454
117.786
117.734
117.222
116.181
114.55
112.294
109.405
105.912
101.876
97.3867
92.5511
87.4835
82.2907
77.0595
71.8467
66.6729
61.5213
56.341
51.0554
45.5726
39.7984
33.6483
27.058
19.9903
12.439
4.42738
-3.99518
-12.7603
-21.7885
-30.9968
-40.3057
-49.643
-58.9464
-68.1624
-77.2437
-86.1456
-94.8217
-103.22
-111.281
-118.936
-126.107
-132.71
-138.657
-143.858
-148.226
-151.676
-154.13
-155.517
-155.775
