500.0
83
-7.402
-6.8911
-5.6235
-3.62093
-0.950919
2.27935
5.93219
9.85031
13.8683
17.8236
21.5661
24.9657
27.9185
30.3509
32.2219
33.5247
34.2867
34.5681
34.4601
34.08
33.565
33.0638
32.7262
32.6906
33.0717
33.9481
35.3528
37.2659
39.6138
42.2717
45.0734
47.825
50.3225
52.3705
53.8018
54.4926
54.3738
53.4368
51.7312
49.3574
46.4531
43.1771
39.6909
36.1427
32.6534
29.3087
26.1557
23.2066
20.4453
17.839
15.3499
12.9463
10.6113
8.34749
6.1766
4.13521
2.26656
0.610262
-0.808448
-1.98808
-2.95738
-3.77792
-4.54215
-5.36731
-6.38585
-7.73356
-9.53692
-11.9011
-14.8999
-18.5683
-22.8984
-27.8389
-33.2969
-39.143
-45.2168
-51.3347
-57.2975
-62.8982
-67.9301
-72.1944
-75.5083
-77.7127
-78.6796
