500.0
104
-29.3709
-29.2563
-28.9085
-28.3559
-27.6245
-26.7335
-25.6929
-24.5032
-23.158
-21.6491
-19.9723
-18.1343
-16.157
-14.0803
-11.9599
-9.86313
-7.85923
-6.00943
-4.35554
-2.91058
-1.65286
-0.525017
0.561303
1.71549
3.0538
4.68308
6.68482
9.10217
11.932
15.1234
18.5834
22.1886
25.8014
29.2884
32.5373
35.4707
38.0538
40.295
42.2398
43.9582
45.5295
47.0249
48.4928
49.949
51.372
52.7068
53.8737
54.7825
55.3488
55.5099
55.2369
54.5416
53.4766
52.1291
50.6089
49.0328
47.5085
46.1201
44.9177
43.9128
43.0797
42.3624
41.6859
40.9689
40.137
39.1322
37.9193
36.4872
34.8453
33.017
31.0318
28.9166
26.6902
24.3606
21.9258
19.3785
16.713
13.9325
11.055
8.11668
5.17124
2.28464
-0.473371
-3.04001
-5.37045
-7.44671
-9.28274
-10.9243
-12.4431
-13.9267
-15.4638
-17.1299
-18.9736
-21.0066
-23.2001
-25.4871
-27.7709
-29.9385
-31.8772
-33.49
-34.7094
-35.505
-35.8859
-35.8956
