500.0
83
-34.4655
-34.2045
-33.3349
-31.7652
-29.4226
-26.2586
-22.2528
-17.415
-11.7879
-5.44725
1.49835
8.91
16.6226
24.4511
32.1996
39.6716
46.6819
53.0696
58.7091
63.52
67.4734
70.5932
72.9531
74.6681
75.8822
76.7519
77.4297
78.047
78.7004
79.4424
80.277
81.1628
82.0207
82.7465
83.2272
83.3565
83.0498
82.2549
80.9576
79.1814
76.9811
74.4323
71.6173
68.611
65.4679
62.2132
58.8385
55.3041
51.5465
47.4898
43.0608
38.203
32.8896
27.1322
20.983
14.5325
7.90037
1.2222
-5.36586
-11.743
-17.817
-23.5341
-28.882
-33.8882
-38.612
-43.1321
-47.5325
-51.8879
-56.2507
-60.6423
-65.0497
-69.4266
-73.7005
-77.7823
-81.5784
-85.0031
-87.9879
-90.4884
-92.4865
-93.9881
-95.0167
-95.6056
-95.7875
