500.0
98
-8.13123
-7.64647
-6.56419
-4.94781
-2.89267
-0.517181
2.04831
4.67385
7.24188
9.65768
11.8569
13.8091
15.5176
17.0141
18.351
19.5902
20.7921
22.0042
23.2532
24.5393
25.8358
27.0925
28.2425
29.2121
29.9317
30.3461
30.4228
30.1568
29.5711
28.7141
27.6518
26.4583
25.2056
23.9529
22.7388
21.5762
20.4513
19.3271
18.1494
16.8565
15.389
13.7001
11.7638
9.58052
7.17868
4.61351
1.96189
-0.685138
-3.23137
-5.58481
-7.66634
-9.41668
-10.8011
-11.8114
-12.4656
-12.8055
-12.8916
-12.7979
-12.6057
-12.3969
-12.2482
-12.2254
-12.3794
-12.7425
-13.3263
-14.1215
-15.0985
-16.2109
-17.3989
-18.5963
-19.7366
-20.7613
-21.6264
-22.3095
-22.8137
-23.1694
-23.4334
-23.6843
-24.0157
-24.5262
-25.3096
-26.4442
-27.9834
-29.9494
-32.3297
-35.0771
-38.1142
-41.3397
-44.6377
-47.8881
-50.9757
-53.7988
-56.2749
-58.344
-59.9686
-61.1317
-61.8333
-62.0851
