500.0
119
-62.0851
-61.9068
-61.3222
-60.3571
-59.0385
-57.3958
-55.4617
-53.2745
-50.8789
-48.3264
-45.674
-42.9815
-40.3081
-37.7079
-35.2257
-32.894
-30.731
-28.7403
-26.9129
-25.2299
-23.6665
-22.1963
-20.7948
-19.4414
-18.1203
-16.8197
-15.5292
-14.2369
-12.9262
-11.5735
-10.1467
-8.60701
-6.91069
-5.01424
-2.87971
-0.480518
2.19339
5.132
8.30379
11.6569
15.1226
18.6211
22.0681
25.3822
28.4913
31.3382
33.8833
36.1059
38.0028
39.5852
40.8751
41.8999
42.6889
43.269
43.663
43.8878
43.9546
43.8695
43.6346
43.2491
42.7103
42.0144
41.1567
40.1321
38.9357
37.5633
36.0131
34.2867
32.3915
30.3414
28.1585
25.8728
23.5204
21.1416
18.7764
16.4606
14.2207
12.0707
10.0097
8.02123
6.07586
4.13504
2.1572
0.10462
-2.04975
-4.31666
-6.68696
-9.13072
-11.5994
-14.0305
-16.3547
-18.5038
-20.4183
-22.0541
-23.3871
-24.4142
-25.1523
-25.6339
-25.9017
-26.0016
-25.9769
-25.8631
-25.6855
-25.459
-25.1898
-24.8794
-24.5288
-24.1428
-23.7332
-23.3196
-22.9279
-22.5877
-22.3263
-22.1635
-22.1061
-22.1434
-22.2459
-22.3656
-22.4401
