500.0
90
-21.2017
-20.8519
-19.967
-18.5181
-16.4945
-13.9068
-10.7895
-7.20321
-3.23446
1.00624
5.38941
9.77422
14.0184
17.9898
21.5774
24.7018
27.3223
29.4406
31.0987
32.3736
33.3662
34.1876
34.9447
35.725
36.5851
37.543
38.5758
39.6231
40.5967
41.3931
41.9102
42.0629
41.7979
41.1037
40.0157
38.6151
37.0219
35.3826
33.8547
32.59
31.7186
31.3355
31.4926
32.1944
33.4008
35.0329
36.9838
39.1298
41.3426
43.4997
45.4916
47.227
48.6334
49.6559
50.2543
50.3993
50.0695
49.2505
47.9346
46.1237
43.832
41.09
37.9466
34.4701
30.746
26.8714
22.9475
19.0694
15.3158
11.7395
8.36073
5.16361
2.09829
-0.912751
-3.96387
-7.15248
-10.564
-14.2573
-18.2534
-22.5283
-27.0112
-31.5888
-36.1155
-40.4272
-44.3583
-47.7592
-50.5123
-52.5442
-53.8334
-54.4127
