500.0
77
-38.4734
-38.4696
-38.3321
-38.1454
-37.9643
-37.8013
-37.6215
-37.3469
-36.8682
-36.062
-34.8123
-33.0293
-30.6657
-27.7253
-24.264
-20.3821
-16.211
-11.8948
-7.57134
-3.35549
0.672615
4.47266
8.04193
11.4067
14.6088
17.6908
20.6812
23.5843
26.3741
28.9959
31.3722
33.4149
35.038
36.1717
36.7727
36.8313
36.3717
35.4481
34.1355
32.5182
30.6778
28.6822
26.5789
24.3922
22.1252
19.7659
17.2958
14.6999
11.9751
9.13556
6.21552
3.26667
0.352655
-2.45921
-5.10708
-7.54308
-9.73943
-11.6912
-13.4156
-14.9471
-16.331
-17.6145
-18.8394
-20.0352
-21.2155
-22.3779
-23.5059
-24.574
-25.554
-26.4207
-27.1566
-27.755
-28.2196
-28.5624
-28.7995
-28.9455
-29.0093
