500.0
70
-32.7175
-32.4086
-31.7855
-30.8436
-29.5772
-27.9807
-26.0521
-23.7961
-21.229
-18.3812
-15.2993
-12.0464
-8.69941
-5.34506
-2.07371
1.0276
3.88233
6.43074
8.63468
10.4801
11.9773
13.1585
14.0732
14.7831
15.3547
15.8532
16.3369
16.8524
17.4317
18.0909
18.8306
19.6369
20.484
21.3366
22.1532
22.8887
23.4973
23.935
24.1621
24.1452
23.8591
23.2885
22.4288
21.286
19.8767
18.226
16.3651
14.328
12.1476
9.85215
7.4623
4.98894
2.43285
-0.213957
-2.96526
-5.83609
-8.8374
-11.9705
-15.2223
-18.5614
-21.937
-25.2796
-28.5041
-31.5155
-34.2154
-36.5099
-38.317
-39.5728
-40.2364
-40.2922
