500.0
92
-16.9973
-16.8378
-16.2279
-15.2657
-14.0839
-12.8282
-11.6335
-10.6025
-9.78973
-9.19446
-8.76214
-8.39546
-7.97213
-7.36673
-6.47285
-5.22193
-3.59578
-1.63087
0.585934
2.92931
5.25288
7.40887
9.26691
10.7289
11.7376
12.2787
12.3752
12.0773
11.4491
10.5545
9.44669
8.16076
6.71287
5.10425
3.32975
1.38859
-0.704989
-2.91361
-5.17313
-7.39449
-9.47106
-11.2904
-12.7484
-13.7637
-14.2889
-14.3178
-13.8865
-13.0675
-11.9592
-10.6713
-9.30838
-7.95577
-6.66865
-5.46692
-4.33651
-3.2369
-2.11342
-0.912246
0.404564
1.84669
3.38793
4.9648
6.48174
7.82217
8.86369
9.49514
9.63273
9.23281
8.29929
6.8845
5.08338
3.02193
0.841602
-1.31811
-3.33626
-5.12406
-6.63353
-7.86028
-8.84022
-9.64082
-10.3485
-11.0537
-11.8367
-12.7544
-13.8312
-15.0551
-16.3774
-17.7186
-18.9763
-20.0375
-20.7906
-21.1369
