500.0
67
-60.2029
-59.7462
-58.2604
-55.749
-52.2563
-47.8543
-42.6287
-36.6687
-30.0595
-22.8819
-15.2165
-7.15281
1.20015
9.70321
18.1804
26.4177
34.17
41.1741
47.1699
51.9239
55.2551
57.0566
57.3122
56.103
53.6035
50.0673
45.8035
41.1463
36.4219
31.9177
27.8561
24.3778
21.5358
19.3001
17.5733
16.2137
15.0619
13.9682
12.8159
11.5376
10.1227
8.61502
7.10151
5.69441
4.50938
3.64345
3.15604
3.05581
3.29536
3.77435
4.35036
4.85604
5.11981
4.98732
4.34083
3.11381
1.29936
-1.04857
-3.82088
-6.86479
-9.99944
-13.0334
-15.7818
-18.0816
-19.8027
-20.8551
-21.1906
