500.0
154
-29.8767
-29.6031
-28.9016
-27.8308
-26.4485
-24.804
-22.9344
-20.8644
-18.6098
-16.1823
-13.5965
-10.8748
-8.05116
-5.17177
-2.29225
0.527327
3.22926
5.76521
8.10206
10.2253
12.1395
13.8649
15.4324
16.8755
18.2234
19.4947
20.6937
21.8107
22.8252
23.712
24.4497
25.0286
25.457
25.7644
26.001
26.2322
26.5304
26.9632
27.5819
28.4121
29.4458
30.6408
31.9231
33.1964
34.3541
35.2936
35.9312
36.2136
36.1253
35.6911
34.9724
34.0587
33.0557
32.0715
31.2038
30.5301
30.101
29.9389
30.0409
30.3851
30.9384
31.6648
32.5318
33.513
34.5885
35.7407
36.949
38.1831
39.3972
40.528
41.4948
42.2059
42.5667
42.4923
41.9192
40.8165
39.1937
37.1025
34.6343
31.9112
29.0731
26.2622
23.6078
21.2126
19.1437
17.429
16.0589
14.9937
14.1741
13.5329
13.0065
12.5435
12.1092
11.6855
11.2671
10.8543
10.4456
10.0308
9.5871
9.07948
8.46477
7.69995
6.75225
5.60939
4.28759
2.83536
1.33173
-0.121331
-1.41163
-2.43273
-3.1007
-3.36881
-3.23749
-2.75765
-2.02641
-1.17568
-0.355159
0.287619
0.627051
0.575807
0.0951383
-0.80251
-2.05891
-3.58243
-5.26516
-7.00173
-8.70642
-10.3257
-11.8438
-13.2812
-14.6849
-16.1148
-17.6268
-19.2568
-21.0094
-22.8525
-24.7202
-26.5222
-28.1597
-29.5441
-30.6145
-31.3512
-31.7825
-31.9819
-32.0576
-32.1336
-32.3268
-32.7243
-33.3633
-34.2197
-35.2052
-36.1774
-36.9574
-37.357
