500.0
97
-97.7342
-97.4802
-96.8925
-96.1815
-95.5162
-95.0012
-94.6604
-94.4293
-94.1588
-93.6283
-92.5701
-90.6995
-87.7487
-83.5007
-77.8183
-70.6646
-62.1129
-52.3442
-41.6328
-30.3213
-18.7887
-7.41449
3.45531
13.5379
22.6342
30.6388
37.5387
43.4006
48.3498
52.544
56.1454
59.2949
62.0923
64.5843
66.7626
68.5704
69.9175
70.6999
70.8228
70.2208
68.8759
66.8274
64.1746
61.0719
57.7155
54.3261
51.1272
48.3245
46.086
44.5286
43.7086
43.6199
44.1988
45.3332
46.877
48.6655
50.5321
52.3228
53.908
55.1914
56.1135
56.6521
56.8189
56.6534
56.2148
55.5726
54.7983
53.9561
53.0969
52.2519
51.4307
50.6195
49.783
48.8676
47.8071
46.5288
44.9613
43.042
40.7242
37.9833
34.8203
31.264
27.3704
23.2197
18.9107
14.5547
10.2671
6.16041
2.33656
-1.11829
-4.1377
-6.67662
-8.71113
-10.2364
-11.2634
-11.8153
-11.9233
