500.0
98
-108.966
-106.312
-98.7652
-88.025
-75.861
-63.8744
-53.3067
-44.9209
-38.9659
-35.2214
-33.1088
-31.8444
-30.6079
-28.6955
-25.6368
-21.2575
-15.6836
-9.29186
-2.61877
3.75159
9.29976
13.6632
16.6933
18.4702
19.2737
19.5204
19.6787
20.1795
21.3378
23.3004
26.0262
29.3024
32.7905
36.0944
38.8346
40.7169
41.5829
41.4334
40.422
38.8222
36.9738
35.2207
33.8505
33.0476
32.8676
33.2355
33.9694
34.8208
35.5265
35.8594
35.6705
34.9141
33.6521
32.0377
30.2824
28.6136
27.23
26.2651
25.7635
25.6755
25.8691
26.158
26.3384
26.2276
25.6977
24.6975
23.259
21.4881
19.5406
17.5909
15.7969
14.2702
13.0554
12.1241
11.3823
10.6916
9.89723
8.8599
7.48302
5.73132
3.63696
1.29227
-1.16907
-3.59856
-5.86154
-7.86229
-9.5604
-10.9752
-12.1773
-13.2689
-14.357
-15.5244
-16.8049
-18.1677
-19.5147
-20.6907
-21.5067
-21.7714
