500.0
82
-15.4218
-14.8416
-14.0825
-12.9301
-11.1646
-8.59564
-5.09654
-0.632107
4.7261
10.7996
17.3192
23.9549
30.3567
36.1976
41.2145
45.2381
48.2084
50.1734
51.2702
51.694
51.6585
51.357
50.9293
50.4414
49.8811
49.1697
48.1881
46.8113
44.9445
42.5545
39.6892
36.4809
33.1331
29.8923
27.0094
24.6985
23.1005
22.2577
22.1065
22.4873
23.1733
23.9106
24.464
24.6596
24.4157
23.7569
22.807
21.7617
20.8468
20.2681
20.1625
20.5602
21.3664
22.3647
23.246
23.656
23.2556
21.7825
19.1039
15.2486
10.4133
4.93938
-0.737831
-6.15878
-10.9185
-14.7406
-17.534
-19.4214
-20.7327
-21.9635
-23.702
-26.5352
-30.9486
-37.2333
-45.4159
-55.2227
-66.0839
-77.1792
-87.5182
-96.0458
-101.758
-103.812
