500.0
62
-18.3369
-18.2548
-17.7445
-16.7757
-15.3216
-13.3623
-10.8871
-7.8982
-4.41341
-0.469126
3.87782
8.54932
13.4465
18.4519
23.4341
28.2528
32.7674
36.8445
40.3678
43.2452
45.4166
46.8574
47.5802
47.6324
47.091
46.0537
44.6287
42.9236
41.0342
39.0358
36.977
34.8774
32.729
30.5013
28.149
25.6215
22.8729
19.8702
16.5992
13.0681
9.30628
5.36117
1.29172
-2.83885
-6.97051
-11.0525
-15.0474
-18.9316
-22.6942
-26.3321
-29.8445
-33.2266
-36.465
-39.534
-42.3957
-45.003
-47.3039
-49.2498
-50.8023
-51.9406
-52.6661
-53.0044
