500.0
243
-181.689
-181.414
-180.786
-179.984
-179.154
-178.396
-177.758
-177.23
-176.752
-176.222
-175.514
-174.495
-173.042
-171.06
-168.492
-165.328
-161.6
-157.378
-152.758
-147.848
-142.753
-137.562
-132.336
-127.106
-121.869
-116.596
-111.242
-105.752
-100.08
-94.1941
-88.0859
-81.7764
-75.3152
-68.7778
-62.2598
-55.8696
-49.7214
-43.928
-38.5951
-33.8176
-29.6765
-26.2373
-23.5474
-21.634
-20.5006
-20.1225
-20.4429
-21.3685
-22.7677
-24.4719
-26.2794
-27.965
-29.2922
-30.0291
-29.9658
-28.9303
-26.8032
-23.5268
-19.109
-13.621
-7.18895
0.0197527
7.8121
15.9866
24.3486
32.7222
40.9573
48.9319
56.5494
63.733
70.4182
76.5456
82.0567
86.8925
90.9965
94.3212
96.8371
98.542
99.469
99.6908
99.3192
98.499
97.3959
96.1817
95.0161
94.0305
93.3138
92.9043
92.7887
92.9071
93.1659
93.4545
93.6645
93.7084
93.5345
93.1364
92.5554
91.8756
91.212
90.6948
90.4506
90.5844
91.1647
92.2133
93.7019
95.5546
97.6562
99.8647
102.027
103.991
105.625
106.819
107.499
107.624
107.187
106.21
104.738
102.836
100.581
98.0593
95.364
92.5904
89.8346
87.1905
84.7454
82.575
80.738
79.2703
78.1803
77.4461
77.0154
76.8087
76.7255
76.6536
76.4795
76.1
75.4318
74.4197
73.04
71.3017
69.242
66.9208
64.4114
61.792
59.1377
56.515
53.9785
51.571
49.3267
47.2747
45.4443
43.8685
42.5861
41.6405
41.0761
40.9327
41.2374
41.9974
43.1932
44.7755
46.6642
48.7525
50.9138
53.0123
54.9152
56.5045
57.6887
58.4114
58.6564
58.4488
57.8531
56.9661
55.9091
54.8169
53.8265
53.0663
52.6455
52.6453
53.1117
54.05
55.4219
57.1445
59.0924
61.1022
62.9804
64.5145
65.4858
65.6853
64.9294
63.0756
60.0356
55.7841
50.3624
43.8756
36.4836
28.3862
19.8035
10.9554
2.04033
-6.78133
-15.3993
-23.7578
-31.8519
-39.7172
-47.4128
-55.0023
-62.5332
-70.0205
-77.4351
-84.7
-91.6946
-98.2674
-104.254
-109.499
-113.879
-117.319
-119.811
-121.414
-122.254
-122.512
-122.407
-122.173
-122.035
-122.19
-122.785
-123.915
-125.609
-127.842
-130.54
-133.593
-136.873
-140.246
-143.588
-146.788
-149.76
-152.441
-154.789
-156.777
-158.392
-159.631
-160.491
-160.973
-161.076
