500.0
82
-54.1727
-53.6334
-52.493
-50.8463
-48.7877
-46.3981
-43.7359
-40.8335
-37.6987
-34.3215
-30.6829
-26.7664
-22.5671
-18.1
-13.4039
-8.54127
-3.59515
1.33784
6.15564
10.7595
15.0617
18.9913
22.4973
25.549
28.1342
30.2556
31.9266
33.167
34.0002
34.4514
34.5478
34.3198
33.8034
33.0425
32.0909
31.0124
29.8795
28.7699
27.7607
26.9214
26.3062
25.9462
25.8429
25.9644
26.2439
26.5824
26.8551
26.9205
26.6336
25.8594
24.4872
22.4442
19.7047
16.2962
12.3
7.84553
3.09946
-1.74975
-6.51074
-11.0092
-15.1066
-18.7154
-21.809
-24.4246
-26.6581
-28.6526
-30.5803
-32.6206
-34.9378
-37.659
-40.8583
-44.5458
-48.6659
-53.102
-57.6898
-62.234
-66.5292
-70.3784
-73.6099
-76.0885
-77.7196
-78.4478
