500.0
77
-59.2421
-58.5845
-56.8708
-54.1306
-50.4403
-45.9147
-40.696
-34.941
-28.8067
-22.4377
-15.9569
-9.46029
-3.01579
3.33179
9.55262
15.6209
21.503
27.1475
32.4775
37.3887
41.7525
45.4243
48.2574
50.1193
50.9092
50.5742
49.1217
46.6259
43.2281
39.1292
34.576
29.8416
25.2039
20.9226
17.218
14.2555
12.1341
10.8834
10.4672
10.7925
11.7245
13.1031
14.7609
16.5387
18.2987
19.9328
21.3659
22.5552
23.4849
24.1597
24.5953
24.8113
24.824
24.6421
24.2656
23.6862
22.8902
21.8633
20.5945
19.0805
17.3289
15.3591
13.2024
10.9005
8.50263
6.06212
3.63349
1.26944
-0.981261
-3.07507
-4.97424
-6.64689
-8.06677
-9.21315
-10.0709
-10.6308
-10.8906
