500.0
64
-21.1906
-20.8011
-19.7127
-17.9777
-15.6659
-12.8558
-9.62688
-6.05359
-2.20166
1.87373
6.12786
10.5249
15.0352
19.6326
24.2906
28.9799
33.6654
38.3051
42.8483
47.2361
51.4016
55.2723
58.7716
61.8227
64.3519
66.292
67.5866
68.1931
68.0857
67.2575
65.7214
63.5106
60.6777
57.2935
53.4449
49.2319
44.7646
40.1593
35.5342
31.0039
26.6747
22.6376
18.9629
15.6937
12.8418
10.3843
8.2634
6.38906
4.64539
2.9005
1.0193
-1.12178
-3.61962
-6.53059
-9.85995
-13.5562
-17.5113
-21.5683
-25.5343
-29.2
-32.3611
-34.8419
-36.5158
-37.3213
