500.0
101
-31.3411
-31.1558
-30.5483
-29.534
-28.1521
-26.4614
-24.5357
-22.4574
-20.3096
-18.1692
-16.0995
-14.1449
-12.3272
-10.6447
-9.07433
-7.5757
-6.09823
-4.58894
-3.0008
-1.30017
0.527593
2.47523
4.51389
6.5965
8.6639
10.6528
12.5043
14.172
15.6282
16.8675
17.9067
18.782
19.5427
20.2435
20.9354
21.6578
22.4319
23.2569
24.1095
24.9468
25.712
26.342
26.776
26.9638
26.8723
26.4901
25.8286
24.9209
23.8177
22.5815
21.28
19.9796
18.7397
17.609
16.6229
15.8037
15.1618
14.6977
14.4048
14.2714
14.2832
14.423
14.6715
15.0058
15.3991
15.8196
16.2305
16.5908
16.8576
16.9882
16.944
16.6935
16.2153
15.5002
14.5519
13.3858
12.0279
10.5111
8.8718
7.14668
5.36917
3.56742
1.76312
-0.0285233
-1.79778
-3.53879
-5.24758
-6.92017
-8.55109
-10.1324
-11.6536
-13.1015
-14.4614
-15.7175
-16.8538
-17.8548
-18.7056
-19.3926
-19.9031
-20.2261
-20.3531
