500.0
89
-20.3531
-20.2792
-20.0047
-19.537
-18.8923
-18.097
-17.1881
-16.2121
-15.2235
-14.2801
-13.4396
-12.7534
-12.2616
-11.9884
-11.9394
-12.0996
-12.4351
-12.8958
-13.4204
-13.9427
-14.3983
-14.7303
-14.8949
-14.8638
-14.6258
-14.1851
-13.5584
-12.7702
-11.8483
-10.8183
-9.69998
-8.50425
-7.2325
-5.87695
-4.4227
-2.85068
-1.14103
0.723613
2.75524
4.95848
7.32938
9.855
12.5136
15.2751
18.1019
20.9488
23.7645
26.491
29.0651
31.4198
33.4858
35.1954
36.4857
37.3043
37.6135
37.396
36.6578
35.4316
33.7763
31.7749
29.5303
27.1583
24.7787
22.5069
20.444
18.6692
17.2327
16.1525
15.4132
14.9677
14.7419
14.6418
14.5619
14.3947
14.04
13.4138
12.4563
11.1367
9.45754
7.45502
5.19777
2.78261
0.328183
-2.03339
-4.16618
-5.94089
-7.24513
-7.99275
-8.13123
