500.0
85
-60.0843
-59.279
-57.3584
-54.3819
-50.4349
-45.6172
-40.0318
-33.7782
-26.9493
-19.6319
-11.9095
-3.86603
4.41065
12.8279
21.2896
29.7009
37.9746
46.0386
53.8426
61.3618
68.598
75.5748
82.3297
88.9029
95.3237
101.599
107.702
113.57
119.103
124.171
128.626
132.316
135.104
136.884
137.589
137.202
135.758
133.336
130.05
126.038
121.447
116.419
111.082
105.541
99.8816
94.1635
88.4305
82.7127
77.0313
71.4012
65.8307
60.3193
54.8539
49.4038
43.9183
38.3268
32.5423
26.4699
20.0192
13.1186
5.73004
-2.13785
-10.422
-19.0031
-27.7109
-36.3378
-44.6576
-52.4482
-59.5156
-65.714
-70.962
-75.2494
-78.6361
-81.2412
-83.2256
-84.7688
-86.0452
-87.2014
-88.339
-89.5041
-90.6861
-91.8238
-92.8186
-93.5526
-93.9073
