500.0
83
-29.0093
-28.9902
-28.8767
-28.648
-28.2774
-27.738
-27.0089
-26.0813
-24.9623
-23.6774
-22.2693
-20.7935
-19.3125
-17.8874
-16.5705
-15.3975
-14.3836
-13.5208
-12.7797
-12.1142
-11.468
-10.7835
-10.01
-9.11139
-8.07181
-6.89832
-5.62061
-4.28769
-2.96211
-1.71256
-0.60572
0.301544
0.968744
1.37644
1.5285
1.4519
1.1941
0.818405
0.397856
0.00834093
-0.278482
-0.4017
-0.316544
0.00181363
0.556396
1.32864
2.2807
3.35957
4.50266
5.64427
6.72226
7.68424
8.4925
9.12721
9.58745
9.88991
10.0655
10.1543
10.1994
10.2408
10.3097
10.4245
10.589
10.7923
11.0114
11.2153
11.3704
11.446
11.419
11.2774
11.0218
10.6651
10.2301
9.74585
9.24351
8.75215
8.29573
7.89129
7.54903
7.27374
7.06748
6.93275
6.87531
