500.0
79
-46.7666
-46.3153
-45.2217
-43.5429
-41.3491
-38.7149
-35.7119
-32.4025
-28.837
-25.0539
-21.0826
-16.9496
-12.6851
-8.33077
-3.94509
0.39332
4.58631
8.52086
12.0776
15.1421
17.6183
19.4404
20.5839
21.0712
20.973
20.4029
19.5069
18.4477
17.3867
16.4657
15.7897
15.4154
15.3452
15.5282
15.8691
16.2425
16.5117
16.5495
16.2571
15.5798
14.5161
13.1198
11.4937
9.77772
8.13034
6.70893
5.6495
5.04987
4.95816
5.36812
6.22169
7.41831
8.82923
10.3147
11.7412
12.9966
14.001
14.7114
15.1208
15.2518
15.1462
14.8525
14.4139
13.8587
13.1944
12.4075
11.4675
10.3358
8.97656
7.36905
5.51815
3.46186
1.27423
-0.936843
-3.03687
-4.87615
-6.30375
-7.18235
-7.402
