500.0
60
-95.7875
-95.5867
-95.0119
-94.0537
-92.6857
-90.869
-88.5599
-85.7193
-82.3219
-78.3642
-73.8698
-68.8909
-63.5063
-57.8165
-51.9352
-45.9813
-40.0691
-34.302
-28.7669
-23.5319
-18.6473
-14.1476
-10.0557
-6.38676
-3.15144
-0.357165
1.9923
3.8994
5.37654
6.45026
7.16459
7.58246
7.78438
7.86379
7.91928
8.04443
8.31636
8.78469
9.46246
10.3208
11.2881
12.255
13.0842
13.6244
13.7281
13.2686
12.1568
10.3543
7.88067
4.81482
1.28985
-2.51856
-6.40843
-10.1706
-13.6085
-16.5561
-18.8919
-20.5477
-21.5107
-21.8192
