500.0
93
-21.7714
-21.3249
-20.0699
-17.9924
-15.1704
-11.7664
-8.00589
-4.14496
-0.43211
2.92874
5.80814
8.16864
10.067
11.6408
13.0817
14.6001
16.3869
18.5797
21.2376
24.3303
27.7416
31.2869
34.7425
37.8789
40.4955
42.4482
43.6675
44.1634
44.018
43.3662
42.3696
41.1884
39.956
38.7596
37.6319
36.5529
35.4608
34.2711
32.8972
31.2719
29.3618
27.1766
24.7681
22.222
19.6441
17.1422
14.8098
12.7129
10.8819
9.31145
7.96562
6.78875
5.71808
4.69619
3.68048
2.64798
1.59486
0.531138
-0.527742
-1.57035
-2.59713
-3.62475
-4.68565
-5.82259
-7.07918
-8.48846
-10.0619
-11.7814
-13.5966
-15.4286
-17.1794
-18.7469
-20.0421
-21.0056
-21.6204
-21.9192
-21.9823
-21.9286
-21.8994
-22.0371
-22.4637
-23.2617
-24.4602
-26.0302
-27.8883
-29.9097
-31.9465
-33.8509
-35.496
-36.7941
-37.7071
-38.2479
-38.4734
