500.0
114
-52.9884
-52.7453
-52.1872
-51.3118
-50.1227
-48.6299
-46.8509
-44.8123
-42.5515
-40.1176
-37.571
-34.9824
-32.4291
-29.9919
-27.7506
-25.78
-24.1467
-22.9076
-22.1101
-21.7924
-21.9859
-22.7161
-24.0025
-25.8559
-28.2736
-31.2312
-34.6737
-38.5055
-42.5835
-46.7128
-50.6504
-54.1148
-56.8043
-58.4222
-58.7059
-57.4586
-54.5773
-50.0739
-44.0862
-36.8746
-28.8041
-20.3135
-11.8731
-3.93627
3.10877
8.98126
13.5383
16.7886
18.8875
20.113
20.8258
21.4181
22.2587
23.6403
25.7379
28.5839
32.0621
35.9234
39.8198
43.3529
46.1288
47.8138
48.1805
47.1398
44.754
41.2294
36.8883
32.1282
27.3695
23.0036
19.3454
16.5984
14.8361
14.0014
13.9237
14.3498
14.9837
15.5287
15.7264
15.3856
14.4003
12.7517
10.4978
7.75337
4.66191
1.36816
-2.00674
-5.38232
-8.72618
-12.0511
-15.4035
-18.8453
-22.4342
-26.2048
-30.1556
-34.2429
-38.3835
-42.4652
-46.3627
-49.9568
-53.1523
-55.8921
-58.1648
-60.0039
-61.4801
-62.6866
-63.7216
-64.6694
-65.5853
-66.4855
-67.3443
-68.0993
-68.663
-68.9396
