500.0
84
-54.4127
-54.3649
-53.8145
-52.9149
-51.8326
-50.7318
-49.7587
-49.0288
-48.6171
-48.5521
-48.8146
-49.3397
-50.0227
-50.7276
-51.2982
-51.5696
-51.3806
-50.5857
-49.0658
-46.7366
-43.5557
-39.5246
-34.6894
-29.1367
-22.9861
-16.3805
-9.47383
-2.41838
4.64748
11.6095
18.3844
24.9225
31.2053
37.2389
43.0432
48.6389
54.0342
59.2124
64.1239
68.6823
72.7671
76.2325
78.9216
80.6834
81.3928
80.9685
79.3872
76.693
72.9984
68.4785
63.3578
57.8909
52.3408
46.9552
41.9461
37.4737
33.6359
30.4664
27.939
25.9788
24.4767
23.3072
22.3448
21.4779
20.6192
19.71
18.7198
17.6415
16.4839
15.2625
13.9915
12.6775
11.3175
9.89913
8.40635
6.82602
5.15666
3.4165
1.64957
-0.0714461
-1.6465
-2.95366
-3.85852
-4.22648
