500.0
85
-93.9073
-93.7816
-93.1047
-91.8445
-90.0074
-87.6337
-84.7865
-81.539
-77.9609
-74.107
-70.01
-65.6782
-61.0984
-56.2431
-51.0815
-45.5903
-39.7641
-33.623
-27.2157
-20.6181
-13.9274
-7.25326
-0.706663
5.61092
11.6168
17.2534
22.4905
27.3243
31.7717
35.8641
39.6385
43.1301
46.3657
49.3608
52.1181
54.6299
56.8819
58.8581
60.5459
61.94
63.0442
63.8712
64.4396
64.77
64.8785
64.7717
64.4409
63.8597
62.9827
61.7471
60.0773
57.8908
55.106
51.6493
47.4631
42.5107
36.7801
30.2848
23.0622
15.1697
6.67905
-2.3298
-11.7754
-21.5801
-31.6739
-41.9962
-52.4948
-63.1229
-73.834
-84.5758
-95.2842
-105.878
-116.256
-126.296
-135.861
-144.8
-152.967
-160.224
-166.458
-171.597
-175.611
-178.527
-180.421
-181.42
-181.689
