500.0
128
-29.7942
-29.407
-28.4588
-26.9857
-25.0376
-22.6761
-19.9734
-17.0108
-13.8772
-10.6673
-7.47818
-4.40528
-1.53682
1.05201
3.30504
5.19018
6.70279
7.86658
8.73148
9.36847
9.86168
10.2986
10.7593
11.3068
11.9787
12.7824
13.6945
14.6642
15.6203
16.4822
17.1713
17.6232
17.7983
17.6883
17.3192
16.7495
16.0636
15.362
14.7487
14.3187
14.1461
14.2753
14.7159
15.4419
16.3958
17.4955
18.6445
19.7427
20.6967
21.429
21.8836
22.029
21.858
21.3845
20.6388
19.6621
18.5007
17.2013
15.8083
14.3619
12.8976
11.4473
10.0401
8.7027
7.45992
6.33348
5.34049
4.49135
3.78774
3.22136
2.77375
2.41765
2.11991
1.84557
1.5626
1.24655
0.884367
0.476454
0.0367893
-0.409268
-0.829127
-1.18852
-1.45762
-1.61671
-1.66051
-1.60047
-1.46448
-1.29427
-1.1406
-1.05719
-1.09433
-1.29299
-1.68058
-2.26873
-3.05341
-4.01734
-5.13404
-6.37278
-7.70364
-9.10167
-10.5497
-12.0391
-13.5691
-15.1442
-16.7708
-18.4538
-20.1937
-21.9843
-23.8127
-25.6604
-27.5051
-29.3244
-31.0979
-32.8107
-34.4538
-36.0247
-37.5254
-38.9601
-40.3322
-41.6406
-42.878
-44.0294
-45.0727
-45.9804
-46.7229
-47.2726
-47.6072
-47.7133
