500.0
87
-17.2025
-17.1361
-16.8106
-16.2557
-15.5185
-14.6581
-13.7381
-12.8196
-11.9539
-11.1771
-10.5067
-9.9424
-9.46763
-9.05492
-8.67161
-8.28581
-7.87138
-7.41078
-6.89573
-6.32534
-5.70257
-5.02993
-4.30546
-3.52036
-2.65903
-1.70186
-0.63065
0.5642
1.87614
3.27602
4.70841
6.0919
7.324
8.29054
8.87863
8.99144
8.56276
7.56893
6.03617
4.04176
1.70858
-0.806707
-3.3303
-5.69054
-7.73726
-9.35828
-10.4908
-11.1263
-11.3076
-11.1195
-10.6743
-10.0943
-9.49369
-8.96356
-8.56146
-8.30694
-8.18375
-8.14773
-8.139
-8.09608
-7.96951
-7.73266
-7.3881
-6.96856
-6.53247
-6.15528
-5.91788
-5.8945
-6.1419
-6.69168
-7.54683
-8.68277
-10.0523
-11.5935
-13.2389
-14.9237
-16.593
-18.2049
-19.7309
-21.1534
-22.4605
-23.6404
-24.6769
-25.5453
-26.2132
-26.6423
-26.7941
