500.0
107
-47.7133
-47.5879
-47.2386
-46.6817
-45.9395
-45.0359
-43.9926
-42.825
-41.5403
-40.1367
-38.6046
-36.9299
-35.0981
-33.0989
-30.931
-28.6051
-26.1456
-23.5901
-20.9866
-18.3896
-15.8544
-13.4313
-11.1602
-9.0667
-7.15965
-5.43069
-3.85596
-2.39936
-1.01691
0.338319
1.71147
3.14176
4.65941
6.28378
8.02262
9.87241
11.8194
13.841
15.9081
17.9861
20.0378
22.0248
23.9098
25.659
27.2442
28.6453
29.852
30.865
31.6968
32.3703
32.9175
33.3757
33.7833
34.1763
34.5831
35.0219
35.4987
36.0072
36.531
37.0468
37.5293
37.9557
38.3102
38.5867
38.7897
38.9322
39.0326
39.1085
39.1711
39.219
39.2341
39.1799
39.003
38.6375
38.0132
37.0645
35.7407
34.0151
31.8915
29.4071
26.631
23.6582
20.6002
17.5722
14.6801
12.0078
9.60759
7.4942
5.64404
3.99936
2.47694
0.980051
-0.587899
-2.30993
-4.24402
-6.41508
-8.81126
-11.3849
-14.0579
-16.7302
-19.2906
-21.6282
-23.6432
-25.2549
-26.4082
-27.0763
-27.2603
