500.0
81
-78.6796
-78.3191
-76.5849
-73.4779
-69.0476
-63.3902
-56.6432
-48.9777
-40.5876
-31.6771
-22.4486
-13.0916
-3.77315
5.36657
14.2163
22.6909
30.7255
38.2674
45.2675
51.6731
57.4226
62.4446
66.6609
69.9937
72.376
73.7634
74.1459
73.5573
72.0804
69.8469
67.031
63.8374
60.4844
57.1837
54.12
51.4324
49.1991
47.4293
46.0612
44.9686
43.973
42.8628
41.4147
39.4167
36.6895
33.1043
28.5954
23.1655
16.8854
9.88618
2.34672
-5.52282
-13.4994
-21.3656
-28.9267
-36.024
-42.5455
-48.43
-53.6686
-58.3001
-62.404
-66.0897
-69.4846
-72.7215
-75.9258
-79.2051
-82.6399
-86.2782
-90.1321
-94.1789
-98.364
-102.607
-106.811
-110.867
-114.669
-118.117
-121.121
-123.611
-125.528
-126.829
-127.476
