500.0
82
-68.4529
-68.3
-66.5962
-63.27
-58.3618
-52.0239
-44.5081
-36.1432
-27.3055
-18.3851
-9.7513
-1.72287
5.45577
11.6285
16.7315
20.7869
23.8887
26.1819
27.8402
29.0431
29.9568
30.7207
31.4397
32.1837
32.9917
33.8797
34.8498
35.899
37.0245
38.2259
39.504
40.8551
42.2654
43.7038
45.1176
46.4315
47.5506
48.3687
48.7789
48.6877
48.028
46.7702
44.9286
42.5622
39.7689
36.674
33.4145
30.1207
26.8994
23.8197
20.9053
18.133
15.4397
12.7352
9.92001
6.9046
3.62796
0.0712191
-3.73513
-7.7122
-11.7418
-15.6823
-19.3893
-22.7378
-25.6414
-28.0673
-30.043
-31.6541
-33.0327
-34.3394
-35.7391
-37.3769
-39.3548
-41.7149
-44.4305
-47.4054
-50.4841
-53.4676
-56.1358
-58.2703
-59.6771
-60.2029
