500.0
141
18.8135
19.4206
20.805
22.8467
25.3948
28.2851
31.3581
34.4748
37.5279
40.4486
43.2078
45.8113
48.2923
50.6991
53.0836
55.4888
57.9399
60.4375
62.9559
65.4445
67.8338
70.043
71.9898
73.5999
74.8152
75.5998
75.9437
75.862
75.3926
74.5914
73.5256
72.2671
70.8868
69.4498
68.0128
66.6236
65.3219
64.1423
63.1167
62.2777
61.66
61.3011
61.2397
61.5128
62.151
63.1732
64.5811
66.3547
68.4489
70.792
73.2877
75.8177
78.2484
80.4377
82.2447
83.5382
84.2058
84.162
83.355
81.7706
79.4355
76.417
72.8214
68.7896
64.4909
60.1152
55.863
51.9347
48.5192
45.782
43.854
42.8221
42.7212
43.5302
45.1711
47.5126
50.3778
53.5554
56.8146
59.9217
62.6568
64.8296
66.2928
66.9508
66.7641
65.748
63.9662
61.5204
58.5367
55.1506
51.4927
47.6766
43.7896
39.888
35.9974
32.1158
28.2207
24.2778
20.2493
16.1021
11.813
7.3708
2.77581
-1.96356
-6.83606
-11.8333
-16.9549
-22.2113
-27.6248
-33.2264
-39.0509
-45.1291
-51.4799
-58.1022
-64.9694
-72.0265
-79.1915
-86.3602
-93.4156
-100.239
-106.722
-112.781
-118.362
-123.453
-128.078
-132.303
-136.218
-139.931
-143.552
-147.178
-150.88
-154.69
-158.595
-162.537
-166.411
-170.077
-173.367
-176.099
-178.095
-179.185
-179.231
