500.0
85
-21.8192
-21.5524
-20.8166
-19.7284
-18.3982
-16.9156
-15.3391
-13.6908
-11.9569
-10.0936
-8.03804
-5.72215
-3.08712
-0.0974084
3.24852
6.91191
10.8129
14.8352
18.8362
22.6607
26.1568
29.1917
31.6656
33.5222
34.7526
35.3955
35.5293
35.2617
34.7141
34.0063
33.241
32.4921
31.7971
31.1556
30.5338
29.8738
29.1071
28.1704
27.0201
25.6447
24.0721
22.3706
20.6437
19.0182
17.6275
16.5927
16.0027
15.8986
16.2618
17.0107
18.0053
19.0593
19.9605
20.4946
20.4716
19.7502
18.2571
15.9995
13.0672
9.62551
5.89836
2.14414
-1.37317
-4.41388
-6.78985
-8.38582
-9.1721
-9.20715
-8.62975
-7.64181
-6.48407
-5.40768
-4.64519
-4.38439
-4.74814
-5.78212
-7.45192
-9.64913
-12.2054
-14.9125
-17.5452
-19.8847
-21.7401
-22.9645
-23.4655
