500.0
80
-179.231
-178.123
-175.795
-172.222
-167.42
-161.445
-154.384
-146.353
-137.488
-127.94
-117.865
-107.426
-96.7841
-86.0941
-75.5053
-65.1569
-55.1769
-45.6802
-36.7675
-28.5242
-21.0193
-14.3056
-8.41875
-3.3781
0.813359
4.1682
6.71377
8.4913
9.55493
9.97052
9.8144
9.17177
8.13494
6.80116
5.27021
3.64176
2.01261
0.474059
-0.890561
-2.00788
-2.81598
-3.26532
-3.31908
-2.95306
-2.15536
-0.925785
0.724455
2.77304
5.18651
7.92001
10.9171
14.1096
17.4181
20.7531
24.0168
27.1067
29.9193
32.355
34.3238
35.7505
36.5798
36.7799
36.3458
35.2994
33.6887
31.5851
29.0791
26.274
23.2803
20.209
17.1656
14.2454
11.5296
9.08377
6.95664
5.18167
3.77896
2.75812
2.12144
1.86686
