500.0
60
-11.6194
-11.1053
-9.96484
-8.18863
-5.81739
-2.94062
0.310378
3.77454
7.27657
10.6441
13.7241
16.3963
18.5827
20.2506
21.411
22.1113
22.4247
22.4383
22.2404
21.9114
21.5163
21.1025
20.7008
20.3289
19.9975
19.7153
19.4933
19.3466
19.2928
19.3483
19.5227
19.8122
20.1948
20.6274
21.0459
21.3704
21.5123
21.3843
20.9119
20.0428
18.7548
17.0588
14.998
12.6424
10.0797
7.40407
4.70537
2.05916
-0.479405
-2.87763
-5.12307
-7.21744
-9.16814
-10.9792
-12.6431
-14.1363
-15.4178
-16.4326
-17.1192
-17.4192
