500.0
121
-155.775
-154.851
-152.71
-149.331
-144.718
-138.904
-131.958
-123.986
-115.136
-105.595
-95.5857
-85.355
-75.1631
-65.267
-55.9046
-47.2786
-39.5439
-32.7987
-27.0812
-22.3728
-18.6062
-15.6789
-13.469
-11.852
-10.7157
-9.97171
-9.56152
-9.45675
-9.65338
-10.1612
-10.9901
-12.1356
-13.566
-15.2133
-16.9695
-18.6898
-20.2011
-21.3171
-21.8561
-21.6601
-20.6125
-18.652
-15.7808
-12.0657
-7.63177
-2.65044
2.67807
8.14446
13.5503
18.7253
23.541
27.9173
31.8239
35.2749
38.3186
41.0245
43.469
45.7217
47.8353
49.8389
51.7366
53.5103
55.1262
56.5437
57.7254
58.6453
59.2954
59.6881
59.856
59.8465
59.7154
59.5178
59.2995
59.0898
58.8967
58.7056
58.4815
58.1746
57.7277
57.0849
56.2004
55.0447
53.6093
51.9069
49.9688
47.8397
45.5694
43.205
40.783
38.3232
35.8261
33.2727
30.6292
27.8529
24.9008
21.7391
18.3508
14.7423
10.9458
7.01897
3.04019
-0.898603
-4.70165
-8.2797
-11.5597
-14.4925
-17.0574
-19.2637
-21.1473
-22.765
-24.1859
-25.4814
-26.7148
-27.9326
-29.1572
-30.3831
-31.5754
-32.6722
-33.5885
-34.223
-34.4655
