500.0
93
24.2848
24.5915
25.4366
26.8484
28.8025
31.2186
33.9637
36.8627
39.7138
42.3088
44.4534
45.9871
46.7982
46.8334
46.1011
44.6676
42.6473
40.1893
37.4615
34.6346
31.868
29.299
27.0352
25.152
23.6928
22.6719
22.0791
21.8853
22.0472
22.5123
23.2229
24.1197
25.1448
26.2455
27.3778
28.509
29.6212
30.7122
31.7955
32.8976
34.0534
35.2984
36.6611
38.1539
39.7655
41.4565
43.158
44.7742
46.1904
47.2839
47.9366
48.0491
47.5525
46.4165
44.6538
42.3177
39.4961
36.3
32.8508
29.2664
25.65
22.082
18.6163
15.2817
12.088
9.03358
6.11491
3.33408
0.70355
-1.75338
-4.00664
-6.02733
-7.79801
-9.3233
-10.6384
-11.8134
-12.9522
-14.1848
-15.6541
-17.4987
-19.8335
-22.7315
-26.2092
-30.2183
-34.6449
-39.3165
-44.0158
-48.5006
-52.5248
-55.861
-58.3179
-59.7541
-60.0843
