500.0
69
16.8238
16.9901
17.3802
18.0233
18.9328
20.1051
21.5194
23.1372
24.9038
26.7497
28.5937
30.3465
31.9161
33.2132
34.1577
34.6845
34.7491
34.3316
33.4389
32.1048
30.3879
28.367
26.1353
23.7925
21.4383
19.1643
17.0487
15.152
13.5151
12.1592
11.088
10.2908
9.74751
9.43208
9.31718
9.37679
9.58796
9.93097
10.3883
10.9427
11.5742
12.2579
12.9613
13.6427
14.2506
14.7243
14.9954
14.9905
14.6345
13.8546
12.5848
10.77
8.37049
5.36547
1.75674
-2.42891
-7.13794
-12.2895
-17.776
-23.4652
-29.2037
-34.8217
-40.1395
-44.9745
-49.1501
-52.5034
-54.8948
-56.2154
-56.3944
