500.0
68
-23.4655
-23.2095
-22.2194
-20.5669
-18.3618
-15.7387
-12.844
-9.82414
-6.81589
-3.93997
-1.29689
1.03461
2.99759
4.55609
5.69412
6.41489
6.74035
6.71085
6.38434
5.83476
5.14872
4.42058
3.74546
3.21091
2.88779
2.82154
3.02486
3.47337
4.10474
4.82233
5.50304
6.00902
6.20218
5.95977
5.18952
3.84225
1.92051
-0.518075
-3.36328
-6.4607
-9.62509
-12.6575
-15.3644
-17.5762
-19.1644
-20.0536
-20.2295
-19.739
-18.6863
-17.2212
-15.5247
-13.7911
-12.2091
-10.9447
-10.1264
-9.83464
-10.0966
-10.8865
-12.1311
-13.7192
-15.5149
-17.372
-19.149
-20.7221
-21.9957
-22.9091
-23.4385
-23.5959
