500.0
79
-3.61791
-3.49839
-3.30634
-3.09601
-2.91369
-2.79058
-2.73634
-2.73469
-2.74184
-2.68854
-2.48575
-2.03376
-1.23379
-0.00071171
1.72456
3.96477
6.69958
9.8634
13.3484
17.0124
20.6912
24.2132
27.4156
30.1591
32.3404
33.9001
34.8261
35.1513
34.9467
34.3113
33.3593
32.2077
30.9643
29.7196
28.5404
27.4693
26.5256
25.7104
25.0123
24.4139
23.8966
23.4449
23.0469
22.6942
22.3787
22.0896
21.8098
21.5132
21.164
20.7179
20.1248
19.3338
18.2978
16.9792
15.3532
13.4101
11.1548
8.6047
5.78474
2.72264
-0.556602
-4.03489
-7.70333
-11.5619
-15.6165
-19.8736
-24.3334
-28.9825
-33.787
-38.6878
-43.5989
-48.409
-52.9862
-57.1861
-60.8625
-63.8782
-66.1157
-67.4871
-67.9403
