500.0
102
-89.2117
-89.024
-87.9998
-86.2415
-83.8873
-81.0987
-78.0444
-74.8852
-71.758
-68.7648
-65.9639
-63.3676
-60.9446
-58.6283
-56.3282
-53.945
-51.3855
-48.5768
-45.4772
-42.0827
-38.4276
-34.5808
-30.6363
-26.7007
-22.8797
-19.2643
-15.9198
-12.8794
-10.1417
-7.67475
-5.42306
-3.31913
-1.2956
0.703089
2.71162
4.73873
6.76696
8.75713
10.6567
12.4106
13.9723
15.3138
16.4317
17.3498
18.1158
18.7946
19.4583
20.1741
20.9938
21.9456
23.0298
24.2196
25.4666
26.71
27.8883
28.9506
29.8667
30.6328
31.2726
31.8331
32.3761
32.9663
33.6586
34.4864
35.4534
36.5301
37.656
38.7471
39.7073
40.4428
40.8755
40.9547
40.6638
40.0222
39.0805
37.9111
36.5955
35.2094
33.8102
32.4277
31.0591
29.6713
28.2078
26.6006
24.7846
22.7113
20.3614
17.751
14.9339
11.9969
9.04953
6.21073
3.59375
1.292
-0.631705
-2.15111
-3.27654
-4.04956
-4.533
-4.79844
-4.91335
-4.93002
