500.0
92
-27.2603
-26.9874
-26.3061
-25.2816
-23.9904
-22.5153
-20.9413
-19.3515
-17.8243
-16.4298
-15.2273
-14.2616
-13.5602
-13.1304
-12.9572
-13.0031
-13.2088
-13.497
-13.7775
-13.9551
-13.9379
-13.6465
-13.0219
-12.032
-10.6751
-8.98041
-7.00462
-4.82611
-2.53626
-0.229869
2.00447
4.09267
5.98116
7.63989
9.06217
10.2616
11.2665
12.1136
12.8407
13.4812
14.0592
14.5878
15.0687
15.4951
15.8549
16.1347
16.3245
16.4201
16.4253
16.3517
16.2171
16.0427
15.8499
15.657
15.4762
15.3129
15.165
15.0245
14.8799
14.7194
14.5336
14.3189
14.0786
13.8235
13.5713
13.3441
13.1656
13.0579
13.0376
13.1136
13.2844
13.5375
13.8497
14.188
14.5119
14.7766
14.9359
14.9458
14.7682
14.3735
13.7444
12.8775
11.7853
10.4973
9.05958
7.53397
5.99512
4.52694
3.21747
2.15284
1.41065
1.05328
