500.0
134
-161.076
-160.802
-160.151
-159.124
-157.721
-155.943
-153.787
-151.249
-148.323
-144.998
-141.27
-137.135
-132.603
-127.696
-122.457
-116.945
-111.238
-105.428
-99.6082
-93.8679
-88.2786
-82.8845
-77.695
-72.6821
-67.7823
-62.9048
-57.9441
-52.7955
-47.3727
-41.6225
-35.537
-29.1585
-22.5784
-15.9287
-9.36645
-3.05528
2.85582
8.2518
13.067
17.2944
20.9871
24.2526
27.2399
30.1226
33.0791
36.2741
39.8424
43.8785
48.4318
53.5076
59.0738
65.0699
71.4182
78.0338
84.832
91.7322
98.6583
105.536
112.286
118.823
125.047
130.848
136.103
140.686
144.479
147.378
149.31
150.237
150.167
149.15
147.275
144.665
141.462
137.815
133.866
129.743
125.549
121.361
117.233
113.2
109.285
105.507
101.892
98.4707
95.284
92.3793
89.8048
87.602
85.7969
84.3938
83.3694
82.6726
82.226
81.9321
81.6822
81.3662
80.8826
80.1474
79.0997
77.7046
75.9526
73.8557
71.4416
68.747
65.8102
62.6656
59.3394
55.8481
52.1979
48.387
44.408
40.2509
35.9057
31.3643
26.6213
21.6743
16.5237
11.1718
5.62399
-0.111166
-6.01933
-12.0776
-18.2512
-24.4897
-30.724
-36.865
-42.8025
-48.4078
-53.5363
-58.0332
-61.7397
-64.5005
-66.1711
-66.6259
