500.0
84
-31.7819
-31.6211
-31.2497
-30.6065
-29.6148
-28.1922
-26.2637
-23.7765
-20.7131
-17.1016
-13.0182
-8.58452
-3.95626
0.692623
5.1898
9.38441
13.164
16.4657
19.2797
21.6451
23.6377
25.353
26.8867
28.3168
29.6889
31.0094
32.245
33.3307
34.1835
34.7192
34.8696
34.597
33.9023
32.8272
31.4489
29.8679
28.1936
26.5271
24.948
23.5038
22.2074
21.0397
19.9587
18.9126
17.8535
16.7499
15.5949
14.409
13.2367
12.1375
11.1742
10.3993
9.84399
9.51083
9.37242
9.37599
9.4533
9.5338
9.55854
9.49174
9.32778
9.09181
8.83358
8.6155
8.49695
8.51778
8.68428
8.9605
9.26697
9.48764
9.48427
9.11638
8.26345
6.84603
4.84203
2.29562
-0.682937
-3.92651
-7.2281
-10.3629
-13.1122
-15.2855
-16.7375
-17.3791
