500.0
78
-28.7095
-28.6663
-28.1869
-27.3175
-26.116
-24.6451
-22.965
-21.1273
-19.1716
-17.1233
-14.9964
-12.7975
-10.5322
-8.21307
-5.86635
-3.53714
-1.29172
0.783975
2.58978
4.02012
4.97545
5.37462
5.16666
4.34016
2.929
1.0133
-1.28463
-3.80901
-6.38307
-8.82384
-10.9575
-12.6339
-13.7381
-14.1985
-13.991
-13.1384
-11.7067
-9.79754
-7.53955
-5.07838
-2.56671
-0.154914
2.01728
3.82797
5.17912
6.00142
6.25805
5.94711
5.1024
3.79224
2.11584
0.196979
-1.825
-3.80654
-5.61267
-7.13019
-8.2796
-9.02434
-9.37587
-9.39357
-9.1791
-8.86546
-8.60196
-8.5367
-8.79872
-9.48225
-10.6349
-12.2518
-14.2754
-16.603
-19.0981
-21.6062
-23.972
-26.0553
-27.7439
-28.962
-29.6729
-29.8767
