500.0
89
-72.8457
-72.224
-69.3816
-64.2717
-56.9462
-47.5536
-36.3313
-23.5917
-9.70434
4.92466
19.8739
34.7272
49.0925
62.6168
74.9977
85.991
95.4141
103.146
109.127
113.351
115.859
116.738
116.106
114.107
110.903
106.665
101.564
95.7659
89.4238
82.6746
75.6356
68.4048
61.0622
53.6738
46.2961
38.9819
31.7849
24.7637
17.983
11.513
5.42568
-0.210848
-5.33986
-9.92362
-13.9504
-17.4395
-20.4434
-23.0458
-25.3569
-27.5048
-29.6239
-31.8437
-34.2762
-37.006
-40.083
-43.5189
-47.2879
-51.3308
-55.5625
-59.8821
-64.1832
-68.3641
-72.3365
-76.0322
-79.4068
-82.4411
-85.1402
-87.5305
-89.657
-91.5782
-93.3633
-95.0879
-96.8315
-98.6738
-100.692
-102.955
-105.523
-108.435
-111.71
-115.336
-119.264
-123.407
-127.637
-131.786
-135.648
-138.992
-141.572
-143.135
-143.444
