500.0
87
-11.2847
-11.1769
-10.7791
-10.1167
-9.23699
-8.20579
-7.1004
-6.00162
-4.98508
-4.11312
-3.42838
-2.94971
-2.67121
-2.56412
-2.58148
-2.66473
-2.75126
-2.78188
-2.70723
-2.49217
-2.11792
-1.58155
-0.893351
-0.0725606
0.857732
1.8756
2.96443
4.11558
5.32926
6.61356
7.98203
9.45019
11.0317
12.735
14.5603
16.4984
18.5306
20.6298
22.7624
24.8914
26.9787
28.988
30.8864
32.6451
34.2403
35.6525
36.8656
37.8662
38.6427
39.1848
39.483
39.529
39.3157
38.8378
38.0921
37.0779
35.7971
34.2544
32.4577
30.4182
28.1508
25.6748
23.0144
20.1987
17.2621
14.243
11.1825
8.1225
5.10215
2.15525
-0.692887
-3.42761
-6.04586
-8.5555
-10.9729
-13.3186
-15.6123
-17.8665
-20.0815
-22.2405
-24.3079
-26.2302
-27.9389
-29.3578
-30.4111
-31.0336
-31.1796
