500.0
59
-39.5102
-39.19
-38.429
-37.2458
-35.6918
-33.8467
-31.8097
-29.6866
-27.5768
-25.5603
-23.688
-21.9768
-20.4098
-18.9427
-17.5144
-16.0607
-14.5285
-12.8883
-11.1427
-9.32945
-7.51858
-5.80361
-4.28893
-3.07482
-2.24282
-1.84374
-1.89026
-2.35514
-3.17523
-4.26043
-5.50605
-6.80634
-8.0671
-9.21534
-10.2048
-11.0166
-11.6559
-12.1452
-12.5156
-12.7995
-13.024
-13.2075
-13.3604
-13.4871
-13.5914
-13.6815
-13.7736
-13.8942
-14.0775
-14.3609
-14.7776
-15.3479
-16.0709
-16.9196
-17.8385
-18.7469
-19.5463
-20.1314
-20.4031
