500.0
90
-58.8831
-58.5443
-57.7839
-56.5419
-54.7711
-52.445
-49.5639
-46.1581
-42.2867
-38.0332
-33.4976
-28.7862
-24.0004
-19.2268
-14.5296
-9.94659
-5.48939
-1.14826
3.10012
7.2825
11.4185
15.5115
19.542
23.465
27.2117
30.6952
33.8185
36.4854
38.6104
40.1277
40.9979
41.2105
40.7838
39.7617
38.2077
36.199
33.8195
31.1552
28.2899
25.3034
22.2715
19.266
16.3553
13.6045
11.0734
8.81446
6.86851
5.26069
3.99646
3.05906
2.40914
1.987
1.71754
1.51745
1.30371
1.00232
0.555806
-0.071472
-0.891106
-1.8918
-3.04362
-4.30462
-5.6286
-6.9728
-8.30412
-9.60311
-10.865
-12.0982
-13.3201
-14.5521
-15.8143
-17.1209
-18.478
-19.8828
-21.3253
-22.792
-24.2687
-25.745
-27.2152
-28.6786
-30.1374
-31.5918
-33.0353
-34.4497
-35.8012
-37.0397
-38.1013
-38.9135
-39.4039
-39.5102
