500.0
87
-66.6259
-65.7642
-63.5173
-59.853
-54.7799
-48.3497
-40.6587
-31.8466
-22.0938
-11.6164
-0.658245
10.5189
21.647
32.465
42.7321
52.2396
60.8211
68.3583
74.7833
80.0757
84.2557
87.3733
89.4963
90.6968
91.041
90.5809
89.352
87.375
84.663
81.2323
77.1144
72.3685
67.09
61.4154
55.5198
49.6086
43.9025
38.6187
33.9489
30.0393
26.9732
24.7599
23.3317
22.5492
22.2144
22.0902
21.9244
21.4742
20.5284
18.926
16.5667
13.4149
9.49532
4.88258
-0.314433
-5.97013
-11.9599
-18.1754
-24.5358
-30.9947
-37.5407
-44.1946
-51.0027
-58.0275
-65.3381
-73.0008
-81.0708
-89.5866
-98.5646
-107.997
-117.851
-128.068
-138.562
-149.224
-159.924
-170.512
-180.823
-190.684
-199.92
-208.362
-215.857
-222.272
-227.502
-231.475
-234.147
-235.504
-235.559
