500.0
74
-42.3088
-42.1151
-41.4822
-40.4204
-38.9953
-37.3168
-35.5214
-33.7509
-32.1309
-30.7536
-29.6663
-28.8676
-28.3124
-27.9227
-27.6027
-27.2557
-26.7988
-26.1738
-25.3519
-24.333
-23.1386
-21.8027
-20.3604
-18.8383
-17.2481
-15.5848
-13.8299
-11.9581
-9.94678
-7.78537
-5.48316
-3.0731
-0.611165
1.82892
4.16468
6.31576
8.2147
9.8154
11.0976
12.0668
12.7492
13.1829
13.4083
13.4574
13.3471
13.0756
12.6242
11.9642
11.0666
9.91381
8.50967
6.8867
5.10771
3.26147
1.45251
-0.213354
-1.64543
-2.78357
-3.60959
-4.15239
-4.48545
-4.71657
-4.97123
-5.37222
-6.01864
-6.96804
-8.22466
-9.73606
-11.3989
-13.073
-14.6023
-15.8375
-16.6596
-16.9973
