500.0
187
-235.559
-234.338
-231.883
-228.236
-223.446
-217.559
-210.629
-202.717
-193.903
-184.293
-174.024
-163.267
-152.226
-141.131
-130.225
-119.748
-109.919
-100.918
-92.868
-85.8306
-79.7979
-74.6997
-70.414
-66.785
-63.6431
-60.8263
-58.1979
-55.6597
-53.1576
-50.6794
-48.2464
-45.8981
-43.6755
-41.604
-39.6794
-37.8605
-36.0681
-34.1925
-32.1068
-29.685
-26.8224
-23.4537
-19.5666
-15.209
-10.4874
-5.55729
-0.606837
4.16492
8.57102
12.4583
15.7246
18.3294
20.296
21.7062
22.6875
23.3956
23.9942
24.6353
25.4427
26.5001
27.8453
29.4707
31.3292
33.3442
35.4214
37.4613
39.3701
41.0671
42.4901
43.5962
44.36
44.7709
44.8285
44.5396
43.9152
42.9709
41.7272
40.2126
38.4671
36.5446
34.5161
32.4697
30.5101
28.7552
27.3316
26.369
25.9927
26.3181
27.4431
29.4437
32.3681
36.2341
41.0253
46.6904
53.142
60.2578
67.8831
75.8351
83.9093
91.8888
99.5549
106.7
113.139
118.727
123.363
127.004
129.666
131.425
132.404
132.77
132.709
132.414
132.064
131.803
131.73
131.886
132.253
132.759
133.283
133.673
133.764
133.396
132.434
130.782
128.392
125.272
121.484
117.133
112.36
107.323
102.182
97.0836
92.1478
87.4569
83.0527
78.936
75.0729
71.4032
67.8535
64.3494
60.8283
57.2491
53.5993
49.8971
46.1889
42.5432
39.0403
35.7606
32.772
30.1187
27.8124
25.8275
24.1015
22.5391
21.0218
19.4198
17.6066
15.4727
12.9385
9.96324
6.54981
2.74447
-1.36849
-5.67626
-10.0501
-14.3591
-18.4839
-22.328
-25.8256
-28.9457
-31.6908
-34.0927
-36.2042
-38.0893
-39.813
-41.4326
-42.9902
-44.509
-45.9919
-47.4237
-48.7749
-50.0065
-51.0762
-51.9424
-52.5685
-52.9245
-52.9884
