500.0
80
-27.332
-27.1484
-26.6912
-25.9963
-25.1032
-24.0505
-22.8716
-21.5914
-20.2234
-18.7701
-17.2236
-15.5699
-13.7937
-11.884
-9.84061
-7.67793
-5.42827
-3.14162
-0.882869
1.27359
3.25128
4.97995
6.40361
7.48701
8.21956
8.61599
8.71359
8.56651
8.2378
7.79066
7.28017
6.74677
6.21273
5.68184
5.14259
4.57389
3.95246
3.26036
2.4912
1.65388
0.772918
-0.114722
-0.965847
-1.73934
-2.40498
-2.95129
-3.39065
-3.76081
-4.12208
-4.55053
-5.12791
-5.93011
-7.01564
-8.41632
-10.1316
-12.1279
-14.3423
-16.692
-19.0861
-21.4389
-23.6832
-25.7801
-27.7249
-29.5472
-31.3059
-33.0788
-34.9495
-36.9923
-39.2586
-41.7662
-44.4926
-47.3754
-50.3168
-53.1941
-55.8734
-58.2248
-60.1369
-61.5291
-62.3591
-62.6263
