500.0
100
1.1987
1.62848
2.49881
3.67364
4.99556
6.30512
7.46031
8.35336
8.92242
9.15653
9.09314
8.80901
8.40578
7.99292
7.67052
7.5149
7.56904
7.83933
8.29878
8.89604
9.56835
10.2562
10.9169
11.5353
12.1287
12.7467
13.4647
14.373
15.5628
17.1116
19.0712
21.4583
24.2507
27.3894
30.7854
34.3306
37.9106
41.4183
44.765
47.8882
50.7554
53.3628
55.7303
57.8935
59.8937
61.7688
63.545
65.2314
66.8177
68.2751
69.5602
70.6202
71.3999
71.8483
71.9237
71.5981
70.8597
69.7131
68.1785
66.2894
64.0903
61.633
58.9744
56.1725
53.2845
50.3637
47.4572
44.6038
41.8317
39.1573
36.585
34.1071
31.7052
29.3533
27.0205
24.675
22.2874
19.8343
17.2994
14.6745
11.9583
9.1544
6.26832
3.30482
0.265773
-2.85063
-6.0488
-9.33299
-12.703
-16.1489
-19.6462
-23.1519
-26.6024
-29.9149
-32.9908
-35.7227
-38.003
-39.7339
-40.8362
-41.2577
