500.0
63
-18.5102
-18.2499
-17.6017
-16.6501
-15.4842
-14.1887
-12.8356
-11.4794
-10.1549
-8.87729
-7.64689
-6.45425
-5.28703
-4.13631
-3.00147
-1.89275
-0.831098
0.154641
1.03262
1.77406
2.35927
2.7826
3.05522
3.20527
3.27524
3.31686
3.38452
3.52812
3.78655
4.18296
4.7224
5.39231
6.16549
7.00515
7.87096
8.72497
9.53657
10.2854
10.9619
11.5657
12.1022
12.5775
12.9942
13.3473
13.6225
13.7961
13.8377
13.7147
13.3976
12.8654
12.1113
11.1449
9.99372
8.70136
7.32404
5.92528
4.57016
3.31976
2.22681
1.33301
0.668333
0.252046
0.0949212
